# Data associated with arXiv:2110.09653
# 
# Scale-free velocity distribution, f(E), of a nfw1-0 dark matter distribution (see Eq. 13 and the surrounding discussion)
# 
# Published: 3/29/22, Jack Runburg, contact: runburg@hawaii.edu
# 
# 
# -----------------------------------------------------------------
# 
# 	 tilde E 		 | 		 tilde f
# 
# -----------------------------------------------------------------
4.999966666916665389e-06	7.459600583921072998e+11
5.084478379848520133e-06	7.187508841068686523e+11
5.170418538380237103e-06	6.917087669451896973e+11
5.257811286247489841e-06	6.649442446405861816e+11
5.346681175254475793e-06	6.388587781794173584e+11
5.437053172170461109e-06	6.129285391143480225e+11
5.528952665743044882e-06	5.877756821015675049e+11
5.622405473829764064e-06	5.636550302548226318e+11
5.717437850650368380e-06	5.405242436933726807e+11
5.814076494161556732e-06	5.183426628369373169e+11
5.912348553556311299e-06	4.970713535448992920e+11
6.012281636890092608e-06	4.766729612732807007e+11
6.113903818835718394e-06	4.571116633150210571e+11
6.217243648569482587e-06	4.383531076230546875e+11
6.322330157790336408e-06	4.203643523831737061e+11
6.429192868874767520e-06	4.031138057602342529e+11
6.537861803169358463e-06	3.865711746311768799e+11
6.648367489423461276e-06	3.707074079030108643e+11
6.760740972364509928e-06	3.554946466299854736e+11
6.875013821418025459e-06	3.409061752556539917e+11
6.991218139575197122e-06	3.269163746175074463e+11
7.109386572410078358e-06	3.135006768822465210e+11
7.229552317249357952e-06	3.006355223918848877e+11
7.351749132496946804e-06	2.882983182760151978e+11
7.476011347116110273e-06	2.764673989246175537e+11
7.602373870271986220e-06	2.651219877621622009e+11
7.730872201136798597e-06	2.542421607870378418e+11
7.861542438860996313e-06	2.438088116763106384e+11
7.994421292712631486e-06	2.338036181377693787e+11
8.129546092388319461e-06	2.242090099771456299e+11
8.266954798498142129e-06	2.150081377385616150e+11
8.406686013227985160e-06	2.061848435175401306e+11
8.548778991181851114e-06	1.977236326070877686e+11
8.693273650407367130e-06	1.896096461389143372e+11
8.840210583607773705e-06	1.818286347802602234e+11
8.989631069543074562e-06	1.743669343326491699e+11
9.141577084624118599e-06	1.672114409641943665e+11
9.296091314702276993e-06	1.603495888856170959e+11
9.453217167058613503e-06	1.537693278284429321e+11
9.612998782595416028e-06	1.474591020301839600e+11
9.775481048233723190e-06	1.414078299258608398e+11
9.940709609520515284e-06	1.356048848410706787e+11
1.010873088344859859e-05	1.300400761971214142e+11
1.027959207149342332e-05	1.247036313337983246e+11
1.045334117286983528e-05	1.195861789298335724e+11
1.063002699801310167e-05	1.146787320970111542e+11
1.080969918228750567e-05	1.099726728049312592e+11
1.099240819992653692e-05	1.054597366803153534e+11
1.117820537820882136e-05	1.011319984028234406e+11
1.136714291187321589e-05	9.698185799636116028e+10
1.155927387777779437e-05	9.300202734725065613e+10
1.175465224980613839e-05	8.918551741998165894e+10
1.195333291402578298e-05	8.552562595537117004e+10
1.215537168410254933e-05	8.201592577284681702e+10
1.236082531697525195e-05	7.865025348502857971e+10
1.256975152879548660e-05	7.542269845550996399e+10
1.278220901113630196e-05	7.232759284820874023e+10
1.299825744747511860e-05	6.935950128505197144e+10
1.321795752995467803e-05	6.651321145749636078e+10
1.344137097642753938e-05	6.378372495050708771e+10
1.366856054778823194e-05	6.116624849581866455e+10
1.389959006559822183e-05	5.865618549454455566e+10
1.413452443000885472e-05	5.624912801226789856e+10
1.437342963798667918e-05	5.394084898933406067e+10
1.461637280184707133e-05	5.172729483521690369e+10
1.486342216810048756e-05	4.960457830522035217e+10
1.511464713661749462e-05	4.756897167136004639e+10
1.537011828011726139e-05	4.561690020498406219e+10
1.562990736398520920e-05	4.374493585454978180e+10
1.589408736642576378e-05	4.194979123774598694e+10
1.616273249895500106e-05	4.022831389572338104e+10
1.643591822723999556e-05	3.857748074452407837e+10
1.671372129228959242e-05	3.699439274322882080e+10
1.699621973200365411e-05	3.547626980969213104e+10
1.728349290308593824e-05	3.402044597139711380e+10
1.757562150332706111e-05	3.262436466102844238e+10
1.787268759426421128e-05	3.128557420024997711e+10
1.817477462422304780e-05	3.000172355150230026e+10
1.848196745174931501e-05	2.877055813900833511e+10
1.879435236943567596e-05	2.758991590561820602e+10
1.911201712815146941e-05	2.645772353575591660e+10
1.943505096168135325e-05	2.537199276964100266e+10
1.976354461178003762e-05	2.433081697911322784e+10
2.009759035365054134e-05	2.333236774878320694e+10
2.043728202185218871e-05	2.237489170056135559e+10
2.078271503664673591e-05	2.145670742379607773e+10
2.113398643078881015e-05	2.057620249244553757e+10
2.149119487676938607e-05	1.973183064259144974e+10
2.185444071451891654e-05	1.892210912606645203e+10
2.222382597957828299e-05	1.814561594974118423e+10
2.259945443174592069e-05	1.740098753643558121e+10
2.298143158420802039e-05	1.668691623255091667e+10
2.336986473316135082e-05	1.600214811198465157e+10
2.376486298793558662e-05	1.534548061374590874e+10
2.416653730162493697e-05	1.471576058804281616e+10
2.457500050223656920e-05	1.411188219006150246e+10
2.499036732436496882e-05	1.353278495855858803e+10
2.541275444140161076e-05	1.297745194724810791e+10
2.584228049828771092e-05	1.244490794476881409e+10
2.627906614482085254e-05	1.193421775904137421e+10
2.672323406952309370e-05	1.144448457815513611e+10
2.717490903408167601e-05	1.097484838567151070e+10
2.763421790837073341e-05	1.052448446395295334e+10
2.810128970606421306e-05	1.009260194000125504e+10
2.857625562085062336e-05	9.678442389436792374e+09
2.905924906325835707e-05	9.281278525214618683e+09
2.955040569810354992e-05	8.900412889436962128e+09
3.004986348256928359e-05	8.535176652270819664e+09
3.055776270492842870e-05	8.184928433386762619e+09
3.107424602391961469e-05	7.849053175232855797e+09
3.159945850878786966e-05	7.526961049920234680e+09
3.213354768000181271e-05	7.218086445436590195e+09
3.267666355065716646e-05	6.921886953977047920e+09
3.322895866858017631e-05	6.637842429712290764e+09
3.379058815914069431e-05	6.365454070758384705e+09
3.436170976878883234e-05	6.104243546467998505e+09
3.494248390932582350e-05	5.853752153924768448e+09
3.553307370292206147e-05	5.613540010339593887e+09
3.613364502789559918e-05	5.383185294924450874e+09
3.674436656526227426e-05	5.162283483780274391e+09
3.736540984607252474e-05	4.950446665675206184e+09
3.799694929954593365e-05	4.747302839283391953e+09
3.863916230201919628e-05	4.552495273813696861e+09
3.929222922671936179e-05	4.365681878433105469e+09
3.995633349437695205e-05	4.186534595199618340e+09
4.063166162469399425e-05	4.014738833462622643e+09
4.131840328867923901e-05	3.849992910766977787e+09
4.201675136186785710e-05	3.692007526540541172e+09
4.272690197843771037e-05	3.540505248441937923e+09
4.344905458624000492e-05	3.395220033242086411e+09
4.418341200275753338e-05	3.255896752942593575e+09
4.493018047200704733e-05	3.122290750589802742e+09
4.568956972240246990e-05	2.994167407109024048e+09
4.646179302559299591e-05	2.871301733904205322e+09
4.724706725629517504e-05	2.753477973906900406e+09
4.804561295313286925e-05	2.640489224424273968e+09
4.885765438050504076e-05	2.532137073486170769e+09
4.968341959149553272e-05	2.428231249048429489e+09
5.052314049184557140e-05	2.328589292305483818e+09
5.137705290500395853e-05	2.233036227278336048e+09
5.224539663827518096e-05	2.141404260182648420e+09
5.312841555008319825e-05	2.053532485317646980e+09
5.402635761836880425e-05	1.969266595083232403e+09
5.493947501014186737e-05	1.888458617104075432e+09
5.586802415220507831e-05	1.810966652021572590e+09
5.681226580307127569e-05	1.736654621846358299e+09
5.777246512609308585e-05	1.665392034112162828e+09
5.874889176382569358e-05	1.597053750518321514e+09
5.974181991364382470e-05	1.531519768150435209e+09
6.075152840463267969e-05	1.468675009064293623e+09
6.177830077577675227e-05	1.408409117228365898e+09
6.282242535546537078e-05	1.350616265770626068e+09
6.388419534233940450e-05	1.295194969929642200e+09
6.496390888750069685e-05	1.242047910266509056e+09
6.606186917810706832e-05	1.191081760753050327e+09
6.717838452237692454e-05	1.142207024782039881e+09
6.831376843602559397e-05	1.095337875264554739e+09
6.946833973016001236e-05	1.050392021621795297e+09
7.064242260065327545e-05	1.007290528512824774e+09
7.183634671902636821e-05	9.659577135833067894e+08
7.305044732486104498e-05	9.263209973214993477e+08
7.428506531976992219e-05	8.883107793524057865e+08
7.554054736295056326e-05	8.518603129394665956e+08
7.681724596834820786e-05	8.169055935064638853e+08
7.811551960345769290e-05	7.833852412213486433e+08
7.943573278978744183e-05	7.512403951794401407e+08
8.077825620501836014e-05	7.204146105193083286e+08
8.214346678688167923e-05	6.908537578063355684e+08
8.353174783878771891e-05	6.625059300027550459e+08
8.494348913723383937e-05	6.353213492155362368e+08
8.637908704102024591e-05	6.092522799678323269e+08
8.783894460230737896e-05	5.842529484620013237e+08
8.932347167954070668e-05	5.602794552106058598e+08
9.083308505228021698e-05	5.372897046100292206e+08
9.236820853796081927e-05	5.152433282446562648e+08
9.392927311062019375e-05	4.941016139441460967e+08
9.551671702162569267e-05	4.738274384153538346e+08
9.713098592243203351e-05	4.543852014795482755e+08
9.877253298940824632e-05	4.357407641987162232e+08
1.004418190507626741e-04	4.178613883171511889e+08
1.021393127156075515e-04	4.007156791497144103e+08
1.038654905051929363e-04	3.842735301872789860e+08
1.056208369863511666e-04	3.685060706807463765e+08
1.074058449071861317e-04	3.533856142586749792e+08
1.092210153350457638e-04	3.388856111157161593e+08
1.110668577968167560e-04	3.249806004660223126e+08
1.129438904215777852e-04	3.116461666888767481e+08
1.148526400856553816e-04	2.988588960209925175e+08
1.167936425601170578e-04	2.865963354138699770e+08
1.187674426607472058e-04	2.748369532886807323e+08
1.207745944005445107e-04	2.635601016243558526e+08
1.228156611447842603e-04	2.527459797490288615e+08
1.248912157686886903e-04	2.423755992851862013e+08
1.270018408177465497e-04	2.324307514690594077e+08
1.291481286707312599e-04	2.228939745737693608e+08
1.313306817054566019e-04	2.137485232620229721e+08
1.335501124673205522e-04	2.049783395502831042e+08
1.358070438406815692e-04	1.965680244331212640e+08
1.381021092231148463e-04	1.885028106917080879e+08
1.404359527025981331e-04	1.807685371357883811e+08
1.428092292376724178e-04	1.733516236881842315e+08
1.452226048406331444e-04	1.662390476717890501e+08
1.476767567637959021e-04	1.594183205996538103e+08
1.501723736888928296e-04	1.528774665717388988e+08
1.527101559196495804e-04	1.466050010531462431e+08
1.552908155775968710e-04	1.405899109285793006e+08
1.579150768011707646e-04	1.348216348810805678e+08
1.605836759481537907e-04	1.292900450242344439e+08
1.632973618015188849e-04	1.239854291254679710e+08
1.660568957787249159e-04	1.188984734316807240e+08
1.688630521445276544e-04	1.140202464084640592e+08
1.717166182273617808e-04	1.093421830213861018e+08
1.746183946393538571e-04	1.048560697382259816e+08
1.775691955000281469e-04	1.005540300268655717e+08
1.805698486637626087e-04	9.642851073929636180e+07
1.836211959510650757e-04	9.247226816275407374e+07
1.867240933837241033e-04	8.867835657335375249e+07
1.898794114239063123e-04	8.504011478494299948e+07
1.930880352172620004e-04	8.155115501603235304e+07
1.963508648401065951e-04	7.820535172480267286e+07
1.996688155507472557e-04	7.499683062412224710e+07
2.030428180450184826e-04	7.191995855391043425e+07
2.064738187161059644e-04	6.896933347469590604e+07
2.099627799187183731e-04	6.613977498612871766e+07
2.135106802376891821e-04	6.342631539124274254e+07
2.171185147610761351e-04	6.082419069523248076e+07
2.207872953578353967e-04	5.832883246823761612e+07
2.245180509601469850e-04	5.593585973402313143e+07
2.283118278504634498e-04	5.364107130284983665e+07
2.321696899533706737e-04	5.144043835318478942e+07
2.360927191323271214e-04	4.933009741045019031e+07
2.400820154913739133e-04	4.730634354543869942e+07
2.441386976818912900e-04	4.536562378688157350e+07
2.482639032144876088e-04	4.350453103981754184e+07
2.524587887761063892e-04	4.171979801666644216e+07
2.567245305524329911e-04	4.000829142732468992e+07
2.610623245556987246e-04	3.836700665033185482e+07
2.654733869579571702e-04	3.679306228956034034e+07
2.699589544299391001e-04	3.528369520345748961e+07
2.745202844855641148e-04	3.383625563750761002e+07
2.791586558322111289e-04	3.244820257534800097e+07
2.838753687268419216e-04	3.111709925458179787e+07
2.886717453380665491e-04	2.984060890947145596e+07
2.935491301142636469e-04	2.861649066859751195e+07
2.985088901578362855e-04	2.744259561011463776e+07
3.035524156057246500e-04	2.631686297958920896e+07
3.086811200162599997e-04	2.523731659758467227e+07
3.138964407624783592e-04	2.420206136071509495e+07
3.191998394319943378e-04	2.320927995558997244e+07
3.245928022335382922e-04	2.225722961433132365e+07
3.300768404102812992e-04	2.134423906448022276e+07
3.356534906600379289e-04	2.046870568011628091e+07
3.413243155624835876e-04	1.962909254175076634e+07
3.470909040134793487e-04	1.882392577796214819e+07
3.529548716666380619e-04	1.805179205456284806e+07
3.589178613822402138e-04	1.731133599851808697e+07
3.649815436836249295e-04	1.660125785159680061e+07
3.711476172211778703e-04	1.592031120583658293e+07
3.774178092440349098e-04	1.526730074971663393e+07
3.837938760796410186e-04	1.464108028762622923e+07
3.902776036212757564e-04	1.404055060895891860e+07
3.968708078236900076e-04	1.346465762796635740e+07
4.035753352069784239e-04	1.291239049525685981e+07
4.103930633688248350e-04	1.238277985161416605e+07
4.173259015052585932e-04	1.187489611432347633e+07
4.243757909400526040e-04	1.138784783223820105e+07
4.315447056629209059e-04	1.092078014141897857e+07
4.388346528766370099e-04	1.047287325629750453e+07
4.462476735532370955e-04	1.004334102429735102e+07
4.537858429994455923e-04	9.631429553764482960e+06
4.614512714314750988e-04	9.236415884886901826e+06
4.692461045593572522e-04	8.857606725802320987e+06
4.771725241809475536e-04	8.494337228310031816e+06
4.852327487857809843e-04	8.145969827481472865e+06
4.934290341689138819e-04	7.811893113618414849e+06
5.017636740549350372e-04	7.491520768184012733e+06
5.102390007322968237e-04	7.184290535361418501e+06
5.188573856981406988e-04	6.889663219083138742e+06
5.276212403137819310e-04	6.607121753199701197e+06
5.365330164710311982e-04	6.336170288334647194e+06
5.455952072695193205e-04	6.076333316456493922e+06
5.548103477052123691e-04	5.827154846139055677e+06
5.641810153702900808e-04	5.588197590136303566e+06
5.737098311645750376e-04	5.359042219226133078e+06
5.833994600186936724e-04	5.139286558649743907e+06
5.932526116291626317e-04	4.928545009841664694e+06
6.032720412055894710e-04	4.726447746112100780e+06
6.134605502301789361e-04	4.532640128726893105e+06
6.238209872297490952e-04	4.346782067750878632e+06
6.343562485604500910e-04	4.168547428900303319e+06
6.450692792053947661e-04	3.997623457319504116e+06
6.559630735854016280e-04	3.833710234387840144e+06
6.670406763830648289e-04	3.676520140971463174e+06
6.783051833803593238e-04	3.525777365027051885e+06
6.897597423100013028e-04	3.381217408212950453e+06
7.014075537207746644e-04	3.242586624687967822e+06
7.132518718570551169e-04	3.109641775511857122e+06
7.252960055527524338e-04	2.982149602356554940e+06
7.375433191398972441e-04	2.859886415348269511e+06
7.499972333721088239e-04	2.742637704848995432e+06
7.626612263631753642e-04	2.630197762071040459e+06
7.755388345409922881e-04	2.522369316019189078e+06
7.886336536170855411e-04	2.418963191311427392e+06
8.019493395719871085e-04	2.319797973858810030e+06
8.154896096566942396e-04	2.224699692491910420e+06
8.292582434104725855e-04	2.133501514017709531e+06
8.432590836952606403e-04	2.046043449766981415e+06
8.574960377469322253e-04	1.962172075084040407e+06
8.719730782436861151e-04	1.881740260163738858e+06
8.866942443918196526e-04	1.804606911393057089e+06
9.016636430291738837e-04	1.730636723345478065e+06
9.168854497465110708e-04	1.659699944487313973e+06
9.323639100271108142e-04	1.591672142572723329e+06
9.481033404048684089e-04	1.526433992905012332e+06
9.641081296411751610e-04	1.463871065724433167e+06
9.803827399208868421e-04	1.403873626030524028e+06
9.969317080676515491e-04	1.346336440976518206e+06
1.013759646778922881e-03	1.291158595113706542e+06
1.030871245880940435e-03	1.238243311018846696e+06
1.048271273603998324e-03	1.187497785461994587e+06
1.065964577878302259e-03	1.138833020538624143e+06
1.083956087650744153e-03	1.092163668314976851e+06
1.102250814222902791e-03	1.047407883676480153e+06
1.120853852610594536e-03	1.004487179485442583e+06
1.139770382925316258e-03	9.633262875601149863e+05
1.159005671777897477e-03	9.238530282748145983e+05
1.178565073704708260e-03	8.859981827801215695e+05
1.198454032616761344e-03	8.496953718146944884e+05
1.218678083272056734e-03	8.148809395233844407e+05
1.239242852771515503e-03	7.814938410628073616e+05
1.260154062078868396e-03	7.494755360259447480e+05
1.281417527564838142e-03	7.187698858052559663e+05
1.303039162576007104e-03	6.893230545739230001e+05
1.325024979028716771e-03	6.610834146382014733e+05
1.347381089028385067e-03	6.340014567492951173e+05
1.370113706514614667e-03	6.080297023710317444e+05
1.393229148932475896e-03	5.831226202463596128e+05
1.416733838930358006e-03	5.592365475575358141e+05
1.440634306084765705e-03	5.363296126325400546e+05
1.464937188652478328e-03	5.143616605676918989e+05
1.489649235350457663e-03	4.932941846192803350e+05
1.514777307163920955e-03	4.730902567678193445e+05
1.540328379182981551e-03	4.537144644159909221e+05
1.566309542468285023e-03	4.351328473081541015e+05
1.592728005946055132e-03	4.173128382254811004e+05
1.619591098332963603e-03	4.002232059555478627e+05
1.646906270091287507e-03	3.838340003415155807e+05
1.674681095414752834e-03	3.681164996390587185e+05
1.702923274245530432e-03	3.530431602783025592e+05
1.731640634322816931e-03	3.385875684885179508e+05
1.760841133263454277e-03	3.247243937987065292e+05
1.790532860675051905e-03	3.114293450883533224e+05
1.820724040302044815e-03	2.986791271925853216e+05
1.851423032205189731e-03	2.864514006417374476e+05
1.882638334974937174e-03	2.747247422515336657e+05
1.914378587979173596e-03	2.634786073654767824e+05
1.946652573645797852e-03	2.526932943354250165e+05
1.979469219780630521e-03	2.423499089004179114e+05
2.012837601921134856e-03	2.324303326044924906e+05
2.046766945726440513e-03	2.229171895906192658e+05
2.081266629404178534e-03	2.137938167299749330e+05
2.116346186174620277e-03	2.050442344209019502e+05
2.152015306772636118e-03	1.966531182983523759e+05
2.188283841987973335e-03	1.886057725960642274e+05
2.225161805244380529e-03	1.808881042362077569e+05
2.262659375218096375e-03	1.734865980967690703e+05
2.300786898496226182e-03	1.663882935876349802e+05
2.339554892275523199e-03	1.595807607809046167e+05
2.378974047102136707e-03	1.530520807890368160e+05
2.419055229652839964e-03	1.467908227922641963e+05
2.459809485558280516e-03	1.407860244514386868e+05
2.501248042268815371e-03	1.350271737655268807e+05
2.543382311963456217e-03	1.295041892876187922e+05
2.586223894502510164e-03	1.242074031527333864e+05
2.629784580424420794e-03	1.191275439480866771e+05
2.674076353987432739e-03	1.142557204066158447e+05
2.719111396256591526e-03	1.095834059490307118e+05
2.764902088236675416e-03	1.051024235785639030e+05
2.811461014051608743e-03	1.008049316322639061e+05
2.858800964170942187e-03	9.668341003614309011e+04
2.906934938683986783e-03	9.273064697257685475e+04
2.955876150622129862e-03	8.893972641694943013e+04
3.005638029329979130e-03	8.530401592788347625e+04
3.056234223885872202e-03	8.181715500156623602e+04
3.107678606572350077e-03	7.847304390220774803e+04
3.159985276397182623e-03	7.526583303279432585e+04
3.213168562665521134e-03	7.218991263838803570e+04
3.267243028603802890e-03	6.923990294962529151e+04
3.322223475035931180e-03	6.641064479033283715e+04
3.378124944112401249e-03	6.369719046473686467e+04
3.434962723092902133e-03	6.109479520859048353e+04
3.492752348183018451e-03	5.859890869574193493e+04
3.551509608425611111e-03	5.620516720410004928e+04
3.611250549647474547e-03	5.390938590476936224e+04
3.671991478461853354e-03	5.170755152770262794e+04
3.733748966327428941e-03	4.959581532397842238e+04
3.796539853664322207e-03	4.757048632125105360e+04
3.860381254027754529e-03	4.562802487570068479e+04
3.925290558339900038e-03	4.376503642857479281e+04
3.991285439180562375e-03	4.197826556234362215e+04
4.058383855137193304e-03	4.026459033325463679e+04
4.126604055214891549e-03	3.862101678484475269e+04
4.195964583306927009e-03	3.704467358503561263e+04
4.266484282726319861e-03	3.553280722371208685e+04
4.338182300799122912e-03	3.408277698785281973e+04
4.411078093519890317e-03	3.269205040669137816e+04
4.485191430269911197e-03	3.135819882403220981e+04
4.560542398598765867e-03	3.007889310043727528e+04
4.637151409069718150e-03	2.885189957819573101e+04
4.715039200169507567e-03	2.767507613271900482e+04
4.794226843283010651e-03	2.654636846050080931e+04
4.874735747733349896e-03	2.546380640149837564e+04
4.956587665887910929e-03	2.442550056830081303e+04
5.039804698330780514e-03	2.342963899593708993e+04
5.124409299102074614e-03	2.247448398252656989e+04
5.210424281004633583e-03	2.155836901752491394e+04
5.297872820978583204e-03	2.067969588368012410e+04
5.386778465544102452e-03	1.983693187706806202e+04
5.477165136312965241e-03	1.902860705866876378e+04
5.569057135569160585e-03	1.825331175964135400e+04
5.662479151919060441e-03	1.750969404533368652e+04
5.757456266011490818e-03	1.679645738236084799e+04
5.854013956328057468e-03	1.611235836145366375e+04
5.952178105044143332e-03	1.545620451447397318e+04
6.051975003960772918e-03	1.482685221216433092e+04
6.153431360507820649e-03	1.422320470624274640e+04
6.256574303818693283e-03	1.364421016513022732e+04
6.361431390876852443e-03	1.308885984077656212e+04
6.468030612734359391e-03	1.255618631771544642e+04
6.576400400802664969e-03	1.204526180591276716e+04
6.686569633215858066e-03	1.155519651952640561e+04
6.798567641266498388e-03	1.108513711919427260e+04
6.912424215914129803e-03	1.063426522148057848e+04
7.028169614366678968e-03	1.020179595414007053e+04
7.145834566734678497e-03	9.786976602441145587e+03
7.265450282758440480e-03	9.389085275229825129e+03
7.387048458608112649e-03	9.007429635045886243e+03
7.510661283756599020e-03	8.641345715047316844e+03
7.636321447925318098e-03	8.290196736206356945e+03
7.764062148102538440e-03	7.953371982760710125e+03
7.893917095634299386e-03	7.630285758515480666e+03
8.025920523387616856e-03	7.320376347845054624e+03
8.160107192985705318e-03	7.023105031926449556e+03
8.296512402114996493e-03	6.737955153384364166e+03
8.435171991903543665e-03	6.464431203657964033e+03
8.576122354370468992e-03	6.202057964128947788e+03
8.719400439945918652e-03	5.950379672262503846e+03
8.865043765061114689e-03	5.708959218743661950e+03
9.013090419807901627e-03	5.477377391923611867e+03
9.163579075667151186e-03	5.255232139178963735e+03
9.316548993305355519e-03	5.042137864639179497e+03
9.472040030438669961e-03	4.837724756559389789e+03
9.630092649763596913e-03	4.641638136303622559e+03
9.790747926953367181e-03	4.453537843905558475e+03
9.954047558719158334e-03	4.273097640317195328e+03
1.012003387093506068e-02	4.100004635683378183e+03
1.028874982682569453e-02	3.933958745172220006e+03
1.046023903521530775e-02	3.774672159046883280e+03
1.063454575883707696e-02	3.621868864935961028e+03
1.081171492270131644e-02	3.475284109593669200e+03
1.099179212252098491e-02	3.334663995218330456e+03
1.117482363319323262e-02	3.199765006409614216e+03
1.136085641733512903e-02	3.070353588543916885e+03
1.154993813387194569e-02	2.946205740878921461e+03
1.174211714667623349e-02	2.827106626831793164e+03
1.193744253325563880e-02	2.712850196254687035e+03
1.213596409348752583e-02	2.603238826720290490e+03
1.233773235839833414e-02	2.498082979147760852e+03
1.254279859898513837e-02	2.397200864749371249e+03
1.275121483507743979e-02	2.300418128267622251e+03
1.296303384423637926e-02	2.207567546193563430e+03
1.317830917068892223e-02	2.118488730188615136e+03
1.339709513429422801e-02	2.033027851816421162e+03
1.361944683953933595e-02	1.951037370254613734e+03
1.384542018456121071e-02	1.872375775535675757e+03
1.407507187019186277e-02	1.796907344655699717e+03
1.430845940902345827e-02	1.724501901701280303e+03
1.454564113448984612e-02	1.655034590125887689e+03
1.478667620996094133e-02	1.588385658148770290e+03
1.503162463784624148e-02	1.524440246405086555e+03
1.528054726870357698e-02	1.463088190315691691e+03
1.553350581034908078e-02	1.404223826521516457e+03
1.579056283696397833e-02	1.347745809251239280e+03
1.605178179819399809e-02	1.293556932093068781e+03
1.631722702823676374e-02	1.241563961549265514e+03
1.658696375491229211e-02	1.191677471532372238e+03
1.686105810871183636e-02	1.143811688899236970e+03
1.713957713181971793e-02	1.097884343007225198e+03
1.742258878710317357e-02	1.053816527878877878e+03
1.771016196706413914e-02	1.011532552632148281e+03
1.800236650274783870e-02	9.709598207599267425e+02
1.829927317260179181e-02	9.320287005557604516e+02
1.860095371127933397e-02	8.946724020689564441e+02
1.890748081838112410e-02	8.588268622344864980e+02
1.921892816712816518e-02	8.244306331557133944e+02
1.953537041295945811e-02	7.914247744689538422e+02
1.985688320204717638e-02	7.597527517196913323e+02
2.018354317972221451e-02	7.293603376239544787e+02
2.051542799880247056e-02	7.001955174738162668e+02
2.085261632781609462e-02	6.722083987416721129e+02
2.119518785911173389e-02	6.453511245112711094e+02
2.154322331684740618e-02	6.195777901495287097e+02
2.189680446484955703e-02	5.948443631821854751e+02
2.225601411433347429e-02	5.711086072365789050e+02
2.262093613147580715e-02	5.483300080902500895e+02
2.299165544483017937e-02	5.264697043733111741e+02
2.336825805257599503e-02	5.054904178503894627e+02
2.375083102959067022e-02	4.853563908890056382e+02
2.413946253433498640e-02	4.660333233452703894e+02
2.453424181554127864e-02	4.474883130415639130e+02
2.493525921869353332e-02	4.296897985934346593e+02
2.534260619228828615e-02	4.126075048045964309e+02
2.575637529386515939e-02	3.962123901821212257e+02
2.617666019579523856e-02	3.804765960819880206e+02
2.660355569081528787e-02	3.653733984912912547e+02
2.703715769729560583e-02	3.508771632006639720e+02
2.747756326422884712e-02	3.369632979209439441e+02
2.792487057592713331e-02	3.236082130811850561e+02
2.837917895641372049e-02	3.107892791807350932e+02
2.884058887349634157e-02	2.984847879084220494e+02
2.930920194250789465e-02	2.866739146878045972e+02
2.978512092970045030e-02	2.753366822486377714e+02
3.026844975527814841e-02	2.644539264154752800e+02
3.075929349605400001e-02	2.540072626777409539e+02
3.125775838771575887e-02	2.439790544141449118e+02
3.176395182668485112e-02	2.343523823816685194e+02
3.227798237155331956e-02	2.251110152301116329e+02
3.279995974408198012e-02	2.162393822883360315e+02
3.332999482974389333e-02	2.077225445120693905e+02
3.386819967779610557e-02	1.995461718772296535e+02
3.441468750086272566e-02	1.916965156312272427e+02
3.496957267401194086e-02	1.841603861355022218e+02
3.553297073330955597e-02	1.769251295708477301e+02
3.610499837383043115e-02	1.699786061139150490e+02
3.668577344711040217e-02	1.633091691223546889e+02
3.727541495801962868e-02	1.569056449706530145e+02
3.787404306103847595e-02	1.507573135087054368e+02
3.848177905591713965e-02	1.448538899125273929e+02
3.909874538269933475e-02	1.391855070355960322e+02
3.972506561609074477e-02	1.337426974206554462e+02
4.036086445915171295e-02	1.285163786699004902e+02
4.100626773629474642e-02	1.234978361701874832e+02
4.166140238556613473e-02	1.186787091176830415e+02
4.232639645019087987e-02	1.140509755544797912e+02
4.300137906936056520e-02	1.096069387846438161e+02
4.368648046824279846e-02	1.053392141057768612e+02
4.438183194719144686e-02	1.012407161563074283e+02
4.508756587013564715e-02	9.730464653513763551e+01
4.580381565212707229e-02	9.352448230434616505e+01
4.653071574602301447e-02	8.989396473414001321e+01
4.726840162828389869e-02	8.640708848609047266e+01
4.801700978386347352e-02	8.305809135100059848e+01
4.877667769016994642e-02	7.984144432257436108e+01
4.954754380007499182e-02	7.675184212236767678e+01
5.032974752395113355e-02	7.378419413971977292e+01
5.112342921071228591e-02	7.093361555536912988e+01
5.192873012783884301e-02	6.819541919657608275e+01
5.274579244036276676e-02	6.556510731426031668e+01
5.357475918879224530e-02	6.303836395354803557e+01
5.441577426595459871e-02	6.061104751264283408e+01
5.526898239273405483e-02	5.827918375492551206e+01
5.613452909268592389e-02	5.603895890332718466e+01
5.701256066550250412e-02	5.388671315653359528e+01
5.790322415931339201e-02	5.181893448095014776e+01
5.880666734179674365e-02	4.983225251263873190e+01
5.972303867008228739e-02	4.792343287586835743e+01
6.065248725942719993e-02	4.608937163300746676e+01
6.159516285064247504e-02	4.432709003232869094e+01
6.255121577625441520e-02	4.263372927591836259e+01
6.352079692537829225e-02	4.100654591987237296e+01
6.450405770729054911e-02	3.944290693957753291e+01
6.550115001367814993e-02	3.794028530350781381e+01
6.651222617955018790e-02	3.649625581259805784e+01
6.753743894279565230e-02	3.510849085268005609e+01
6.857694140236988978e-02	3.377475636253331714e+01
6.963088697509772773e-02	3.249290826409880140e+01
7.069942935107607906e-02	3.126088863315151656e+01
7.178272244766617516e-02	3.007672217058902220e+01
7.288092036206052227e-02	2.893851311317646946e+01
7.399417732241425627e-02	2.784444170614754910e+01
7.512264763753227770e-02	2.679276133962080664e+01
7.626648564509948269e-02	2.578179543745164892e+01
7.742584565845038458e-02	2.480993477169148775e+01
7.860088191186698214e-02	2.387563457628326447e+01
7.979174850440370892e-02	2.297741207855006351e+01
8.099859934223080371e-02	2.211384389723923860e+01
8.222158807949754566e-02	2.128356369011960680e+01
8.346086805771056605e-02	2.048525982230687603e+01
8.471659224362840246e-02	1.971767316928999136e+01
8.598891316567583432e-02	1.897959498281797863e+01
8.727798284887720859e-02	1.826986486141950294e+01
8.858395274831830368e-02	1.758736879388119334e+01
8.990697368113878540e-02	1.693103729772277077e+01
9.124719575706830010e-02	1.629984359550659079e+01
9.260476830751233901e-02	1.569280192088354120e+01
9.397983981320226499e-02	1.510896583472343124e+01
9.537255783042432322e-02	1.454742667482673291e+01
9.678306891584087523e-02	1.400731196071619067e+01
9.821151854992610231e-02	1.348778404659104524e+01
9.965805105903202676e-02	1.298803861257971626e+01
1.011228095361119128e-01	1.250730337559958727e+01
1.026059357601223909e-01	1.204483677632673277e+01
1.041075701141321308e-01	1.159992676362897157e+01
1.056278515021687736e-01	1.117188957986535058e+01
1.071669172648314211e-01	1.076006864424720355e+01
1.087249030937078448e-01	1.036383344548085006e+01
1.103019429446278066e-01	9.982578500622190987e+00
1.118981689497965670e-01	9.615722339423848908e+00
1.135137113288462313e-01	9.262706558945577484e+00
1.151486982988499941e-01	8.922994859584793659e+00
1.168032559833485917e-01	8.596072194275581779e+00
1.184775083204328699e-01	8.281443902441422367e+00
1.201715769699404773e-01	7.978634874891866957e+00
1.218855812198147981e-01	7.687188796959434356e+00
1.236196378916892824e-01	7.406667372231621194e+00
1.253738612457518942e-01	7.136649609870785227e+00
1.271483628849536807e-01	6.876731131212262760e+00
1.289432516586287158e-01	6.626523492762391498e+00
1.307586335655874510e-01	6.385653568079159292e+00
1.325946116567603972e-01	6.153762915017003010e+00
1.344512859374574487e-01	5.930507197712019618e+00
1.363287532693251147e-01	5.715555616224786917e+00
1.382271072720732685e-01	5.508590373162981280e+00
1.401464382250547924e-01	5.309306143146906187e+00
1.420868329687815235e-01	5.117409588821834276e+00
1.440483748064565472e-01	4.932618864646868495e+00
1.460311434056170976e-01	4.754663169552462598e+00
1.480352146999694418e-01	4.583282301110428669e+00
1.500606607915155599e-01	4.418226235741856911e+00
1.521075498530579662e-01	4.259254723272328569e+00
1.541759460311819263e-01	4.106136891434800873e+00
1.562659093498143525e-01	3.958650879556847801e+00
1.583774956144528845e-01	3.816583470710756654e+00
1.605107563171734864e-01	3.679729758496474545e+00
1.626657385425112345e-01	3.547892809035359196e+00
1.648424848743269278e-01	3.420883346538084346e+00
1.670410333037571082e-01	3.298519442682116942e+00
1.692614171383580723e-01	3.180626237519468269e+00
1.715036649125532553e-01	3.067035647769511542e+00
1.737678002994863524e-01	2.957586100921881123e+00
1.760538420243978053e-01	2.852122279003813876e+00
1.783618037796258771e-01	2.750494867444472913e+00
1.806916941413511113e-01	2.652560321000554833e+00
1.830435164881882293e-01	2.558180632037762692e+00
1.854172689217392922e-01	2.467223112299800292e+00
1.878129441892205376e-01	2.379560183463134582e+00
1.902305296082681396e-01	2.295069175884023593e+00
1.926700069940402160e-01	2.213632130397735764e+00
1.951313525887157785e-01	2.135135617776355410e+00
1.976145369935097262e-01	2.059470557731660989e+00
2.001195251032997779e-01	1.986532046942197649e+00
2.026462760439835253e-01	1.916219193260603193e+00
2.051947431126611709e-01	1.848434963332945546e+00
2.077648737207511698e-01	1.783086024870467634e+00
2.103566093401439963e-01	1.720082603891183837e+00
2.129698854524842977e-01	1.659338344925864295e+00
2.156046315016901804e-01	1.600770175573856369e+00
2.182607708497935062e-01	1.544298180086798311e+00
2.209382207362031170e-01	1.489845474334401176e+00
2.236368922404732840e-01	1.437338085840943913e+00
2.263566902486664201e-01	1.386704842153338557e+00
2.290975134233963761e-01	1.337877261306396726e+00
2.318592541776249571e-01	1.290789444413107390e+00
2.346417986522962296e-01	1.245377977999566843e+00
2.374450266978720692e-01	1.201581834836924489e+00
2.402688118598469147e-01	1.159342282732010343e+00
2.431130213682974606e-01	1.118602793422936337e+00
2.459775161315311542e-01	1.079308959046654470e+00
2.488621507338916461e-01	1.041408408487828119e+00
2.517667734377634359e-01	1.004850728218629197e+00
2.546912261898335861e-01	9.695873884908485785e-01
2.576353446316387297e-01	9.355716664959417006e-01
2.605989581144456113e-01	9.027585825059041280e-01
2.635818897184860066e-01	8.711048246164467823e-01
2.665839562765766613e-01	8.405686937938275927e-01
2.696049684021459281e-01	8.111100342592528767e-01
2.726447305216750383e-01	7.826901769422668353e-01
2.757030409115717728e-01	7.552718829945780366e-01
2.787796917394710361e-01	7.288192879272519242e-01
2.818744691099688837e-01	7.032978489909947895e-01
2.849871531147746828e-01	6.786742949309955142e-01
2.881175178872698028e-01	6.549165780242821588e-01
2.912653316614586263e-01	6.319938261209494534e-01
2.944303568352750200e-01	6.098762977912720595e-01
2.976123500382263920e-01	5.885353405643377611e-01
3.008110622033254300e-01	5.679433491602146056e-01
3.040262386432784347e-01	5.480737261295253182e-01
3.072576191308720173e-01	5.289008411307163371e-01
3.105049379835078116e-01	5.103999976996782539e-01
3.137679241518293582e-01	4.925473961974747295e-01
3.170463013123658857e-01	4.753200824568177829e-01
3.203397879641334822e-01	4.586959873086918216e-01
3.236480975291052831e-01	4.426537864744626294e-01
3.269709384564816745e-01	4.271729436994998186e-01
3.303080143306630911e-01	4.122336635054219545e-01
3.336590239828384763e-01	3.978168634277575721e-01
3.370236616060953150e-01	3.839041474058886294e-01
3.404016168739422143e-01	3.704777802242784635e-01
3.437925750621483312e-01	3.575206628161361477e-01
3.471962171737781877e-01	3.450163087286242103e-01
3.506122200673188471e-01	3.329488213420132570e-01
3.540402565877723284e-01	3.213028720067516164e-01
3.574799957005932449e-01	3.100636790866173054e-01
3.609311026283519297e-01	2.992169877434049940e-01
3.643932389899825486e-01	2.887490505248810901e-01
3.678660629424967965e-01	2.786466087091579724e-01
3.713492293250156284e-01	2.688968743902448444e-01
3.748423898049931813e-01	2.594875131532384804e-01
3.783451930264813967e-01	2.504066275495179239e-01
3.818572847603001197e-01	2.416427411186657936e-01
3.853783080559691765e-01	2.331847829949350026e-01
3.889079033952466125e-01	2.250220732179464278e-01
3.924457088471401400e-01	2.171443084842132887e-01
3.959913602242279285e-01	2.095415485157046953e-01
3.995444912401513449e-01	2.022042028807952141e-01
4.031047336681213289e-01	1.951230183710875865e-01
4.066717175002894646e-01	1.882890668542294976e-01
4.102450711078367007e-01	1.816937335219846461e-01
4.138244214016199574e-01	1.753287056698027147e-01
4.174093939932375097e-01	1.691859618164053558e-01
4.209996133563486120e-01	1.632577612971933545e-01
4.245947029881144141e-01	1.575366341890091781e-01
4.281942855705941353e-01	1.520153716550122769e-01
4.317979831319656014e-01	1.466870166448547563e-01
4.354054172074121043e-01	1.415448549030376701e-01
4.390162089995359174e-01	1.365824063711129355e-01
4.426299795381616331e-01	1.317934168214046908e-01
4.462463498393757222e-01	1.271718499332973595e-01
4.498649410636818557e-01	1.227118795054675388e-01
4.534853746731177804e-01	1.184078820693399564e-01
4.571072725872208364e-01	1.142544297338436571e-01
4.607302573376936272e-01	1.102462832851279356e-01
4.643539522216543203e-01	1.063783855391125660e-01
4.679779814533490678e-01	1.026458549716955243e-01
4.716019703141942632e-01	9.904397951907212283e-02
4.752255453010476027e-01	9.556821066793097508e-02
4.788483342725792791e-01	9.221415770412733082e-02
4.824699665936473814e-01	8.897758221366117160e-02
4.860900732775612632e-01	8.585439274117012687e-02
4.897082871261341785e-01	8.284063968559007840e-02
4.933242428674334823e-01	7.993251034323189952e-02
4.969375772911218125e-01	7.712632413236063245e-02
5.005479293813142050e-01	7.441852801622815539e-02
5.041549404468519402e-01	7.180569204798901983e-02
5.077582542489246231e-01	6.928450511362943542e-02
5.113575171259536756e-01	6.685177081542388600e-02
5.149523781156692959e-01	6.450440345250819940e-02
5.185424890743159931e-01	6.223942423897110832e-02
5.221275047929140323e-01	6.005395758195004874e-02
5.257070831105292719e-01	5.794522747630504594e-02
5.292808850244846708e-01	5.591055413616998621e-02
5.328485747974748277e-01	5.394735060133292598e-02
5.364098200615269318e-01	5.205311956226108677e-02
5.399642919187737089e-01	5.022545026800116774e-02
5.435116650390008353e-01	4.846201551854479456e-02
5.470516177539286318e-01	4.676056881749061228e-02
5.505838321482122710e-01	4.511894154863733269e-02
5.541079941471206416e-01	4.353504034105468851e-02
5.576237936008883178e-01	4.200684440650125084e-02
5.611309243657136570e-01	4.053240312277165552e-02
5.646290843813944749e-01	3.910983354828680147e-02
5.681179757455983026e-01	3.773731813955578246e-02
5.715973047847501265e-01	3.641310246414600910e-02
5.750667821215531550e-01	3.513549303694232101e-02
5.785261227391300665e-01	3.390285525400784511e-02
5.819750460418040561e-01	3.271361131517529219e-02
5.854132759125209029e-01	3.156623830515373208e-02
5.888405407669298208e-01	3.045926629257314847e-02
5.922565736041413009e-01	2.939127649802700595e-02
5.956611120541752680e-01	2.836089955374087451e-02
5.990538984221326357e-01	2.736681377254175651e-02
6.024346797291053601e-01	2.640774353751388151e-02
6.058032077498631818e-01	2.548245769129640209e-02
6.091592390473425933e-01	2.458976801196151307e-02
6.125025350039730032e-01	2.372852774013469584e-02
6.158328618498827289e-01	2.289763013667700173e-02
6.191499906880071347e-01	2.209600710831680775e-02
6.224536975161836239e-01	2.132262788297950573e-02
6.257437632461935184e-01	2.057649771054760254e-02
6.290199737198963748e-01	1.985665662058910472e-02
6.322821197224327561e-01	1.916217821693413231e-02
6.355299969925716219e-01	1.849216854409555660e-02
6.387634062302530724e-01	1.784576493161198207e-02
6.419821531013697458e-01	1.722213492930803683e-02
6.451860482398519281e-01	1.662047525729115974e-02
6.483749072471016728e-01	1.604001080130018977e-02
6.515485506888389899e-01	1.547999363688870589e-02
6.547068040894133967e-01	1.493970208291487724e-02
6.578494979236443330e-01	1.441843978643993912e-02
6.609764676062428457e-01	1.391553486524594978e-02
6.640875534788809320e-01	1.343033903224420504e-02
6.671826007949681614e-01	1.296222679678526307e-02
6.702614597021936405e-01	1.251059466142756364e-02
6.733239852229003786e-01	1.207486036211202242e-02
6.763700372323502297e-01	1.165446212886488142e-02
6.793994804349464678e-01	1.124885796752531433e-02
6.824121843384725050e-01	1.085752498119814391e-02
6.854080232264132544e-01	1.047995869619553107e-02
6.883868761284208659e-01	1.011567242412518552e-02
6.913486267889885628e-01	9.764196639104787481e-03
6.942931636343976365e-01	9.425078377140806360e-03
6.972203797379949997e-01	9.097880666527193710e-03
7.001301727838710187e-01	8.782181958806043257e-03
7.030224450289965787e-01	8.477575591453716947e-03
7.058971032638787779e-01	8.183669275050649977e-03
7.087540587718069718e-01	7.900084577396888907e-03
7.115932272867340203e-01	7.626456445337715696e-03
7.144145289498730067e-01	7.362432739617526430e-03
7.172178882650509513e-01	7.107673777407670472e-03
7.200032340528951247e-01	6.861851886903936118e-03
7.227704994038977038e-01	6.624651003576395754e-03
7.255196216304242718e-01	6.395766247031346545e-03
7.282505422177245613e-01	6.174903535189146288e-03
7.309632067739937344e-01	5.961779204880500969e-03
7.336575649795509246e-01	5.756119638365515476e-03
7.363335705351792271e-01	5.557660918582961289e-03
7.389911811096909755e-01	5.366148482779992471e-03
7.416303582867578292e-01	5.181336789268376278e-03
7.442510675110888263e-01	5.002989007930951255e-03
7.468532780339465216e-01	4.830876706002833025e-03
7.494369628581235565e-01	4.664779553679419995e-03
7.520020986823821030e-01	4.504485037486957028e-03
7.545486658454138018e-01	4.349788186681712021e-03
7.570766482693765953e-01	4.200491303615611592e-03
7.595860334030422045e-01	4.056403703148074580e-03
7.620768121646066540e-01	3.917341475519079373e-03
7.645489788842081413e-01	3.783127235782704836e-03
7.670025312461857814e-01	3.653589896120868971e-03
7.694374702311341796e-01	3.528564444335002478e-03
7.718538000577805924e-01	3.407891728171955157e-03
7.742515281247356329e-01	3.291418245820849301e-03
7.766306649521463878e-01	3.178995944020564842e-03
7.789912241232952450e-01	3.070482030900168521e-03
7.813332222261781812e-01	2.965738782915621104e-03
7.836566787950947077e-01	2.864633367859835585e-03
7.859616162522908844e-01	2.767037671688960063e-03
7.882480598496761637e-01	2.672828126517545495e-03
7.905160376106590281e-01	2.581885556451105589e-03
7.927655802721218503e-01	2.494095013313368196e-03
7.949967212265658389e-01	2.409345632508088243e-03
7.972094964644635962e-01	2.327530484051221378e-03
7.994039445168299451e-01	2.248546435044444618e-03
8.015801063980559915e-01	2.172294013080241278e-03
8.037380255490147452e-01	2.098677274901841489e-03
8.058777477804768274e-01	2.027603683731212924e-03
8.079993212168484762e-01	1.958983986145833474e-03
8.101027962402600480e-01	1.892732093344176841e-03
8.121882254350262231e-01	1.828764973439096992e-03
8.142556635324942338e-01	1.767002535804264611e-03
8.163051673563068711e-01	1.707367532934048237e-03
8.183367957680877103e-01	1.649785454089459577e-03
8.203506096135797510e-01	1.594184431557807077e-03
8.223466716692411360e-01	1.540495141697714775e-03
8.243250465893233736e-01	1.488650720021381492e-03
8.262858008534434973e-01	1.438586667861297026e-03
8.282290027146607114e-01	1.390240773112931365e-03
8.301547221480805039e-01	1.343553025516670092e-03
8.320630307999861142e-01	1.298465538452658712e-03
8.339540019375175639e-01	1.254922473167400989e-03
8.358277103989235624e-01	1.212869968309972452e-03
8.376842325443454307e-01	1.172256064808435303e-03
8.395236462072120931e-01	1.133030643046704575e-03
8.413460306462030580e-01	1.095145352455421028e-03
8.431514664978114748e-01	1.058553552634492476e-03
8.449400357295059338e-01	1.023210250394500798e-03
8.467118215935018899e-01	9.890720390066615273e-04
8.484669085811462619e-01	9.560970468388529367e-04
8.502053823779247566e-01	9.242448774882638636e-04
8.519273298190921384e-01	8.934765596251672062e-04
8.536328388459327732e-01	8.637544971621680936e-04
8.553219984626572181e-01	8.350424174552430407e-04
8.569948986939310842e-01	8.073053260639159083e-04
8.586516305430500484e-01	7.805094615243082226e-04
8.602922859507511344e-01	7.546222496632307760e-04
8.619169577546739180e-01	7.296122631235738530e-04
8.635257396494618876e-01	7.054491797309636473e-04
8.651187261475155044e-01	6.821037429432387066e-04
8.666960125403888604e-01	6.595477243147287658e-04
8.682576948608349277e-01	6.377538867250405258e-04
8.698038698454981787e-01	6.166959496657351599e-04
8.713346348982526912e-01	5.963485539328990245e-04
8.728500880541854023e-01	5.766872302154935764e-04
8.743503279442244036e-01	5.576883668902218481e-04
8.758354537604069456e-01	5.393291795922194182e-04
8.773055652217907063e-01	5.215876815701208768e-04
8.787607625409978862e-01	5.044426558220733168e-04
8.802011463913993472e-01	4.878736277905149359e-04
8.816268178749259166e-01	4.718608377356558548e-04
8.830378784905116296e-01	4.563852180548358677e-04
8.844344301031594746e-01	4.414283660588844333e-04
8.858165749136295286e-01	4.269725215479210794e-04
8.871844154287431561e-01	4.130005437343769233e-04
8.885380544323020491e-01	3.994958899433968444e-04
8.898775949566130050e-01	3.864425937366317162e-04
8.912031402546176651e-01	3.738252448425620706e-04
8.925147937726221059e-01	3.616289693375108810e-04
8.938126591236180696e-01	3.498394108114762091e-04
8.950968400611927223e-01	3.384427119224485609e-04
8.963674404540243890e-01	3.274254964951438295e-04
8.976245642609518294e-01	3.167748539804680192e-04
8.988683155066143904e-01	3.064783199233015029e-04
9.000987982576776902e-01	2.965238642554596043e-04
9.013161165995786650e-01	2.868998723831598708e-04
9.025203746138640293e-01	2.775951331836307373e-04
9.037116763560584243e-01	2.685988226558878476e-04
9.048901258340765752e-01	2.599004915956040968e-04
9.060558269871730186e-01	2.514900526432936340e-04
9.072088836654177424e-01	2.433577661080818478e-04
9.083493996096961842e-01	2.354942293099613108e-04
9.094774784322245953e-01	2.278903634635069469e-04
9.105932235975746636e-01	2.205374032710324592e-04
9.116967384042004019e-01	2.134268853868734762e-04
9.127881259664610836e-01	2.065506378147057064e-04
9.138674891971317882e-01	1.999007700979345118e-04
9.149349307903995587e-01	1.934696630056109029e-04
9.159905532053314037e-01	1.872499588564251497e-04
9.170344586498112571e-01	1.812345530540272504e-04
9.180667490649414564e-01	1.754165851197438781e-04
9.190875261098953031e-01	1.697894290838911362e-04
9.200968911472198197e-01	1.643466868976380276e-04
9.210949452285787098e-01	1.590821790747911886e-04
9.220817890809289707e-01	1.539899380718290562e-04
9.230575230931252761e-01	1.490642002103279658e-04
9.240222473029451322e-01	1.442993987004705016e-04
9.249760613845250390e-01	1.396901573544993705e-04
9.259190646362069899e-01	1.352312828475148122e-04
9.268513559687807657e-01	1.309177596836643440e-04
9.277730338941224675e-01	1.267447427581933615e-04
9.286841965142159649e-01	1.227075522560524959e-04
9.295849415105574831e-01	1.188016677516723054e-04
9.304753661339294490e-01	1.150227221566761307e-04
9.313555671945420444e-01	1.113664969424995514e-04
9.322256410525348036e-01	1.078289172971153123e-04
9.330856836088280426e-01	1.044060460583365232e-04
9.339357902963246749e-01	1.010940799150339593e-04
9.347760560714479805e-01	9.788934436021544340e-05
9.356065754060159945e-01	9.478828928573738803e-05
9.364274422794394148e-01	9.178748498624572378e-05
9.372387501712418079e-01	8.888361715407083134e-05
9.380405920538960052e-01	8.607348405678566278e-05
9.388330603859633694e-01	8.335399151521674557e-05
9.396162471055360399e-01	8.072215026086476284e-05
9.403902436239928164e-01	7.817507149862863507e-05
9.411551408200039548e-01	7.570996360865027343e-05
9.419110290338615910e-01	7.332412942461678047e-05
9.426579980620642951e-01	7.101496190367932954e-05
9.433961371521825123e-01	6.877994212815425885e-05
9.441255349979863487e-01	6.661663555114358736e-05
9.448462797348335940e-01	6.452268932061133667e-05
9.455584589353160929e-01	6.249582950939375420e-05
9.462621596051500328e-01	6.053385843789202376e-05
9.469574681793143656e-01	5.863465194342411978e-05
9.476444705184247086e-01	5.679615700942385054e-05
9.483232519053392817e-01	5.501638935849333947e-05
9.489938970419959929e-01	5.329343054047176324e-05
9.496564900464663506e-01	5.162542674718649901e-05
9.503111144502303098e-01	5.001058567875091011e-05
9.509578531956621728e-01	4.844717481729784357e-05
9.515967886337216575e-01	4.693351931245053115e-05
9.522280025218475830e-01	4.546800021208011514e-05
9.528515760220498398e-01	4.404905223544591992e-05
9.534675896991912092e-01	4.267516216644415982e-05
9.540761235194579193e-01	4.134486714694457764e-05
9.546772568490127231e-01	4.005675272901676264e-05
9.552710684528250562e-01	3.880945132326428417e-05
9.558576364936763881e-01	3.760164084646155106e-05
9.564370385313321066e-01	3.643204272260589546e-05
9.570093515218811575e-01	3.529942089670423075e-05
9.575746518172338906e-01	3.420258001763704412e-05
9.581330151647742266e-01	3.314036433188077011e-05
9.586845167071695872e-01	3.211165607686873380e-05
9.592292309823221563e-01	3.111537454546594070e-05
9.597672319234666904e-01	3.015047443691708470e-05
9.602985928594089948e-01	2.921594502280389793e-05
9.608233865148982922e-01	2.831080876208404883e-05
9.613416850111322631e-01	2.743412029149595692e-05
9.618535598663903174e-01	2.658496522817760594e-05
9.623590819967913212e-01	2.576245936637428991e-05
9.628583217171726716e-01	2.496574722458169807e-05
9.633513487420855004e-01	2.419400162849853005e-05
9.638382321869041203e-01	2.344642239886912932e-05
9.643190405690469369e-01	2.272223546009463242e-05
9.647938418092975033e-01	2.202069218137850455e-05
9.652627032332524726e-01	2.134106830859010533e-05
9.657256915728277269e-01	2.068266327885483007e-05
9.661828729679033945e-01	2.004479936170077030e-05
9.666343129680392554e-01	1.942682093608317080e-05
9.670800765342899563e-01	1.882809366772963947e-05
9.675202280411048239e-01	1.824800395602582686e-05
9.679548312783139430e-01	1.768595812725490100e-05
9.683839494531951697e-01	1.714138180678761631e-05
9.688076451926233013e-01	1.661371925865071786e-05
9.692259805452912991e-01	1.610243274449386718e-05
9.696390169840105600e-01	1.560700205196765357e-05
9.700468154080765792e-01	1.512692376238972618e-05
9.704494361457078888e-01	1.466171072124251314e-05
9.708469389565484997e-01	1.421089162838117021e-05
9.712393830342345158e-01	1.377401028353673672e-05
9.716268270090220316e-01	1.335062536333586753e-05
9.720093289504715406e-01	1.294030966140032705e-05
9.723869463701926286e-01	1.254264983630422790e-05
9.727597362246389601e-01	1.215724578944909879e-05
9.731277549179567776e-01	1.178371040236773404e-05
9.734910583048818067e-01	1.142166888053688679e-05
9.738497016936864537e-01	1.107075859092984130e-05
9.742037398491675271e-01	1.073062846575917238e-05
9.745532269956815874e-01	1.040093874551431000e-05
9.748982168202195986e-01	1.008136052430089077e-05
9.752387624755208817e-01	9.771575475592927978e-06
9.755749165832260372e-01	9.471275489947467106e-06
9.759067312370618419e-01	9.180162150812191862e-06
9.762342580060650032e-01	8.897946835244073953e-06
9.765575479378333368e-01	8.624349875248958581e-06
9.768766515618095836e-01	8.359100678896396610e-06
9.771916188925928726e-01	8.101937224997733471e-06
9.775024994332773831e-01	7.852605878874694859e-06
9.778093421788173201e-01	7.610860988287721624e-06
9.781121956194129829e-01	7.376464792215443456e-06
9.784111077439208159e-01	7.149187053041267054e-06
9.787061260432856624e-01	6.928804833036640641e-06
9.789972975139884515e-01	6.715102229525044195e-06
9.792846686615139795e-01	6.507870220983738087e-06
9.795682855038361225e-01	6.306906365880402474e-06
9.798481935749157046e-01	6.112014623313059449e-06
9.801244379282085806e-01	5.923005162383133929e-06
9.803970631402108005e-01	5.739694085996724748e-06
9.806661133139664699e-01	5.561903328547462232e-06
9.809316320826340085e-01	5.389460428504754395e-06
9.811936626130344230e-01	5.222198298867198390e-06
9.814522476092173431e-01	5.059955115522652113e-06
9.817074293160293896e-01	4.902574122238727994e-06
9.819592495226905360e-01	4.749903506848876781e-06
9.822077495663726898e-01	4.601796119709256828e-06
9.824529703357833821e-01	4.458109433256498891e-06
9.826949522747534527e-01	4.318705380881000107e-06
9.829337353858211834e-01	4.183450163769589153e-06
9.831693592338224263e-01	4.052214156951010511e-06
9.834018629494779562e-01	3.924871676741432143e-06
9.836312852329779366e-01	3.801301042456924829e-06
9.838576643575691616e-01	3.681384197764878142e-06
9.840810381731333045e-01	3.565006802762622373e-06
9.843014441097663880e-01	3.452058005188862908e-06
9.845189191813509266e-01	3.342430316876425236e-06
9.847334999891249607e-01	3.236019531472199938e-06
9.849452227252413206e-01	3.132724678851044957e-06
9.851541231763263351e-01	3.032447747453371903e-06
9.853602367270251072e-01	2.935093755802418421e-06
9.855635983635405717e-01	2.840570533973565381e-06
9.857642426771672239e-01	2.748788701854832253e-06
9.859622038678101941e-01	2.659661508144771747e-06
9.861575157474991027e-01	2.573104797207569569e-06
9.863502117438878170e-01	2.489036862092697491e-06
9.865403249037445477e-01	2.407378403194209122e-06
9.867278878964320654e-01	2.328052410465999569e-06
9.869129330173723735e-01	2.250984098033500411e-06
9.870954921915029434e-01	2.176100761674059415e-06
9.872755969767141870e-01	2.103331808704889829e-06
9.874532785672798241e-01	2.032608577354522583e-06
9.876285677972682642e-01	1.963864286079743699e-06
9.878014951439422209e-01	1.897033965674570551e-06
9.879720907311413391e-01	1.832054352274821965e-06
9.881403843326532765e-01	1.768863829812048890e-06
9.883064053755641343e-01	1.707402370596370775e-06
9.884701829435962317e-01	1.647611360873719810e-06
9.886317457804293385e-01	1.589433649043649687e-06
9.887911222929997024e-01	1.532813357671178558e-06
9.889483405548026296e-01	1.477695814942071645e-06
9.891034283091407753e-01	1.424027527420343544e-06
9.892564129723883104e-01	1.371755981662262479e-06
9.894073216372225588e-01	1.320829615970783914e-06
9.895561810758398691e-01	1.271197703173312715e-06
9.897030177431532794e-01	1.222810200860709049e-06
9.898478577799696421e-01	1.175617624500506049e-06
9.899907270161505402e-01	1.129570953963038065e-06
9.901316509737527749e-01	1.084621400606319184e-06
9.902706548701503131e-01	1.040720272834723122e-06
9.904077636211336966e-01	9.978187589957542165e-07
9.905430018439942419e-01	9.558676649842279776e-07
9.906763938605858133e-01	9.148171363708095529e-07
9.908079637003655016e-01	8.746163303806232619e-07
9.909377351034163173e-01	8.352129724754616230e-07
9.910657315234497888e-01	7.965528498287559688e-07
9.911919761307839138e-01	7.585792232691842592e-07
9.913164918153068994e-01	7.212319397239072848e-07
9.914393011894134800e-01	6.844464883584852378e-07
9.915604265909256920e-01	6.481526166596311995e-07
9.916798900859908894e-01	6.122725462829399081e-07
9.917977134719563326e-01	5.767185877198151646e-07
9.919139182802265697e-01	5.413897128741440037e-07
9.920285257790970590e-01	5.061667969828842834e-07
9.921415569765682507e-01	4.704096475493142384e-07
9.922530326231352449e-01	4.349440932166361673e-07
9.923629732145613502e-01	3.990255814375677489e-07
9.924713989946236659e-01	3.623373619211100646e-07
9.925783299578430086e-01	3.244239229725395946e-07
9.926837858521896374e-01	2.845911960806844212e-07
9.927877861817662186e-01	2.416993322487821123e-07
9.928903502094731381e-01	1.934987739959342205e-07
9.929914969596475016e-01	1.340906801599559616e-07
9.930912452206853702e-01	0.000000000000000000e+00
