# Data associated with arXiv:2110.09653
# 
# Scale-free J-factor angular distribution, J_S(theta), of a nfw1-0 dark matter distribution (see Eq. 8 and the surrounding discussion)
# 
# Published: 3/29/22, Jack Runburg, contact: runburg@hawaii.edu
# 
# 
# -----------------------------------------------------------------
# 
# 	 tilde theta 		 | 	 tilde J s-wave 		 | 	 tilde J p-wave 		 | 	 tilde J d-wave 		 | 	 tilde J sommerfeld 
# 
# -----------------------------------------------------------------
1.000000000000000021e-03	1.544942099766236424e+03	5.334555767495171352e+01	1.508519645057904590e+01	2.254451083636466501e+04
1.021192151037671062e-03	1.512421596705770071e+03	5.297035245594670272e+01	1.503189586765590491e+01	2.184688618306154603e+04
1.042833409340945643e-03	1.480588967039227100e+03	5.259654826400248595e+01	1.497857286650081043e+01	2.117117638251981771e+04
1.064933292458827233e-03	1.449408701438828757e+03	5.222398845410737778e+01	1.492520829601267351e+01	2.051610713518809644e+04
1.087501519637659123e-03	1.418872079774601616e+03	5.185270778881741904e+01	1.487180581684307334e+01	1.988115508592657716e+04
1.110548016095517111e-03	1.388975335047912040e+03	5.148277829489735780e+01	1.481837371046295537e+01	1.926598999958706554e+04
1.134082917387199208e-03	1.359710539505907263e+03	5.111424243252613309e+01	1.476491671589205268e+01	1.867009904428437221e+04
1.158116573861711456e-03	1.331045688358374264e+03	5.074695926737951623e+01	1.471141668434700911e+01	1.809241716761544740e+04
1.182659555214217667e-03	1.302972792569946250e+03	5.038096261404281506e+01	1.465787723789276598e+01	1.753250036048426773e+04
1.207722655134462354e-03	1.275488660998366186e+03	5.001632573988324282e+01	1.460430695880163121e+01	1.699000669865830423e+04
1.233316896053688856e-03	1.248585105975160104e+03	4.965308284090932034e+01	1.455070967741032995e+01	1.646451764510944486e+04
1.259453533992170365e-03	1.222233288181092803e+03	4.929110025604737189e+01	1.449706782572725672e+01	1.595508429278022231e+04
1.286144063509461061e-03	1.196425888988552970e+03	4.893041329019074936e+01	1.444338515985035265e+01	1.546131413923836226e+04
1.313400222759557485e-03	1.171160217470747966e+03	4.857109541854185863e+01	1.438967050236858114e+01	1.498293625014288045e+04
1.341233998653187541e-03	1.146427930641147896e+03	4.821317385837360092e+01	1.433592678751869087e+01	1.451952920889947200e+04
1.369657632129505243e-03	1.122203047813644844e+03	4.785651943991728530e+01	1.428213687327492210e+01	1.407028348286169239e+04
1.398683623539492566e-03	1.098478865108817217e+03	4.750116690695404742e+01	1.422830450761931331e+01	1.363484353852129789e+04
1.428324738143458596e-03	1.075253125105773734e+03	4.714718754346876040e+01	1.417443858385554734e+01	1.321298754964438376e+04
1.458594011725036863e-03	1.052517418202999579e+03	4.679458485621778863e+01	1.412054013461102819e+01	1.280431978511299531e+04
1.489504756324154782e-03	1.030248344638444905e+03	4.644323396575980212e+01	1.406659246491659410e+01	1.240813588153211640e+04
1.521070566091505720e-03	1.008439764274326194e+03	4.609316988327574194e+01	1.401259938208832523e+01	1.202414511542882065e+04
1.553305323267072666e-03	9.870897943850563934e+02	4.574446933727779907e+01	1.395857027240784909e+01	1.165211658309469567e+04
1.586223204285366938e-03	9.661900334710378502e+02	4.539714529054101178e+01	1.390450629974579222e+01	1.129172653571523551e+04
1.619838686010041055e-03	9.457194115310508096e+02	4.505108146671435776e+01	1.385039143343881385e+01	1.094234817558262694e+04
1.654166552100628336e-03	9.256723053072154244e+02	4.470631237044018746e+01	1.379622951278275345e+01	1.060370633061020635e+04
1.689221899514206692e-03	9.060471550676415973e+02	4.436291577769461725e+01	1.374203019754090782e+01	1.027564282992023800e+04
1.725020145144853453e-03	8.868356298324299587e+02	4.402089837551037022e+01	1.368779382406197520e+01	9.957819039657497342e+03
1.761577032603788440e-03	8.680187622181529150e+02	4.368015031083819366e+01	1.363350494517439415e+01	9.649708979565928530e+03
1.798908639143220224e-03	8.495914028379801266e+02	4.334070634732809424e+01	1.357916747475802133e+01	9.351084266728888906e+03
1.837031382726912916e-03	8.315522695320427147e+02	4.300264326627431899e+01	1.352479125163971929e+01	9.061771515264730624e+03
1.875962029250603357e-03	8.138931535520798661e+02	4.266596264322124910e+01	1.347037584926098219e+01	8.781493468842316361e+03
1.915717699915417882e-03	7.965969846879490888e+02	4.233055907617263358e+01	1.341590624066168935e+01	8.509782242507075352e+03
1.956315878757565116e-03	7.796590480028485217e+02	4.199645220378440769e+01	1.336138525616901696e+01	8.246425111045467929e+03
1.997774420337589726e-03	7.630782990343349184e+02	4.166371217294319962e+01	1.330682241777916630e+01	7.991295829707840312e+03
2.040111557592579582e-03	7.468466936569534482e+02	4.133233342619224970e+01	1.325221633320027159e+01	7.744117990900501354e+03
2.083345909854779961e-03	7.309488730680345725e+02	4.100221633100972696e+01	1.319755254671162525e+01	7.504492641753872704e+03
2.127496491040134757e-03	7.153805205874285775e+02	4.067339551520432650e+01	1.314283508700456871e+01	7.272232488058079070e+03
2.172582718010372237e-03	7.001407945624306421e+02	4.034595072340415101e+01	1.308807444175544532e+01	7.047229331727689896e+03
2.218624419112281976e-03	6.852218496942916772e+02	4.001987101713734063e+01	1.303326839960642758e+01	6.829234620121629632e+03
2.265641842897974604e-03	6.706098706872924140e+02	3.969506347339574148e+01	1.297840306571003843e+01	6.617901390526079012e+03
2.313655667029933423e-03	6.563009059300192121e+02	3.937156222215507739e+01	1.292348243907350991e+01	6.413075908051613624e+03
2.362687007374795686e-03	6.422942860721183251e+02	3.904944716472529365e+01	1.286851716104008503e+01	6.214646249936948152e+03
2.412757427289825233e-03	6.285823917593245369e+02	3.872870192826208324e+01	1.281350434740775945e+01	6.022400499291389679e+03
2.463888947106213784e-03	6.151527994576977107e+02	3.840923905533807670e+01	1.275843079086821596e+01	5.836031799216841137e+03
2.516104053813336943e-03	6.020018921519432524e+02	3.809109104091250941e+01	1.270330040500136981e+01	5.655394321629186379e+03
2.569425710948245768e-03	5.891291461841939281e+02	3.777432876430906106e+01	1.264812320588044514e+01	5.480409881074253462e+03
2.623877368694733318e-03	5.765271891953607337e+02	3.745891655683163890e+01	1.259289403152511788e+01	5.310865822055194258e+03
2.679482974196439188e-03	5.641848522262240522e+02	3.714477060388887253e+01	1.253760006998105503e+01	5.146502121848021488e+03
2.736266982088478034e-03	5.520988249640421373e+02	3.683192343485110598e+01	1.248224525741253288e+01	4.987198501820729689e+03
2.794254365252289707e-03	5.402687062484461649e+02	3.652045625434501375e+01	1.242684071288142356e+01	4.832870509723647046e+03
2.853470625798387814e-03	5.286873864417702862e+02	3.621034334638996199e+01	1.237138193858626956e+01	4.683343738520004081e+03
2.913941806281861776e-03	5.173448272990192436e+02	3.590150708440446436e+01	1.231585680819462070e+01	4.538386216859689739e+03
2.975694501155571117e-03	5.062379995496307288e+02	3.559398144484841708e+01	1.226026956714402161e+01	4.397887840108348428e+03
3.038755868466027146e-03	4.953666043855566272e+02	3.528784728335802612e+01	1.220463147751667776e+01	4.261788163875596183e+03
3.103153641797168783e-03	4.847238061434189831e+02	3.498307422936560585e+01	1.214893735590193202e+01	4.129915691422655073e+03
3.168916142467233243e-03	4.743005853387006141e+02	3.467958827808288902e+01	1.209317543989443244e+01	4.002073931999989782e+03
3.236072291984112663e-03	4.640941702427514315e+02	3.437742234975561217e+01	1.203735003711379115e+01	3.878164092329609957e+03
3.304651624764658874e-03	4.541043469673808772e+02	3.407665199233631625e+01	1.198147208951336751e+01	3.758133702457686013e+03
3.374684301123556836e-03	4.443245611305351872e+02	3.377722383678923279e+01	1.192553346562037930e+01	3.641827979811269870e+03
3.446201120537424525e-03	4.347467109495451041e+02	3.347906723328078016e+01	1.186952274591137879e+01	3.529075394822089947e+03
3.519233535190044709e-03	4.253682606858610598e+02	3.318221593475459485e+01	1.181344435509708468e+01	3.419795194408283805e+03
3.593813663804625805e-03	4.161890662433916646e+02	3.288675140386811080e+01	1.175731025061022450e+01	3.313931928754655473e+03
3.669974305769219299e-03	4.072028585956492179e+02	3.259263409017880520e+01	1.170111358786924960e+01	3.211354637428111346e+03
3.747748955561452412e-03	3.984023623867820447e+02	3.229980129079586959e+01	1.164484381497076626e+01	3.111913480161725602e+03
3.827171817478984984e-03	3.897852580961774152e+02	3.200828595162303003e+01	1.158850540227345682e+01	3.015530823129487999e+03
3.908277820682117681e-03	3.813514584110151304e+02	3.171816914341481208e+01	1.153211046261889905e+01	2.922169569721414064e+03
3.991102634555192957e-03	3.730949809118938560e+02	3.142940763965535922e+01	1.147565157539692215e+01	2.831701440212440502e+03
4.075682684393532908e-03	3.650092942790985830e+02	3.114194262347329456e+01	1.141911871951994861e+01	2.743998600418861770e+03
4.162055167422817371e-03	3.570922770724584439e+02	3.085580422412214219e+01	1.136251617432302297e+01	2.658998545725195072e+03
4.250258069157961290e-03	3.493438875848470389e+02	3.057105239530365992e+01	1.130585333372427570e+01	2.576657443481703467e+03
4.340330180108637088e-03	3.417584289135410813e+02	3.028763610148589436e+01	1.124912145454520918e+01	2.496867527745785083e+03
4.432311112838861061e-03	3.343300394099867390e+02	3.000550084300045484e+01	1.119231099482543001e+01	2.419516047119790528e+03
4.526241319388085715e-03	3.270567790957412058e+02	2.972467958249955444e+01	1.113542676871269066e+01	2.344544883547091558e+03
4.622162109061505458e-03	3.199386422859627146e+02	2.944525282766132435e+01	1.107848126038767766e+01	2.271922140239460532e+03
4.720115666597336779e-03	3.129702145498410459e+02	2.916717023443812806e+01	1.102146570491009037e+01	2.201546216247644224e+03
4.820145070719144588e-03	3.061462368215679248e+02	2.889038236250323877e+01	1.096437139956634965e+01	2.133322027650368454e+03
4.922294313081310678e-03	2.994649353187257930e+02	2.861492311372861508e+01	1.090720324026471033e+01	2.067197384663259072e+03
5.026608317615998724e-03	2.929263322313143476e+02	2.834087234098752717e+01	1.084997417131071629e+01	2.003146937497201634e+03
5.133132960290130720e-03	2.865252909365447067e+02	2.806817594949967187e+01	1.079267467178337370e+01	1.941077456161968485e+03
5.241915089281041530e-03	2.802570944014645420e+02	2.779677178131151294e+01	1.073529391697730340e+01	1.880905215177873060e+03
5.353002545579732367e-03	2.741201210786633737e+02	2.752668041421507539e+01	1.067783482847762144e+01	1.822586179404395807e+03
5.466444184030696055e-03	2.681144140942915328e+02	2.725798070077714996e+01	1.062031022933597946e+01	1.766093219133018465e+03
5.582289894817666839e-03	2.622351086526155086e+02	2.699061706115458747e+01	1.056271017317821048e+01	1.711346921657592475e+03
5.700590625404708227e-03	2.564779751748013723e+02	2.672454825925247590e+01	1.050502721430403597e+01	1.658274706785449553e+03
5.821398402942216249e-03	2.508415315132269257e+02	2.645980596528870166e+01	1.044726619509557253e+01	1.606834626881604891e+03
5.944766357147824969e-03	2.453258358668443577e+02	2.619647114109895369e+01	1.038944075420263680e+01	1.557010101588389716e+03
6.070748743672167193e-03	2.399262882535792301e+02	2.593448463799790105e+01	1.033154004900984546e+01	1.508724189142406658e+03
6.199400967959818945e-03	2.346390973074538238e+02	2.567380781115353372e+01	1.027355692213637184e+01	1.461914885897514523e+03
6.330779609615908021e-03	2.294629085283239647e+02	2.541446761296325718e+01	1.021549572255522698e+01	1.416547782309098920e+03
6.464942447289089879e-03	2.243977902811411695e+02	2.515652158887487388e+01	1.015736636213661725e+01	1.372602347783444202e+03
6.601948484081890736e-03	2.194393995235795671e+02	2.489990535475715916e+01	1.009915715598387109e+01	1.330013078134928719e+03
6.741857973499477616e-03	2.145843387191333420e+02	2.464458395805685953e+01	1.004086146140004310e+01	1.288724957877205497e+03
6.884732445948405985e-03	2.098313702386799093e+02	2.439058992598735287e+01	9.982484677716499277e+00	1.248708333565372186e+03
7.030634735796891313e-03	2.051805685208531145e+02	2.413800240743348979e+01	9.924040923601134878e+00	1.209946427246686653e+03
7.179629009008595825e-03	2.006278389534618611e+02	2.388675899217419740e+01	9.865518782948750953e+00	1.172380654555518049e+03
7.331780791361950343e-03	1.961701378336676385e+02	2.363682866995132770e+01	9.806912532215550371e+00	1.135964004600245289e+03
7.487156997267587974e-03	1.918063345188915889e+02	2.338824342852250027e+01	9.748227481116346738e+00	1.100669018629181664e+03
7.645825959196438613e-03	1.875365061350081533e+02	2.314107251012199740e+01	9.689476298603414861e+00	1.066482448599635063e+03
7.807857457731475631e-03	1.833567975230760396e+02	2.289522956473618365e+01	9.630642563494241415e+00	1.033349015417376222e+03
7.973322752256328111e-03	1.792644827675673582e+02	2.265068380595798203e+01	9.571720255298190594e+00	1.001227503190735320e+03
8.142294612294233985e-03	1.752585291654217770e+02	2.240746935894504333e+01	9.512715703462710337e+00	9.700967546419072960e+02
8.314847349511189298e-03	1.713390137404425957e+02	2.216566392782348416e+01	9.453643627209622480e+00	9.399417720253359221e+02
8.491056850397209546e-03	1.675023114912150390e+02	2.192519951711149417e+01	9.394491244259604912e+00	9.107170348739684869e+02
8.671000609640279119e-03	1.637459818255541961e+02	2.168605206889708370e+01	9.335254017444544417e+00	8.823859924227795091e+02
8.854757764207504128e-03	1.600690816592681642e+02	2.144825535755141388e+01	9.275938596725291418e+00	8.549279029686779268e+02
9.042409128148579806e-03	1.564716856902367113e+02	2.121187961012691048e+01	9.216558564918612362e+00	8.283321118429383887e+02
9.234037228136720080e-03	1.529503895552662129e+02	2.097683503499628088e+01	9.157095812238503996e+00	8.025548868616257323e+02
9.429726339762870002e-03	1.495030087306115547e+02	2.074309270421419882e+01	9.097544485149645865e+00	7.775654059247959822e+02
9.629562524599030379e-03	1.461286821661043405e+02	2.051068547991786062e+01	9.037911014842444857e+00	7.533454802489586655e+02
9.833633668047030499e-03	1.428274804288622306e+02	2.027968897459196995e+01	8.978210715720384982e+00	7.298862836836276529e+02
1.004202951798940403e-02	1.395962101752244280e+02	2.005003482946153426e+01	8.918430598148258781e+00	7.071493022089787246e+02
1.025484172425938229e-02	1.364329166410369396e+02	1.982170364712254340e+01	8.858567253176740763e+00	6.851073170656763978e+02
1.047216387894729824e-02	1.333368138155337874e+02	1.959472907035230094e+01	8.798627997400087608e+00	6.637456901533134896e+02
1.069409155756119272e-02	1.303079667514793130e+02	1.936917663617537499e+01	8.738626241047716903e+00	6.430545622073626646e+02
1.092072236105970547e-02	1.273433834962673643e+02	1.914495180151298470e+01	8.678541962588395720e+00	6.229999300521566283e+02
1.115215595877575537e-02	1.244413153338972222e+02	1.892203780840796412e+01	8.618372282230943426e+00	6.035587708900263806e+02
1.138849413224978825e-02	1.216010449122400843e+02	1.870046813841838329e+01	8.558124806270596352e+00	5.847163091952553486e+02
1.162984081999205582e-02	1.188226306961289538e+02	1.848031660182084224e+01	8.497815750462914153e+00	5.664666364758123791e+02
1.187630216319339981e-02	1.161032725588579950e+02	1.826151163786212095e+01	8.437431146667174531e+00	5.487779995692378634e+02
1.212798655240480798e-02	1.134414065116487222e+02	1.804403901578381664e+01	8.376968490579136173e+00	5.316306213085260879e+02
1.238500467520621366e-02	1.108363780025580212e+02	1.782792708496905476e+01	8.316434399937310928e+00	5.150122324370867091e+02
1.264746956488544717e-02	1.082882381292112939e+02	1.761322430282174878e+01	8.255838693458471766e+00	4.989156770771194829e+02
1.291549665014883955e-02	1.057943691342224071e+02	1.739985230965725194e+01	8.195165016466884111e+00	4.833138034051205523e+02
1.318920380588532899e-02	1.033533725748714858e+02	1.718780137225679283e+01	8.134412382765491500e+00	4.681890219610659187e+02
1.346871140500627631e-02	1.009646513326881347e+02	1.697710581467938695e+01	8.073589661592858846e+00	4.535311477550945938e+02
1.375414237138396570e-02	9.862824858984585319e+01	1.676783663813887060e+01	8.012713845555092362e+00	4.393336740824665299e+02
1.404562223391196511e-02	9.634171968955872956e+01	1.655992246344606755e+01	7.951771134980438305e+00	4.255729091176843895e+02
1.434327918171109106e-02	9.410381448010045347e+01	1.635334210697203616e+01	7.890756829122002713e+00	4.122337134001112986e+02
1.464724412050539583e-02	9.191398834949046659e+01	1.614810939568940640e+01	7.829673778932121131e+00	3.993055534794628443e+02
1.495765073019278586e-02	8.977227623982638249e+01	1.594429220390953361e+01	7.768539156260342082e+00	3.867842360492730336e+02
1.527463552363575450e-02	8.767639751170523255e+01	1.574181486189256240e+01	7.707336648755163111e+00	3.746473967477170390e+02
1.559833790669801906e-02	8.562523480137872411e+01	1.554067391484775484e+01	7.646067429745723842e+00	3.628821090038471198e+02
1.592890023955338338e-02	8.361829149680575313e+01	1.534090349139483145e+01	7.584741469719454621e+00	3.514804621994185823e+02
1.626646789929399317e-02	8.165559411855683436e+01	1.514256647877313178e+01	7.523374414789414821e+00	3.404375163363008028e+02
1.661118934386526108e-02	7.973501723293357202e+01	1.494556601516391048e+01	7.461943331646551769e+00	3.297336515274039357e+02
1.696321617735579643e-02	7.785556231603902688e+01	1.474989219355502534e+01	7.400447342175239029e+00	3.193573184154809042e+02
1.732270321667098503e-02	7.601677663097940751e+01	1.455557876880837931e+01	7.338896600642479839e+00	3.093016558929177791e+02
1.768980855961942850e-02	7.421867823359382044e+01	1.436269189074517527e+01	7.277309258479093046e+00	2.995621922118708653e+02
1.806469365444235767e-02	7.245928834950190378e+01	1.417115984892703651e+01	7.215670854781474297e+00	2.901220755251790138e+02
1.844752337081655841e-02	7.073771476762769339e+01	1.398097931481817469e+01	7.153982439116229664e+00	2.809717650666642044e+02
1.883846607236187159e-02	6.905354483535248278e+01	1.379215746477113314e+01	7.092245103493815428e+00	2.721038753598260769e+02
1.923769369068539445e-02	6.740678824380212575e+01	1.360475262876278180e+01	7.030475455806163509e+00	2.635153093508823190e+02
1.964538180099485026e-02	6.579560459523567317e+01	1.341869119857011228e+01	6.968657727170659122e+00	2.551903688159955550e+02
2.006170969931423895e-02	6.421919674095279618e+01	1.323397564204797128e+01	6.906795613829780578e+00	2.471207552981267952e+02
2.048686048133601528e-02	6.267718865255837812e+01	1.305064035836239000e+01	6.844901330866078659e+00	2.393009933818553918e+02
2.092102112294418406e-02	6.116958181884407253e+01	1.286874221645841487e+01	6.782991669720834338e+00	2.317277568106659089e+02
2.136438256244391209e-02	5.969466626548116750e+01	1.268818141835365410e+01	6.721041064029284584e+00	2.243868594289707801e+02
2.181713978453380873e-02	5.825172980368378717e+01	1.250895888167312542e+01	6.659052219836587128e+00	2.172709552460838722e+02
2.227949190605761978e-02	5.684042984891574690e+01	1.233110832344149088e+01	6.597037059789417235e+00	2.103755068174169764e+02
2.275164226357336353e-02	5.546075993345667854e+01	1.215469518957123007e+01	6.535017390630831535e+00	2.036975396344289209e+02
2.323379850277806913e-02	5.411113285814730745e+01	1.197964359936702472e+01	6.472976603028178566e+00	1.972249523939771905e+02
2.372617266982774559e-02	5.279091232202940631e+01	1.180593536997445980e+01	6.410910047929598399e+00	1.909511775968051097e+02
2.422898130459259780e-02	5.149978627916290463e+01	1.163359352050579965e+01	6.348826156393917231e+00	1.848714844001254107e+02
2.474244553588843265e-02	5.023774060487366455e+01	1.146267957663294013e+01	6.286745752687540545e+00	1.789838621056837269e+02
2.526679117872631872e-02	4.900330354635217134e+01	1.129312238245977085e+01	6.224653592464132856e+00	1.732772014282840871e+02
2.580224883362318075e-02	4.779590655180872716e+01	1.112492719206886882e+01	6.162555183041383167e+00	1.677461179955857915e+02
2.634905398801689475e-02	4.661526544462934396e+01	1.095810568150788455e+01	6.100455059242372080e+00	1.623865090045694615e+02
2.690744711983068457e-02	4.546135879142504876e+01	1.079270450172731266e+01	6.038368770483914183e+00	1.571960234347957055e+02
2.747767380323228384e-02	4.433282327667410527e+01	1.062865410730452354e+01	5.976282095475341727e+00	1.521652126316484441e+02
2.805998481663422514e-02	4.322915079502493541e+01	1.046596516449019276e+01	5.914203294266326516e+00	1.472892252107138518e+02
2.865463625298309350e-02	4.215008260064701062e+01	1.030466607392022738e+01	5.852144207321092750e+00	1.425650144261751961e+02
2.926188963238583740e-02	4.109559032305013915e+01	1.014479128259327290e+01	5.790116544158375511e+00	1.379900098150413044e+02
2.988201201712300387e-02	4.006441239736306414e+01	9.986262169167380520e+00	5.728101541431948718e+00	1.335557615253526649e+02
3.051527612909937445e-02	3.905609461824749218e+01	9.829091526629792241e+00	5.666109139632504288e+00	1.292582721362122129e+02
3.116196046978347151e-02	3.807040143254531728e+01	9.673311188947081973e+00	5.604153776013150789e+00	1.250944763941000275e+02
3.182234944268905880e-02	3.710729793076406224e+01	9.518966926305123977e+00	5.542252794116492964e+00	1.210626097703745501e+02
3.249673347845206950e-02	3.616561792981068635e+01	9.365966543982603199e+00	5.480380334737493975e+00	1.171547674289249272e+02
3.318540916255835471e-02	3.524495525110849314e+01	9.214318399288135453e+00	5.418544000073725719e+00	1.133675564643514235e+02
3.388867936577820428e-02	3.434509548749123553e+01	9.064057829271474631e+00	5.356761311264949477e+00	1.096983130465075504e+02
3.460685337736497946e-02	3.346599760070523644e+01	8.915236982362513274e+00	5.295054726911456733e+00	1.061456922177196418e+02
3.534024704107661952e-02	3.260658473117127443e+01	8.767766315304307057e+00	5.233398428879982411e+00	1.027026348181665583e+02
3.608918289407971741e-02	3.176649346854761546e+01	8.621646654534243837e+00	5.171797244050153175e+00	9.936589430031990844e+01
3.685399030879719234e-02	3.094552867464480528e+01	8.476911967367961154e+00	5.110269464006157669e+00	9.613339919425081348e+01
3.763500563776207147e-02	3.014364359420348549e+01	8.333616812731909462e+00	5.048840739625774177e+00	9.300366217403636426e+01
3.843257236154112161e-02	2.935984494904620590e+01	8.191676275597764345e+00	4.987486624727461404e+00	8.997063423568465623e+01
3.924704123979310538e-02	2.859380737830008457e+01	8.051085391007481107e+00	4.926208189644997404e+00	8.703137032250522509e+01
4.007877046552850431e-02	2.784535329949293825e+01	7.911879217986265367e+00	4.865025575660054891e+00	8.418423194355334260e+01
4.092812582263813392e-02	2.711443065233920180e+01	7.774106992998080834e+00	4.803961922815724428e+00	8.142774225860557635e+01
4.179548084676026898e-02	2.640012429043463271e+01	7.637688697666842330e+00	4.742995202289473688e+00	7.875663647623734676e+01
4.268121698955689575e-02	2.570214268533014845e+01	7.502620652867640239e+00	4.682127877816220973e+00	7.616846286686607925e+01
4.358572378647117967e-02	2.502032423383208126e+01	7.368936666081920883e+00	4.621380550479591953e+00	7.366143885599377938e+01
4.450939902804028347e-02	2.435461197868736605e+01	7.236684402244668135e+00	4.560778887385584568e+00	7.123448130375365395e+01
4.545264893483848267e-02	2.370416375440290224e+01	7.105784050930672890e+00	4.500299683734992229e+00	6.888275543737245243e+01
4.641588833612779463e-02	2.306871808345774255e+01	6.976235000712200929e+00	4.439947500719720885e+00	6.660426310847056186e+01
4.739954085229469011e-02	2.244812790374191636e+01	6.848069849282429900e+00	4.379742741216031909e+00	6.439741851754909874e+01
4.840403908115278181e-02	2.184233175588611076e+01	6.721330673504516184e+00	4.319707829159014523e+00	6.226134178621997251e+01
4.942982478819387543e-02	2.125055558841012271e+01	6.595935959121987935e+00	4.259817525547865635e+00	6.019167208868329055e+01
5.047734910087089966e-02	2.067256459002661728e+01	6.471891093813144202e+00	4.200081262913536229e+00	5.818657849254751824e+01
5.154707270699779992e-02	2.010822492686261498e+01	6.349230877462628264e+00	4.140522583041332361e+00	5.624481555704105773e+01
5.263946605735428386e-02	1.955747101463938620e+01	6.227990856434936440e+00	4.081163085320703487e+00	5.436540551907870622e+01
5.375500957258409762e-02	1.901959232709437586e+01	6.108088816000507570e+00	4.021976214113919923e+00	5.254457389037292359e+01
5.489419385447772554e-02	1.849437769146743094e+01	5.989540316918841256e+00	3.962977044158631390e+00	5.078077392964167558e+01
5.605751990173300781e-02	1.798170529822391117e+01	5.872372960548564613e+00	3.904183852955331879e+00	4.907307312050615877e+01
5.724549933028778848e-02	1.748150580346482741e+01	5.756609649069194035e+00	3.845612157671939979e+00	4.742026326338150710e+01
5.845865459832211286e-02	1.699312787969394378e+01	5.642181036785476778e+00	3.787243131749843617e+00	4.581916480458856711e+01
5.969751923602879817e-02	1.651638128564956176e+01	5.529105053088125388e+00	3.729094741558693471e+00	4.426843032225201569e+01
6.096263808025296355e-02	1.605115514029970214e+01	5.417406276555842837e+00	3.671186352341381909e+00	4.276717636871931916e+01
6.225456751410456124e-02	1.559737667741887712e+01	5.307098408506690568e+00	3.613527793052230930e+00	4.131433775949099640e+01
6.357387571164835327e-02	1.515444970705681449e+01	5.198125182983248216e+00	3.556106247775990159e+00	3.990720800079991193e+01
6.492114288777969811e-02	1.472220249583723195e+01	5.090502175819706210e+00	3.498939190435447433e+00	3.854466307738252340e+01
6.629696155339574737e-02	1.430053409308897372e+01	4.984233657255076722e+00	3.442032381572472488e+00	3.722562173822840492e+01
6.770193677597398374e-02	1.388936862174838538e+01	4.879353433687551700e+00	3.385412105249564707e+00	3.594935990700275141e+01
6.913668644567325106e-02	1.348816122069047552e+01	4.775808579502022866e+00	3.329068902920630180e+00	3.471345682845998937e+01
7.060184154707406512e-02	1.309675649696887234e+01	4.673593274259808972e+00	3.273004307713232031e+00	3.351685391117868562e+01
7.209804643667737378e-02	1.271506252464245890e+01	4.572729775972161903e+00	3.217236967435107786e+00	3.235870419110975149e+01
7.362595912628441819e-02	1.234300059466229982e+01	4.473248537722288809e+00	3.161792191358502535e+00	3.123838686708708323e+01
7.518625157238204015e-02	1.198007361399666415e+01	4.375080470040908054e+00	3.106647799162403523e+00	3.015357636237045824e+01
7.677960997166025092e-02	1.162614058955039908e+01	4.278235820866688854e+00	3.051818980722546648e+00	2.910345322658046285e+01
7.840673506279315086e-02	1.128111780545458487e+01	4.182742381904438034e+00	2.997329887457354847e+00	2.808735215520380990e+01
8.006834243461452560e-02	1.094492395459222855e+01	4.088606150945052420e+00	2.943187605542316287e+00	2.710458171684415873e+01
8.176516284082480102e-02	1.061710640086681501e+01	3.995773319177398530e+00	2.889379841656674941e+00	2.615316252688757004e+01
8.349794252136732986e-02	1.029753681082093841e+01	3.904259866317023153e+00	2.835927467804267632e+00	2.523241580801223094e+01
8.526744353061486981e-02	9.986138955545035500e+00	3.814071671994871959e+00	2.782839226989411774e+00	2.434160283899544552e+01
8.707444407251174745e-02	9.682829097044857392e+00	3.725232842752540741e+00	2.730138209816881378e+00	2.348023702985066308e+01
8.891973884281766105e-02	9.387196007306997103e+00	3.637686359276325998e+00	2.677807116187106651e+00	2.264657037879297263e+01
9.080413937860487561e-02	9.099122444941254884e+00	3.551433149080659213e+00	2.625855786941240222e+00	2.183988128735367695e+01
9.272847441516200717e-02	8.818539047278948217e+00	3.466499346211440624e+00	2.574309883705506952e+00	2.105970544099966446e+01
9.469359025046093781e-02	8.545359696197236232e+00	3.382895192010058949e+00	2.523183573314041528e+00	2.030547323646028701e+01
9.670035111734798239e-02	8.279211825708989281e+00	3.300561496999008693e+00	2.472456094493889811e+00	1.957565123128805951e+01
9.874963956362264872e-02	8.019987855428464485e+00	3.219514769534629561e+00	2.422150582511604977e+00	1.886969666086719144e+01
1.008423568401705106e-01	7.767624885846353244e+00	3.139759751943809185e+00	2.372275064665209765e+00	1.818708361859206946e+01
1.029794232973221257e-01	7.522033997557542762e+00	3.061315127748589049e+00	2.322853488423582746e+00	1.752735902805184764e+01
1.051617787896111378e-01	7.282879190550918480e+00	2.984126761251779225e+00	2.273867271040538984e+00	1.688919361183515377e+01
1.073903830891107247e-01	7.050061114769267334e+00	2.908195489288204261e+00	2.225326125221376738e+00	1.627202929716646196e+01
1.096662163075285135e-01	6.823522874930938897e+00	2.833545769197733488e+00	2.177257045908386424e+00	1.567551625297763174e+01
1.119902793272475605e-01	6.603172667006730556e+00	2.760175946896316290e+00	2.129666882826989127e+00	1.509913927051953131e+01
1.143635942415015677e-01	6.388708792510399803e+00	2.688041991124472840e+00	2.082544455862101795e+00	1.454177917267304032e+01
1.167872048038782751e-01	6.180038957504510932e+00	2.617145045717938601e+00	2.035900069731347184e+00	1.400295833631320619e+01
1.192621768873494831e-01	5.977111422349604020e+00	2.547500309885584624e+00	1.989753491995154278e+00	1.348232313592177967e+01
1.217895989530276418e-01	5.779832742856414463e+00	2.479113942584797226e+00	1.944119306585562201e+00	1.297946948027310299e+01
1.243705825288575900e-01	5.587932091878769825e+00	2.411932824870082648e+00	1.898976673482542177e+00	1.249334038330764507e+01
1.270062626984522769e-01	5.401323629946438665e+00	2.345968452596177478e+00	1.854346560164289226e+00	1.202358417129875079e+01
1.296977986002878502e-01	5.219960034725047215e+00	2.281226448242162697e+00	1.810239312752311092e+00	1.156984649559771050e+01
1.324463739374786009e-01	5.043747287115944111e+00	2.217711137948990885e+00	1.766669496419343677e+00	1.113175994818586645e+01
1.352531974983535168e-01	4.872442334823606558e+00	2.155377270787568911e+00	1.723622233778242752e+00	1.070842139066108167e+01
1.381195036880665805e-01	4.705965249788972571e+00	2.094226138894520250e+00	1.681108772761975789e+00	1.029949023678314468e+01
1.410465530714722360e-01	4.544272487781015890e+00	2.034271074159308412e+00	1.639146592359987054e+00	9.904707854021198798e+00
1.440356329275057634e-01	4.387270364908006037e+00	1.975506255335651939e+00	1.597743337332212743e+00	9.523661569801967985e+00
1.470880578153118678e-01	4.234740810726711047e+00	1.917893286344515724e+00	1.556887730082134880e+00	9.155617458154098998e+00
1.502051701523716420e-01	4.086609320156675551e+00	1.861428571561746459e+00	1.516585576061686647e+00	8.800263842097404421e+00
1.533883408048797858e-01	3.942835580089533387e+00	1.806128979553738301e+00	1.476860938323407924e+00	8.457373099864975430e+00
1.566389696906345663e-01	3.803327014982423204e+00	1.751981052748841972e+00	1.437712206373050305e+00	8.126545761484480934e+00
1.599584863947036695e-01	3.667888020353038403e+00	1.698950919600847431e+00	1.399131425422735386e+00	7.807181505126527199e+00
1.633483507981373095e-01	3.536449077995034163e+00	1.647034568117368591e+00	1.361125313682049587e+00	7.498961044658624786e+00
1.668100537200059019e-01	3.408972641293989803e+00	1.596243511384159763e+00	1.323710958500431856e+00	7.201714932924426549e+00
1.703451175730422984e-01	3.285367898800534814e+00	1.546566182539213852e+00	1.286890810532580698e+00	6.915068960391947073e+00
1.739550970331800450e-01	3.165459448166838996e+00	1.497967700285336878e+00	1.250653333435262082e+00	6.638500827548573291e+00
1.776415797232799298e-01	3.049182370992771229e+00	1.450443306592055226e+00	1.215004030122942558e+00	6.371721359786342909e+00
1.814061869113461622e-01	2.936501498035264834e+00	1.404005124279531724e+00	1.179962264907609804e+00	6.114599023237750508e+00
1.852505742235391883e-01	2.827328335762691047e+00	1.358636386956797448e+00	1.145524110815828500e+00	5.866772273823912087e+00
1.891764323722997243e-01	2.721505649468792143e+00	1.314305712066264675e+00	1.111680674303029637e+00	5.627796210368689600e+00
1.931854878999012814e-01	2.618972779607559254e+00	1.271007396716625992e+00	1.078435847646414869e+00	5.397425180981351822e+00
1.972795039377621684e-01	2.519696614529130407e+00	1.228748642673833880e+00	1.045804044617428596e+00	5.175505522207605402e+00
2.014602809818480389e-01	2.423591443446164284e+00	1.187516472281151758e+00	1.013785960129512054e+00	4.961764570051520273e+00
2.057296576845067948e-01	2.330516373631088989e+00	1.147275768262670192e+00	9.823658003607290690e-01	4.755765759600249609e+00
2.100895116630852322e-01	2.240414707157915242e+00	1.108024579004838639e+00	9.515524610398642391e-01	4.557330627234811082e+00
2.145417603256798700e-01	2.153255132152182671e+00	1.069763637270353174e+00	9.213526971748363659e-01	4.366296025458475505e+00
2.190883617143895290e-01	2.068955108642474450e+00	1.032480715693333551e+00	8.917682026645455950e-01	4.182416919105231834e+00
2.237313153664367560e-01	1.987388450081160496e+00	9.961421792254487872e-01	8.627827633254651074e-01	4.005328653638664527e+00
2.284726631935388719e-01	1.908502162648219036e+00	9.607438822027858372e-01	8.344028520443542707e-01	3.834846711314828571e+00
2.333144903799153069e-01	1.832266533555425569e+00	9.262872201674469119e-01	8.066357496759259949e-01	3.670860820905052613e+00
2.382589262993237145e-01	1.758602513884314655e+00	8.927563147362537199e-01	7.794788537682140195e-01	3.513116231057000327e+00
2.433081454515323150e-01	1.687397159513671197e+00	8.601205823679388685e-01	7.529174533775351286e-01	3.361315904709776259e+00
2.484643684186368384e-01	1.618600960269258371e+00	8.283728860396236682e-01	7.269537307245896862e-01	3.215288067191604426e+00
2.537298628416438939e-01	1.552185651904110619e+00	7.975155780379274972e-01	7.015968934182587047e-01	3.074929853641733768e+00
2.591069444177515613e-01	1.488075937526172954e+00	7.675298585760662595e-01	6.768399925572237130e-01	2.940027430821657184e+00
2.645979779187619951e-01	1.426170807197132406e+00	7.383868146673928656e-01	6.526685678641630517e-01	2.810300658971240040e+00
2.702053782310787078e-01	1.366424047036556511e+00	7.100794366541546276e-01	6.290842262419505948e-01	2.685618068917527523e+00
2.759316114177428059e-01	1.308808735293095937e+00	6.826067091872297654e-01	6.060924047261515568e-01	2.565873767488703105e+00
2.817791958029755572e-01	1.253253534912805334e+00	6.559504209857283108e-01	5.836858857603854922e-01	2.450875315920600706e+00
2.877507030797054055e-01	1.199668201852755800e+00	6.300827411161763481e-01	5.618498154542703737e-01	2.340388841540024689e+00
2.938487594405665426e-01	1.148009660339302407e+00	6.049952775126706817e-01	5.405834913647995510e-01	2.234286612400441019e+00
3.000760467328633108e-01	1.098252263275550256e+00	5.806865967435153042e-01	5.198917240637919157e-01	2.132479087467309409e+00
3.064353036380134121e-01	1.050328793205269173e+00	5.571372425500414893e-01	4.997650529642204131e-01	2.034797280444489598e+00
3.129293268759847368e-01	1.004158728970905301e+00	5.343214281961474743e-01	4.801891061190166066e-01	1.941031913940566289e+00
3.195609724352570513e-01	9.597019994147876210e-01	5.122291273570926950e-01	4.611607618713849943e-01	1.851069350001419922e+00
3.263331568288500573e-01	9.169341965440712672e-01	4.908591135617601520e-01	4.426846472975125013e-01	1.764839791104332312e+00
3.332488583769670498e-01	8.757923374877312206e-01	4.701900349023754311e-01	4.247481696740466606e-01	1.682174899109361244e+00
3.403111185168231634e-01	8.362046924442185780e-01	4.501980148685303385e-01	4.073373859946313735e-01	1.602905010195674107e+00
3.475230431402304698e-01	7.981340817803421750e-01	4.308728627057749616e-01	3.904483404690165527e-01	1.526926848207086129e+00
3.548878039595292910e-01	7.615573263723498521e-01	4.122114871850739437e-01	3.740830662053280520e-01	1.454172070082101476e+00
3.624086399024666338e-01	7.264157512159994390e-01	3.941934922308582556e-01	3.582292801888039557e-01	1.384498919375502179e+00
3.700888585366366446e-01	6.926455846776129466e-01	3.767958284017051129e-01	3.428721447332402916e-01	1.317755282406812611e+00
3.779318375241043637e-01	6.602124407871143852e-01	3.600083385762746779e-01	3.280070135649575391e-01	1.253850775556040409e+00
3.859410261068597081e-01	6.290943785116562825e-01	3.438265847209450166e-01	3.136339594909253181e-01	1.192724778310161549e+00
3.941199466237500504e-01	5.992370637052024662e-01	3.282304947807399009e-01	2.997399342249318921e-01	1.134251117490606031e+00
4.024721960595590287e-01	5.705839357693752723e-01	3.131986120466010437e-01	2.863105150604493554e-01	1.078295773917160805e+00
4.110014476269163164e-01	5.431033151217632415e-01	2.987201667269920313e-01	2.733394922623205714e-01	1.024780794380981908e+00
4.197114523817274123e-01	5.167745208600202922e-01	2.847906173054834400e-01	2.608264575742337277e-01	9.736544117582354163e-01
4.286060408728412652e-01	4.915475537037404252e-01	2.713897309492803722e-01	2.487569653198039576e-01	9.247976091272686050e-01
4.376891248266767120e-01	4.673723917558679775e-01	2.584978552679247921e-01	2.371172900097918146e-01	8.781008399740397596e-01
4.469646988675492483e-01	4.442199801261564329e-01	2.461041132442874646e-01	2.259004722231576778e-01	8.334938791949543235e-01
4.564368422744575216e-01	4.220709267876819881e-01	2.342035624289793561e-01	2.151050331832119467e-01	7.909288316235080218e-01
4.661097207750954374e-01	4.008795234594956236e-01	2.227763664473311755e-01	2.047159255151016211e-01	7.503013653489276624e-01
4.759875883778879602e-01	3.806016787754954445e-01	2.118043768336219101e-01	1.947198046348104505e-01	7.115183185619642359e-01
4.860747892428489703e-01	3.612108820762370276e-01	2.012772963890911426e-01	1.851098204037821271e-01	6.745167379415857312e-01
4.963757595920870180e-01	3.426890597949137640e-01	1.911887645469587949e-01	1.758821459972864376e-01	6.392516271072341549e-01
5.068950296608012440e-01	3.249947139199799717e-01	1.815211168797662700e-01	1.670234377802827519e-01	6.056359643150809324e-01
5.176372256896176749e-01	3.080891303226505618e-01	1.722566993080581199e-01	1.585197043543656314e-01	5.735855774362684789e-01
5.286070719591531297e-01	2.919482591487713163e-01	1.633860590103135002e-01	1.503643074138997227e-01	5.430473113718391476e-01
5.398093928676924724e-01	2.765553706039954318e-01	1.549026860620435209e-01	1.425528650368141914e-01	5.139818650981735626e-01
5.512491150528981976e-01	2.618730607173135883e-01	1.467893096262712915e-01	1.350714693170047831e-01	4.863101190367938864e-01
5.629312695584811621e-01	2.478674858607634313e-01	1.390305921420939839e-01	1.279077716106127582e-01	4.599629804672158429e-01
5.748609940467923618e-01	2.345169674005480043e-01	1.316166686669504315e-01	1.210539543189355915e-01	4.348917631000618900e-01
5.870435350582976497e-01	2.218061357068536188e-01	1.245415219716934085e-01	1.145059084774557451e-01	4.110624279944822823e-01
5.994842503189414806e-01	2.097015312007832755e-01	1.177893074241559701e-01	1.082504799760425213e-01	3.884073235095878429e-01
6.121886110964055439e-01	1.981737136123167820e-01	1.113454379110888071e-01	1.022751641086053903e-01	3.668652271120054764e-01
6.251622046063020077e-01	1.872032770366295618e-01	1.052010340683529471e-01	9.657280745599171323e-02	3.463947698250138818e-01
6.384107364693620834e-01	1.767762161777903795e-01	9.935043567981548251e-02	9.113933830443583795e-02	3.269673734804144916e-01
6.519400332206916060e-01	1.668628353589573232e-01	9.377838230494543736e-02	8.596133192946732449e-02	3.085216511532326011e-01
6.657560448722088520e-01	1.574376643263466213e-01	8.847214892238715322e-02	8.102774360971752576e-02	2.910066128276412867e-01
6.798648475293831428e-01	1.484834611135838478e-01	8.342371064282295967e-02	7.633195586909291563e-02	2.743879786603167781e-01
6.942726460634290886e-01	1.399875741414723096e-01	7.862706882053321911e-02	7.186900320733778658e-02	2.586387490607796602e-01
7.089857768401280902e-01	1.319238637836071815e-01	7.406871508079594657e-02	6.762691220257155411e-02	2.437067476479672368e-01
7.240107105064845783e-01	1.242704259580703907e-01	6.973736289267538913e-02	6.359563577121121747e-02	2.295485434241801292e-01
7.393540548364295750e-01	1.170120627740976887e-01	6.562555406138867453e-02	5.976873779065654257e-02	2.161347518417142954e-01
7.550225576368376768e-01	1.101374497790963275e-01	6.172757144708662658e-02	5.614121849195213843e-02	2.034421439228325523e-01
7.710231097151263313e-01	1.036237725004933025e-01	5.803128097884987374e-02	5.270209375881824976e-02	1.914255823425956571e-01
7.873627479097432547e-01	9.745231533701620430e-02	5.452685835441028334e-02	4.944247702216405388e-02	1.800488962832993978e-01
8.040486581848822478e-01	9.160979415451497854e-02	5.120751647680246016e-02	4.635633921855596140e-02	1.692863966237088402e-01
8.210881787907730045e-01	8.608616874761014504e-02	4.806802932905576003e-02	4.343899295545391309e-02	1.591179850446071131e-01
8.384888034909533383e-01	8.086170088562834313e-02	4.509761322618897894e-02	4.068045260310995670e-02	1.495059015740378694e-01
8.562581848579297050e-01	7.592050986342706309e-02	4.228768223639899071e-02	3.807282616889493682e-02	1.404195501515718425e-01
8.744041376386801900e-01	7.125108576417865658e-02	3.963211140761310758e-02	3.561052035138371347e-02	1.318367646794173786e-01
8.929346421914835519e-01	6.684461445031397719e-02	3.712623008577232986e-02	3.328923613183260022e-02	1.237405489468976633e-01
9.118578479955742333e-01	6.268417247012475491e-02	3.476065832034264114e-02	3.110020335364974131e-02	1.160988437510926952e-01
9.311820772351820930e-01	5.875638336506421727e-02	3.252796925011457868e-02	2.903649632799018901e-02	1.088861814584551474e-01
9.509158284595223831e-01	5.505136482893884659e-02	3.042272387565144245e-02	2.709302358180725248e-02	1.020838265346949297e-01
9.710677803203476843e-01	5.156145702673250314e-02	2.844070707842154613e-02	2.526581425693538371e-02	9.567720902001787542e-02
9.916467953887124764e-01	4.827228313933457776e-02	2.657385465974182459e-02	2.354728619459242958e-02	8.963951213846325927e-02
1.012661924052612461e+00	4.517266278812855085e-02	2.481589855545278042e-02	2.193153330321807176e-02	8.394977039131962249e-02
1.034122408497234025e+00	4.225419024713930605e-02	2.316213050826274045e-02	2.041409570903381793e-02	7.859222731374287951e-02
1.056037686769547568e+00	3.951027715005094032e-02	2.160882238524175838e-02	1.899140730194689292e-02	7.355448544555309720e-02
1.078417396929040706e+00	3.692882427923691036e-02	2.014907881491733929e-02	1.765693384225638235e-02	6.881412121108654301e-02
1.101271381286411888e+00	3.450056170371939429e-02	1.877758860330366875e-02	1.640560150499859038e-02	6.435389934809590540e-02
1.124609690732098155e+00	3.221840783316787943e-02	1.749031444182387596e-02	1.523356479979605035e-02	6.016064710222484430e-02
1.148442589156521310e+00	3.007675478875028452e-02	1.628404032239394450e-02	1.413771879014134522e-02	5.622397976884473819e-02
1.172780557964020254e+00	2.806551661572379008e-02	1.515296975190671275e-02	1.311254641166340225e-02	5.252541153422896070e-02
1.197634300682437924e+00	2.617707103072737171e-02	1.409272893574818608e-02	1.215388174250585200e-02	4.905097509996544231e-02
1.223014747670394531e+00	2.440550979613916385e-02	1.309988338660380246e-02	1.125840842191252848e-02	4.578975380420191588e-02
1.248933060924324545e+00	2.274610955726398889e-02	1.217168183791991418e-02	1.042346194802829841e-02	4.273302437318928643e-02
1.275400638987373769e+00	2.119054300758286061e-02	1.130329582817467607e-02	9.644436261883616510e-03	3.986555239308704063e-02
1.302429121962336289e+00	1.973259585873260794e-02	1.049112186679747316e-02	8.917879429350265494e-03	3.717602512630142908e-02
1.330030396630823342e+00	1.836738707007213103e-02	9.732319101249572654e-03	8.241063886306652930e-03	3.465553640457810086e-02
1.358216601680917401e+00	1.709097999188651310e-02	9.024565919513142728e-03	7.611724408437227883e-03	3.229690831885318608e-02
1.387000133045610317e+00	1.589656534850591649e-02	8.363897780185319472e-03	7.026087227660586867e-03	3.008771230796767823e-02
1.416393649354382722e+00	1.477912054379399050e-02	7.747383827570135731e-03	6.481347242854175288e-03	2.801883313791081465e-02
1.446410077500298819e+00	1.373465280917677070e-02	7.172684348135349025e-03	5.975252648923757084e-03	2.608302354878674206e-02
1.477062618325094778e+00	1.275991544440915025e-02	6.637877665143760743e-03	5.505939577411624215e-03	2.427439287397119977e-02
1.508364752424737887e+00	1.184939395707198910e-02	6.139745468166724410e-03	5.070350209414170410e-03	2.258291532322661069e-02
1.540330246078020826e+00	1.099906439932270968e-02	5.675943400272568697e-03	4.666255052055185044e-03	2.100131576697548963e-02
1.572973157300799230e+00	1.020569272947816422e-02	5.244564713544715671e-03	4.291821579982075738e-03	1.952374522698393025e-02
1.606307842028519950e+00	9.466629031388262491e-03	4.844032307908857984e-03	3.945521055506643129e-03	1.814541276606250475e-02
1.640348960429783842e+00	8.777450113638490120e-03	4.471783880811012676e-03	3.624945737035665215e-03	1.685830784290952636e-02
1.675111483353698638e+00	8.134960434681108923e-03	4.125947044254052280e-03	3.328316167440998133e-03	1.565664134087831408e-02
1.710610698913865635e+00	7.536566121935348722e-03	3.804997002198192216e-03	3.054180800645231193e-03	1.453572498606601170e-02
1.746862219211904321e+00	6.980126488011474672e-03	3.507666601109135120e-03	2.801319939439986771e-03	1.349172256365460329e-02
1.783881987203444153e+00	6.462127342032997213e-03	3.231921649735617751e-03	2.567835687783127843e-03	1.251825562405778705e-02
1.821686283709640364e+00	5.980053283028884982e-03	2.976297183515771733e-03	2.352349925900094983e-03	1.161077494632455423e-02
1.860291734577268707e+00	5.531844032550381832e-03	2.739582516613984619e-03	2.153716540434278889e-03	1.076555442465204626e-02
1.899715317990559260e+00	5.115787691445025480e-03	2.520763272147388042e-03	1.970969149689269593e-03	9.979507540180208164e-03
1.939974371937992492e+00	4.729118433052071670e-03	2.318253241094987444e-03	1.802644851882198628e-03	9.247611983449829584e-03
1.981086601837313665e+00	4.369873511226513192e-03	2.130911837554078699e-03	1.647679825196096985e-03	8.566308700395357939e-03
2.023070088322156401e+00	4.036432097418290836e-03	1.957798638788027859e-03	1.505196074890983483e-03	7.932682188975248572e-03
2.065943295193674256e+00	3.727438698672072472e-03	1.798119214788674843e-03	1.374447256705068222e-03	7.344300233470572523e-03
2.109725077540682392e+00	3.440736566984447468e-03	1.650644385031877848e-03	1.254311478963034306e-03	6.797231455214791142e-03
2.154434690031884259e+00	3.174807400484327101e-03	1.514500002910940807e-03	1.143985405096398190e-03	6.288713660375274891e-03
2.200091795383838367e+00	2.928388039260021967e-03	1.388954629929355393e-03	1.042793573497263326e-03	5.816452618546131582e-03
2.246716473008353532e+00	2.700415529439156859e-03	1.273391387315116197e-03	9.501647379421949589e-04	5.378529738441090342e-03
2.294329227843169949e+00	2.489223286270061952e-03	1.166871635901016403e-03	8.652549485145092116e-04	4.971902037076514000e-03
2.342950999369765697e+00	2.293646782208209976e-03	1.068735311071687417e-03	7.874677025653261482e-04	4.594459450784822187e-03
2.392603170822269476e+00	2.112710624065823606e-03	9.784239146908406144e-04	7.162947072207842374e-04	4.244424670828099780e-03
2.443307578591545681e+00	1.945589065239091645e-03	8.954626264290482546e-04	6.513033498378490056e-04	3.920297490431958604e-03
2.495086521828544068e+00	1.791005667566555664e-03	8.191407645382742632e-04	5.918651173740539567e-04	3.619728170501222957e-03
2.547962772251191943e+00	1.648074673749547712e-03	7.489619481720574982e-04	5.375384043958108399e-04	3.341100319541432870e-03
2.601959584159102334e+00	1.516049627270584215e-03	6.845072977309575070e-04	4.879497221351729482e-04	3.083058304368637564e-03
2.657100704660517732e+00	1.394294871760804301e-03	6.254140593466637858e-04	4.427732942472386462e-04	2.844430658870578110e-03
2.713410384115983121e+00	1.281841198496456178e-03	5.711522258560702923e-04	4.015505021802637112e-04	2.623425431643768447e-03
2.770913386803353973e+00	1.178020350403056072e-03	5.213528146167121851e-04	3.639586391436713656e-04	2.418818402468153519e-03
2.829635001808795014e+00	1.082266028695298872e-03	4.757027347500081163e-04	3.297240269481517072e-04	2.229575228882293026e-03
2.889601054148607684e+00	9.940931918599044126e-04	4.339293575890451789e-04	2.986064109598799842e-04	2.054797650943344933e-03
2.950837916126738403e+00	9.127720629361308702e-04	3.956407957703349893e-04	2.702738470707559512e-04	1.893126481736078946e-03
3.013372518932980082e+00	8.378024488972698460e-04	3.605659383882033791e-04	2.444942143197206016e-04	1.743640054743067795e-03
3.077232364486974792e+00	7.687583337812395464e-04	3.284725495873578368e-04	2.210686229897973281e-04	1.605550996253164026e-03
3.142445537533192557e+00	7.052727218232507540e-04	2.991583886438868188e-04	1.998227872625173824e-04	1.478173395880646133e-03
3.209040717992251324e+00	6.468005640917752442e-04	2.723369475907929174e-04	1.805195608360893452e-04	1.360486631940444361e-03
3.277047193573979555e+00	5.929703176444642895e-04	2.478108558061451350e-04	1.629939917328571347e-04	1.251800280266488147e-03
3.346494872657771680e+00	5.434640944126711620e-04	2.254084285605817916e-04	1.471015253517706986e-04	1.151515626118139197e-03
3.417414297445926952e+00	4.980064584505537262e-04	2.049827939944293511e-04	1.327193336127742071e-04	1.059122021325634416e-03
3.489836657395697816e+00	4.561935077707976590e-04	1.863257198867049509e-04	1.196789655093873268e-04	9.738553642998176675e-04
3.563793802936028321e+00	4.177512883198526445e-04	1.692932934097160860e-04	1.078626186046359589e-04	8.951964883593106857e-04
3.639318259474964901e+00	3.824444438941314805e-04	1.537630236918321991e-04	9.717034154125824019e-05	8.227043957211179316e-04
3.716443241703908829e+00	3.500678518950335952e-04	1.396273292428036172e-04	8.751420798053560128e-05	7.559924839754350676e-04
3.795202668205029717e+00	3.203244562157494548e-04	1.267359892846586127e-04	7.877569910557370128e-05	6.944888438865763364e-04
3.875631176368202979e+00	2.930136848377542223e-04	1.149869956237495550e-04	7.087362550464585201e-05	6.378149545828631700e-04
3.957764137624104617e+00	2.679625884704420332e-04	1.042917333823759952e-04	6.373745750250178765e-05	5.856401476243638070e-04
4.041637673000112230e+00	2.450195322004988059e-04	9.457241110362895112e-05	5.730524089319760921e-05	5.376760679010365255e-04
4.127288669005872102e+00	2.239676197229745625e-04	8.572275599278633359e-05	5.149559524672799379e-05	4.935047119175701123e-04
4.214754793855508552e+00	2.046609969229653040e-04	7.766974374036044056e-05	4.625188469702443518e-05	4.528422893698520941e-04
4.304074514033643162e+00	1.869734827203868566e-04	7.035052000556122340e-05	4.152543487213878042e-05	4.154465058602801303e-04
4.395287111212434539e+00	1.707937657138847707e-04	6.370980896346947720e-05	3.727361899827280530e-05	3.811048798329695034e-04
4.488432699527177050e+00	1.559645754302715741e-04	5.767191794987444191e-05	3.343995966234514434e-05	3.495066099120337170e-04
4.583552243217979161e+00	1.423805319601737754e-04	5.218598548598319894e-05	2.998623437354510827e-05	3.204485501330084081e-04
4.680687574645305382e+00	1.299502041722491361e-04	4.720749759972780394e-05	2.687899732545381230e-05	2.937520218022506946e-04
4.779881412687339015e+00	1.185924217761736985e-04	4.269709520175462983e-05	2.408872043939774845e-05	2.692581806295955664e-04
4.881177381527165515e+00	1.081939046003959183e-04	3.860204286966890897e-05	2.157733705308041954e-05	2.467420334339402851e-04
4.984620029838152888e+00	9.867898240938406001e-05	3.488659511445180199e-05	1.931874189309791323e-05	2.260545191938128620e-04
5.090254850375883322e+00	8.998183497547659578e-05	3.151975460590699751e-05	1.729037419069294606e-05	2.070660655655171532e-04
5.198128299985286915e+00	8.204364087685035462e-05	2.847376015226653448e-05	1.547207553804584359e-05	1.896602774544538586e-04
5.308287820031761584e+00	7.478332269434230864e-05	2.571197100624624573e-05	1.383820537640498841e-05	1.736737408651642498e-04
5.420781857265304815e+00	6.814685981401575633e-05	2.320964191875859032e-05	1.237130154093291670e-05	1.589978828468627226e-04
5.535659885126738011e+00	6.208716211748136252e-05	2.094521707635182140e-05	1.105613282750104845e-05	1.455394140977582030e-04
5.652972425505520704e+00	5.656185383200595539e-05	1.889937042745956644e-05	9.879182421777766695e-06	1.332131324744144135e-04
5.772771070958623518e+00	5.151325689992530967e-05	1.704679895567080659e-05	8.823291262944376240e-06	1.219011505930861077e-04
5.895108507400270703e+00	4.690301828643865566e-05	1.537039671318443177e-05	7.876757272635300679e-06	1.115250298444838453e-04
6.020038537272556667e+00	4.269764590880815688e-05	1.385541586994731679e-05	7.029564237450049119e-06	1.020176264300275701e-04
6.147616103207036886e+00	3.886677939680690359e-05	1.248834639867799090e-05	6.272528108002513548e-06	9.331652042786645008e-05
6.277897312187818990e+00	3.536962386174651658e-05	1.125196322176637540e-05	5.594419666078693745e-06	8.533762869349105203e-05
6.410939460226692255e+00	3.217909081254136339e-05	1.013454667084789206e-05	4.987479571586570113e-06	7.802467099179790136e-05
6.546801057561175696e+00	2.927149219756375082e-05	9.126032281048570619e-06	4.445129939727579581e-06	7.132909704637022878e-05
6.685541854386596761e+00	2.662518755668778124e-05	8.217049602387260494e-06	3.961194584562570612e-06	6.520589821632297167e-05
6.827222867133428963e+00	2.421148233046624616e-05	7.395908378258323340e-06	3.528335798080731351e-06	5.959485572955976841e-05
6.971906405301561804e+00	2.201133714457806327e-05	6.654661610722796372e-06	3.141484993080604076e-06	5.445581510567735074e-05
7.119656098863218929e+00	2.000808654048939680e-05	5.986413865647707228e-06	2.795910818743042980e-06	4.975409964983646972e-05
7.270536926246596643e+00	1.818637851086651834e-05	5.384832838539270721e-06	2.488712453803723895e-06	4.545728471408743196e-05
7.424615242912579127e+00	1.652613629126982201e-05	4.841981805919470715e-06	2.213992885058592470e-06	4.152237718935529058e-05
7.581958810536977289e+00	1.501403870515514495e-05	4.352506001091079231e-06	1.968824886769513722e-06	3.792105526265095996e-05
7.742636826811277295e+00	1.363841947017525646e-05	3.911719553611015955e-06	1.750062808324441317e-06	3.462834530693606114e-05
7.906719955874896399e+00	1.238843551216262769e-05	3.515338075145185030e-06	1.555956529476732351e-06	3.162113427501190703e-05
8.074280359392364659e+00	1.125011040843273615e-05	3.158014346598087247e-06	1.382542810500174404e-06	2.886893993471133072e-05
8.245391728289099831e+00	1.021416336536342495e-05	2.836181336320721937e-06	1.228005015040234083e-06	2.635163882824513056e-05
8.420129315159766037e+00	9.272466501367019462e-06	2.546221042009011332e-06	1.090063935491842481e-06	2.405150906075079504e-05
8.598569967363353328e+00	8.417391403939914686e-06	2.286583929886117896e-06	9.682597679534795426e-07	2.195210957797869890e-05
8.780792160819700598e+00	7.639256174866149965e-06	2.052357300947223964e-06	8.593701416516116272e-07	2.003178564476406715e-05
8.966876034522190508e+00	6.931620142626161753e-06	1.841606305102308638e-06	7.620854866899511642e-07	1.827640496395064069e-05
9.156903425781846906e+00	6.288473350270388280e-06	1.651922792717075542e-06	6.761382243015561513e-07	1.667348272351936822e-05
9.350957906218383187e+00	5.705586401688908162e-06	1.482235899146070901e-06	5.993661239037825314e-07	1.521116197553344692e-05
9.549124818513869073e+00	5.175165751085282643e-06	1.329297939296846680e-06	5.314693803503226705e-07	1.387432144542468205e-05
9.751491313945386707e+00	4.693130561546343253e-06	1.191819698595750304e-06	4.708977048825555477e-07	1.265295418987511841e-05
9.958146390713055851e+00	4.255371306823665684e-06	1.068336928176074350e-06	4.176407099195943991e-07	1.153789616594348592e-05
1.016918093308028581e+01	3.858800522807310700e-06	9.577168369979450351e-07	3.696296428547670795e-07	1.052192733835670830e-05
1.038468775134352740e+01	3.498187561609651441e-06	8.582256172388272511e-07	3.273117660516435834e-07	9.593207010718428490e-06
1.060476162264905220e+01	3.170679476706949863e-06	7.683722741205812094e-07	2.897962796495564959e-07	8.745160433293344107e-06
1.082949933267470577e+01	2.873600581764996740e-06	6.887227183699293596e-07	2.563825174257827584e-07	7.971625945289668785e-06
1.105899971819510696e+01	2.604341085140787945e-06	6.164201552653258609e-07	2.270007109358679785e-07	7.266577161145686776e-06
1.129336371054865928e+01	2.359776805457354886e-06	5.519084382997774225e-07	2.008018297455501834e-07	6.622666191137873243e-06
1.153269438002595848e+01	2.137796689418664085e-06	4.940854281734839258e-07	1.774739770419880990e-07	6.034942691509745680e-06
1.177709698119876869e+01	1.936567558623279525e-06	4.422626410588785729e-07	1.569495121191847776e-07	5.499146318413467370e-06
1.202667899920963279e+01	1.754275215224391167e-06	3.957854518775985959e-07	1.387098162751126718e-07	5.010964211503992069e-06
1.228155019704247053e+01	1.588794666631457622e-06	3.540990314361391768e-07	1.225561656156886274e-07	4.565313368518331162e-06
1.254182266379493349e+01	1.438679212331257079e-06	3.167831071206389350e-07	1.084300366185741427e-07	4.158730135104706226e-06
1.280761086397376225e+01	1.302676853449135020e-06	2.833619900363540022e-07	9.569297596078655771e-08	3.788231449327412589e-06
1.307903168783481007e+01	1.179531096527266184e-06	2.533907403484144616e-07	8.447415343433866126e-08	3.450783426897804817e-06
1.335620450278989146e+01	1.067800838679664572e-06	2.265366168724710628e-07	7.467570126363165990e-08	3.142857620948369444e-06
1.363925120590300821e+01	9.660918395237908721e-07	2.025352487665796467e-07	6.601195779916711404e-08	2.862040054467072716e-06
1.392829627749924271e+01	8.747691968884172160e-07	1.809072740744332134e-07	5.811087219532770570e-08	2.606257645828662417e-06
1.422346683590943783e+01	7.917480000543930977e-07	1.617764840799426661e-07	5.133930558466378571e-08	2.373371996491812810e-06
1.452489269337533528e+01	7.160266659838950079e-07	1.445257729261273751e-07	4.534518836424254440e-08	2.160931952076347528e-06
1.483270641313931115e+01	6.478484822240570164e-07	1.291384262118064497e-07	4.005240381349748317e-08	1.967272456619166925e-06
1.514704336774399174e+01	5.859751459747139801e-07	1.152368496698653618e-07	3.522864275654372502e-08	1.790942115184297922e-06
1.546804179856737527e+01	5.302217618796554432e-07	1.028677603917271365e-07	3.109814226185532934e-08	1.630447589991417370e-06
1.579584287661962527e+01	4.795696803658293505e-07	9.195478396986478044e-08	2.744608050348768189e-08	1.484094437871416642e-06
1.613059076462826624e+01	4.336016160509035605e-07	8.220411485516945579e-08	2.422264945391840370e-08	1.350723565237403300e-06
1.647243268043913034e+01	3.921367413534263497e-07	7.320063653444742682e-08	2.128929161697207516e-08	1.229335322056570835e-06
1.682151896176083383e+01	3.547172606059234333e-07	6.540618829181954337e-08	1.877817916025854953e-08	1.118870932425262214e-06
1.717800313228151410e+01	3.207048229740146491e-07	5.843524824911898055e-08	1.656055561252291144e-08	1.018178996372798563e-06
1.754204196918641045e+01	2.898293391621365384e-07	5.221083826549362791e-08	1.460487399396066364e-08	9.260756980381073274e-07
1.791379557210657580e+01	2.620167455934421464e-07	4.646565947741912365e-08	1.282596951144035989e-08	8.429790510578145983e-07
1.829342743352862044e+01	2.368057851799757051e-07	4.149646514009730640e-08	1.130525291562952526e-08	7.670462498056767506e-07
1.868110451069663469e+01	2.141487514077770835e-07	3.705367755141968123e-08	9.962546058659061973e-09	6.974443783942731140e-07
1.907699729903783492e+01	1.934374125761489248e-07	3.309012545016294958e-08	8.779997316726725890e-09	6.343273082508178560e-07
1.948127990714428748e+01	1.748108895143334508e-07	2.943331423663850657e-08	7.704955254398476629e-09	5.770220222102639556e-07
1.989413013334363711e+01	1.579174840070497288e-07	2.627194906559963348e-08	6.786448423323709167e-09	5.249863901572317865e-07
2.031572954389253738e+01	1.426478647437737854e-07	2.344773109383216539e-08	5.976452325732430270e-09	4.774725965559202107e-07
2.074626355282718393e+01	1.290332518990929144e-07	2.092899546319840886e-08	5.263250463905151910e-09	4.341327893255666847e-07
2.118592150350598402e+01	1.164543778898166173e-07	1.860673387726393038e-08	4.615589509787646473e-09	3.948166665608653148e-07
2.163489675188052530e+01	1.051471782432142667e-07	1.660051427551061643e-08	4.062797133344465655e-09	3.591573823764209394e-07
2.209338675153079734e+01	9.507059047293887388e-08	1.480869044535238834e-08	3.575372541205006910e-09	3.265681340395309741e-07
2.256159314050291798e+01	8.597357565640911516e-08	1.321212619302301110e-08	3.146812069989126847e-09	2.968353125293102974e-07
2.303972182998693796e+01	7.745888326466316500e-08	1.174041910342606215e-08	2.757714054633160239e-09	2.698879483355284490e-07
2.352798309487394945e+01	7.001941339120021039e-08	1.046948864266202824e-08	2.425741021356773420e-09	2.453317288452276111e-07
2.402659166623228870e+01	6.329249394265653175e-08	9.335391053623185379e-09	2.133454353900229019e-09	2.231484854038995014e-07
2.453576682574353285e+01	5.722167495542384569e-08	8.325070317825238623e-09	1.876467590168380111e-09	2.027598206384035767e-07
2.505573250213976877e+01	5.154045144238679782e-08	7.394320929768764935e-09	1.643382015953937508e-09	1.843052692718037983e-07
2.558671736968459953e+01	4.657839166809659276e-08	6.591085677721302311e-09	1.444714517737229589e-09	1.674794474124220036e-07
2.612895494874115698e+01	4.209295019958435742e-08	5.874408326470878573e-09	1.269779758624354076e-09	1.521872205494179046e-07
2.668268370847132687e+01	3.804634472668749127e-08	5.236423417930778262e-09	1.116148773311246404e-09	1.384801351094119538e-07
2.724814717171165412e+01	3.425997300432381043e-08	4.649066493125848360e-09	9.769659080718917959e-10	1.257296185289470274e-07
2.782559402207125743e+01	3.095401248258156761e-08	4.142170712849413495e-09	8.582902433619738301e-10	1.142051247727670662e-07
2.841527821329990999e+01	2.796643691169079743e-08	3.690293293815595627e-09	7.539444608847720277e-10	1.038810788683476122e-07
2.901745908097360527e+01	2.527200308658070740e-08	3.288212724809182048e-09	6.623587836252404437e-10	9.450840163038598078e-08
2.963240145654703639e+01	2.275113367449240116e-08	2.917985209368672735e-09	5.793503431543104066e-10	8.566885185642298230e-08
3.026037578382308624e+01	2.055081431305965181e-08	2.598803853372079261e-09	5.086961184876493439e-10	7.790918025150726046e-08
3.090165823789054755e+01	1.856291895210181498e-08	2.314352774111229619e-09	4.465945807364220843e-10	7.085203092657507938e-08
3.155653084658241525e+01	1.677060997030802751e-08	2.061313780283713101e-09	3.920985294811156891e-10	6.444678955533257159e-08
3.222528161450811979e+01	1.509389870695880761e-08	1.828466152719277896e-09	3.427633487795572991e-10	5.840614620184975184e-08
3.290820464971425707e+01	1.363084313730242875e-08	1.627819988710453990e-09	3.007981778233608076e-10	5.310530631517308789e-08
3.360560029302952501e+01	1.230935495516128051e-08	1.449017441816662744e-09	2.639084424106009679e-10	4.828426303027546412e-08
3.431777525015100849e+01	1.111822062406742695e-08	1.290079320402209775e-09	2.315756994044624154e-10	4.391022444943716351e-08
3.504504272652905428e+01	1.000397624981630104e-08	1.143898627475873919e-09	2.023327133862398602e-10	3.978512005825449286e-08
3.578772256511129513e+01	9.031998997925855292e-09	1.017917408498344979e-09	1.774444132821764242e-10	3.616531533561587213e-08
3.654614138700539883e+01	8.154268738896046801e-09	9.057308708127694536e-10	1.555922372929961566e-10	3.287403940936445521e-08
3.732063273512289925e+01	7.363328335786581114e-09	8.060884230575413518e-10	1.364649962463717920e-10	2.988915129609940079e-08
3.811153722086707774e+01	6.623468740428216361e-09	7.144073703315523800e-10	1.191510354195200086e-10	2.707335658672807052e-08
3.891920267392951160e+01	5.978254331891863146e-09	6.354482011483579470e-10	1.044311748015415556e-10	2.460312001881585147e-08
3.974398429526115706e+01	5.395722795362593171e-09	5.651864700607273417e-10	9.152300694118309806e-11	2.235783326976295424e-08
4.058624481328516254e+01	4.870921810677960504e-09	5.027815995417176299e-10	8.022196632676869836e-11	2.032139262040921572e-08
4.144635464342010778e+01	4.380016518141611518e-09	4.453774351894163116e-10	6.999714891419426042e-11	1.840043214038671597e-08
4.232469205098434628e+01	3.952022036351173303e-09	3.959673587705845697e-10	6.131207903283568166e-11	1.671561613361251461e-08
4.322164331755172384e+01	3.565679500761629321e-09	3.520288256473101998e-10	5.370434249325742018e-11	1.518464467573816154e-08
4.413760291083362119e+01	3.217704249929187005e-09	3.130050204836419910e-10	4.704278893418461277e-11	1.379603450954277509e-08
4.507297365816076251e+01	2.892196423812979379e-09	2.771187829357865866e-10	4.101918127200090567e-11	1.248614872376319619e-08
4.602816692364147144e+01	2.608472481083740682e-09	2.462522476602871150e-10	3.590862475196459075e-11	1.133766325100454769e-08
4.700360278907441369e+01	2.352401902296219931e-09	2.188006264415765626e-10	3.143030603472129770e-11	1.029403364007666925e-08
4.799971023869517950e+01	2.121808691509135082e-09	1.944301227740773236e-10	2.751146704327699508e-11	9.347556152989273923e-09
4.901692734783804895e+01	1.906091782022972810e-09	1.720271620621597047e-10	2.397060137406630499e-11	8.454727576332582047e-09
5.005570147559598126e+01	1.718105854281649077e-09	1.527679693827486865e-10	2.096891007191416214e-11	7.672065071550626695e-09
5.111648946156338980e+01	1.548464021031170141e-09	1.356435636052626637e-10	1.833941920561174087e-11	6.960935889982765534e-09
5.219975782674825382e+01	1.395726285499963050e-09	1.204458369727238251e-10	1.603945063213478724e-11	6.316025375294864586e-09
5.330598297874255564e+01	1.252827650510818129e-09	1.064782843323311671e-10	1.396239657551613566e-11	5.707622463643881954e-09
5.443565142123959077e+01	1.128319603291239951e-09	9.447586809987655209e-11	1.220278409657340449e-11	5.174370875990807753e-09
5.558925996799251124e+01	1.015969640133595466e-09	8.380695792460902164e-11	1.066210901209783748e-11	4.689866821769935270e-09
5.676731596130657209e+01	9.148256587991548515e-10	7.434148905951062902e-11	9.315202301123604749e-12	4.250514674427350181e-09
5.797033749516177181e+01	8.201809451664447929e-10	6.564292881470726138e-11	8.099219800648023492e-12	3.835929940702464678e-09
5.919885364306400533e+01	7.377223963404841612e-10	5.816993129265217426e-11	7.069457620048955571e-12	3.472566169521486182e-09
6.045340469072480261e+01	6.633135954226355739e-10	5.153049553930284100e-11	6.168694378616306555e-12	3.142415662230545971e-09
6.173454237367209174e+01	5.963253179463088396e-10	4.564116432754499831e-11	5.381531567894977054e-12	2.843015119256311428e-09
6.304283011989645757e+01	5.336226417078523460e-10	4.022859374938995802e-11	4.670955967290572708e-12	2.560387991502314702e-09
6.437884329763940627e+01	4.789860227403019971e-10	3.557807946925568170e-11	4.069132899834742912e-12	2.312603146451664655e-09
6.574316946843353549e+01	4.296708002281749003e-10	3.144912343070353225e-11	3.543497763526852155e-12	2.087434861947811236e-09
6.713640864550379206e+01	3.852608424347352440e-10	2.778709952092525695e-11	3.084372431692724293e-12	1.883196721919906198e-09
6.855917355764610477e+01	3.436679320126907432e-10	2.442000761873988269e-11	2.669767640332667580e-12	1.690242514691687744e-09
7.001208991869765441e+01	3.074036511619269255e-10	2.152602027755685380e-11	2.318569756728972255e-12	1.520950607885020804e-09
7.149579670271769771e+01	2.746462957254032920e-10	1.895449823445695990e-11	2.011555250328105196e-12	1.366931766507994157e-09
7.301094642500031284e+01	2.451193903307651244e-10	1.667597741089988041e-11	1.744103857881911445e-12	1.227210573559983318e-09
7.455820542904223203e+01	2.174304093757749587e-10	1.457871574422083144e-11	1.502357327783690703e-12	1.094976942927277100e-09
7.613825417959219521e+01	1.932452581445081631e-10	1.277355376487804165e-11	1.297342384373658726e-12	9.787202800399740342e-10
7.775178756191070306e+01	1.713521566437502991e-10	1.116680995295095606e-11	1.117875059032964405e-12	8.726930435061746083e-10
7.939951518737163383e+01	1.515635435426830348e-10	9.739518489274487014e-12	9.611555530484973788e-13	7.761917092976122510e-10
8.108216170554010205e+01	1.329456607537427609e-10	8.424605470996581745e-12	8.196787670300710729e-13	6.846003614302611895e-10
8.280046712286477373e+01	1.165960174193012756e-10	7.288649361362020896e-12	6.994258925597097490e-13	6.036488320585705156e-10
8.455518712812224180e+01	1.016985391835534055e-10	6.271455107845379591e-12	5.935624483199697690e-13	5.292726870798935804e-10
8.634709342475994731e+01	8.811127316570923242e-11	5.360858725713855567e-12	5.004989833086206630e-13	4.609138454824601534e-10
8.817697407028136070e+01	7.518579612614582283e-11	4.513492012879765503e-12	4.157131883441952947e-13	3.952830510751330099e-10
9.004563382282356088e+01	6.360927958265139715e-11	3.769084638161437308e-12	3.426162861983022467e-13	3.360559621117740818e-10
9.195389449507966617e+01	5.277133634379023872e-11	3.087390052587883683e-12	2.770839013888254406e-13	2.801610264737503278e-10
9.390259531572145590e+01	4.245117832061253741e-11	2.452809753699823161e-12	2.173958136550487426e-13	2.264417309488100244e-10
9.589259329848152902e+01	3.194686739593378496e-11	1.823078628195053735e-12	1.595897852035348091e-13	1.711930617561713786e-10
9.792476361905691817e+01	2.094825718730499241e-11	1.181019533425885760e-12	1.021455027896059317e-13	1.127465898212532822e-10
