# Data associated with arXiv:2110.09653
# 
# Scale-free velocity distribution, f(E), of a nfw1-25 dark matter distribution (see Eq. 13 and the surrounding discussion)
# 
# Published: 3/29/22, Jack Runburg, contact: runburg@hawaii.edu
# 
# 
# -----------------------------------------------------------------
# 
# 	 tilde E 		 | 		 tilde f
# 
# -----------------------------------------------------------------
1.354874302393243093e-04	1.841446212543050537e+11
1.372013798751747088e-04	1.776553999007094421e+11
1.389370111658966593e-04	1.712229691972010498e+11
1.406945983825145640e-04	1.648711245710069580e+11
1.424744192653686439e-04	1.586938415559068909e+11
1.442767550679924368e-04	1.525573340969070129e+11
1.461018906015490947e-04	1.466036414448447266e+11
1.479501142798257196e-04	1.408822975633147278e+11
1.498217181647998873e-04	1.353842401254929504e+11
1.517169980127803641e-04	1.301007445122710419e+11
1.536362533211310709e-04	1.250234425666377258e+11
1.555797873755877803e-04	1.201442873826954956e+11
1.575479072981704736e-04	1.154555460262664490e+11
1.595409240957042078e-04	1.109497874836416168e+11
1.615591527089502784e-04	1.066198706125358734e+11
1.636029120623620466e-04	1.024589330397321320e+11
1.656725251144675970e-04	9.846038019428199768e+10
1.677683189088887143e-04	9.461787482714244080e+10
1.698906246260083208e-04	9.092532697122634888e+10
1.720397776352865921e-04	8.737688445051710510e+10
1.742161175482432071e-04	8.396692342010348511e+10
1.764199882721044846e-04	8.069003946061480713e+10
1.786517380641338380e-04	7.754103909795434570e+10
1.809117195866452241e-04	7.451493160838240051e+10
1.832002899627128653e-04	7.160692091344143677e+10
1.855178108325879812e-04	6.881239827879849243e+10
1.878646484108240458e-04	6.612693442530322266e+10
1.902411735441293271e-04	6.354627350372414398e+10
1.926477617699457346e-04	6.106632539429613495e+10
1.950847933757734348e-04	5.868315964771219635e+10
1.975526534592397711e-04	5.639299928824531555e+10
2.000517319889330895e-04	5.419221463805449677e+10
2.025824238660017384e-04	5.207731773767940521e+10
2.051451289865320149e-04	5.004495672203772736e+10
2.077402523047180115e-04	4.809191054132133484e+10
2.103682038968248281e-04	4.621508387006035614e+10
2.130293990259654775e-04	4.441150215522087860e+10
2.157242582076919729e-04	4.267830692921375275e+10
2.184532072764187568e-04	4.101275129881102753e+10
2.212166774526853571e-04	3.941219555511467743e+10
2.240151054112663473e-04	3.787410301527019501e+10
2.268489333501470958e-04	3.639603598864879608e+10
2.297186090603653050e-04	3.497565192237673950e+10
2.326245859967430063e-04	3.361069966976942062e+10
2.355673233495037509e-04	3.229901595388213348e+10
2.385472861167998808e-04	3.103852191784546280e+10
2.415649451781612628e-04	2.982721983084217072e+10
2.446207773688598478e-04	2.866318992888582230e+10
2.477152655552243717e-04	2.754458736169367981e+10
2.508488987109042741e-04	2.646963929378653717e+10
2.540221719940969855e-04	2.543664205463503265e+10
2.572355868257489363e-04	2.444395852546354294e+10
2.604896509687495867e-04	2.349001526762104416e+10
2.637848786081225974e-04	2.257330055101762009e+10
2.671217904322301323e-04	2.169236146053071213e+10
2.705009137150076967e-04	2.084580180622807693e+10
2.739227823992316764e-04	2.003227989309698868e+10
2.773879371808458732e-04	1.925050639635837936e+10
2.808969255943469787e-04	1.849924230318803024e+10
2.844503020992551734e-04	1.777729694461465454e+10
2.880486281676731554e-04	1.708352613527109337e+10
2.916924723729515437e-04	1.641683033632594681e+10
2.953824104794788700e-04	1.577615292547984886e+10
2.991190255335994660e-04	1.516047849434755135e+10
3.029029079556873273e-04	1.456883128454651070e+10
3.067346556333759534e-04	1.400027361228676987e+10
3.106148740159727327e-04	1.345390438089288521e+10
3.145441762100622098e-04	1.292885767016186905e+10
3.185231830763161237e-04	1.242430134864276695e+10
3.225525233275322807e-04	1.193943575386195755e+10
3.266328336279039428e-04	1.147349243519790459e+10
3.307647586935516613e-04	1.102573293891772842e+10
3.349489513943165785e-04	1.059544761968541336e+10
3.391860728568477264e-04	1.018195453286933899e+10
3.434767925689861381e-04	9.784598348097911835e+09
3.478217884854671875e-04	9.402749300842420578e+09
3.522217471349639237e-04	9.035802215672283173e+09
3.566773637284742743e-04	8.683175527054035187e+09
3.611893422690853482e-04	8.344310372939328194e+09
3.657583956631163557e-04	8.018669689619322777e+09
3.703852458326724003e-04	7.705737381276776314e+09
3.750706238296156489e-04	7.405017492606207848e+09
3.798152699509738822e-04	7.116033427887186050e+09
3.846199338558142365e-04	6.838327178505949974e+09
3.894853746835830037e-04	6.571458618584452629e+09
3.944123611739495439e-04	6.315004801260794640e+09
3.994016717881539885e-04	6.068559278822668076e+09
4.044540948318967846e-04	5.831731468615182877e+09
4.095704285797730675e-04	5.604146031006783485e+09
4.147514814012782025e-04	5.385442274913305283e+09
4.199980718884117675e-04	5.175273583562767982e+09
4.253110289848823595e-04	4.973306869503421783e+09
4.306911921169524196e-04	4.779222042509037971e+09
4.361394113259281719e-04	4.592711505421012878e+09
4.416565474023284501e-04	4.413479664643160820e+09
4.472434720217413552e-04	4.241242464164687634e+09
4.529010678824003499e-04	4.075726928484792709e+09
4.586302288444948048e-04	3.916670743163249969e+09
4.644318600712371158e-04	3.763821823740715981e+09
4.703068781717220062e-04	3.616937926691782951e+09
4.762562113455651148e-04	3.475786264156318665e+09
4.822807995293943210e-04	3.340143128801033497e+09
4.883815945451717468e-04	3.209793546486192703e+09
4.945595602503956561e-04	3.084530930759085178e+09
5.008156726901934197e-04	2.964156759825410843e+09
5.071509202513359033e-04	2.848480258044648647e+09
5.135663038181982696e-04	2.737318094051686764e+09
5.200628369306811803e-04	2.630494092197835445e+09
5.266415459441343028e-04	2.527838956336309433e+09
5.333034701912897114e-04	2.429189986276529789e+09
5.400496621462387917e-04	2.334390843177533627e+09
5.468811875904864769e-04	2.243291283667907715e+09
5.537991257810871530e-04	2.155746926986776829e+09
5.608045696209149229e-04	2.071619030017148018e+09
5.678986258310686659e-04	1.990774262478041410e+09
5.750824151254647996e-04	1.913084497940830946e+09
5.823570723876227324e-04	1.838426610309803247e+09
5.897237468496800868e-04	1.766682277876153469e+09
5.971836022736754217e-04	1.697737796380066156e+09
6.047378171351032276e-04	1.631483900458077431e+09
6.123875848087969188e-04	1.567815588414463997e+09
6.201341137571430781e-04	1.506631955160162926e+09
6.279786277206818139e-04	1.447836034222762108e+09
6.359223659111001674e-04	1.391334645538815498e+09
6.439665832066610723e-04	1.337038240991415739e+09
6.521125503501021270e-04	1.284860770205297232e+09
6.603615541490184902e-04	1.234719540588431597e+09
6.687148976787843282e-04	1.186535086883935928e+09
6.771739004880173666e-04	1.140231044116043568e+09
6.857398988066485627e-04	1.095734028307367802e+09
6.944142457566031875e-04	1.052973518731652737e+09
7.031983115651373357e-04	1.011881747453074813e+09
7.120934837808730149e-04	9.723935907841309309e+08
7.211011674925400534e-04	9.344464667354837656e+08
7.302227855504907477e-04	8.979802356639775038e+08
7.394597787909883320e-04	8.629371047293448448e+08
7.488136062633386596e-04	8.292615368886133432e+08
7.582857454598642289e-04	7.969001616208306551e+08
7.678776925487953639e-04	7.658016925862880945e+08
7.775909626100761633e-04	7.359168433551411629e+08
7.874270898741517893e-04	7.071982527794173956e+08
7.973876279637622487e-04	6.796004061231223345e+08
8.074741501387712895e-04	6.530795662827229500e+08
8.176882495440939477e-04	6.275937020602371693e+08
8.280315394607301160e-04	6.031024234823600054e+08
8.385056535599687538e-04	5.795669160592257977e+08
8.491122461607876742e-04	5.569498806307847500e+08
8.598529924904944454e-04	5.352154731748962998e+08
8.707295889486504729e-04	5.143292488978441358e+08
8.817437533743077531e-04	4.942581069603409767e+08
8.928972253166229164e-04	4.749702385122634768e+08
9.041917663088624383e-04	4.564350760458738804e+08
9.156291601458642869e-04	4.386232447556521297e+08
9.272112131649867979e-04	4.215065165008459687e+08
9.389397545305916155e-04	4.050577644983609319e+08
9.508166365221094873e-04	3.892509208650048375e+08
9.628437348257186217e-04	3.740609349227478504e+08
9.750229488297062954e-04	3.594637334397018552e+08
9.873562019235340975e-04	3.454361829562649131e+08
9.998454418006536438e-04	3.319560525482808948e+08
1.012492640765162970e-03	3.190019791857286096e+08
1.025299796042281487e-03	3.065534332298045754e+08
1.038268930092749089e-03	2.945906863263964057e+08
1.051402090931162232e-03	2.830947796418805122e+08
1.064701352448329565e-03	2.720474959849911332e+08
1.078168814737655171e-03	2.614313263299381733e+08
1.091806604425644154e-03	2.512294469443497956e+08
1.105616875006542937e-03	2.414256899755641818e+08
1.119601807181193429e-03	2.320045186824283302e+08
1.133763609200141376e-03	2.229510026875809729e+08
1.148104517211044878e-03	2.142507940059647560e+08
1.162626795610463733e-03	2.058901049437204599e+08
1.177332737400039152e-03	1.978556856560314894e+08
1.192224664547174209e-03	1.901348034727675021e+08
1.207304928350215467e-03	1.827152225765525103e+08
1.222575909808231841e-03	1.755851846197101772e+08
1.238040019995435576e-03	1.687333903075290024e+08
1.253699700440283078e-03	1.621489811038110554e+08
1.269557423509359894e-03	1.558215223344992697e+08
1.285615692796047461e-03	1.497409865128294528e+08
1.301877043514098036e-03	1.438977374607936144e+08
1.318344042896114985e-03	1.382825151611338556e+08
1.335019290597048601e-03	1.328864208541217595e+08
1.351905419102741477e-03	1.277009031091687083e+08
1.369005094143595008e-03	1.227177441413643062e+08
1.386321015113426607e-03	1.179290470907379836e+08
1.403855915493556691e-03	1.133272229536944777e+08
1.421612563282236659e-03	1.089049791470914483e+08
1.439593761429427184e-03	1.046553076036719233e+08
1.457802348277039816e-03	1.005714736925022751e+08
1.476241198004683060e-03	9.664700554670795798e+07
1.494913221080990595e-03	9.287568437496562302e+07
1.513821364720602074e-03	8.925153321952420473e+07
1.532968613346849009e-03	8.576880900881627202e+07
1.552357989060253922e-03	8.242199260439842939e+07
1.571992552112863595e-03	7.920578028095047176e+07
1.591875401388535014e-03	7.611507523275804520e+07
1.612009674889217396e-03	7.314497963253033161e+07
1.632398550227312246e-03	7.029078672990027070e+07
1.653045245124203175e-03	6.754797351591800153e+07
1.673953017914986277e-03	6.491219344087226689e+07
1.695125168059544597e-03	6.237926954240810871e+07
1.716565036659973642e-03	5.994518812053461373e+07
1.738276006984488479e-03	5.760609172003477812e+07
1.760261504997866601e-03	5.535827367853485793e+07
1.782524999898511386e-03	5.319817191811235249e+07
1.805070004662228051e-03	5.112236339419613034e+07
1.827900076592761137e-03	4.912755861169839650e+07
1.851018817879236406e-03	4.721059647101411968e+07
1.874429876160519075e-03	4.536843923657207191e+07
1.898136945096634120e-03	4.359816771176813543e+07
1.922143764947295465e-03	4.189697661948100477e+07
1.946454123157652719e-03	4.026217016678790748e+07
1.971071854951339779e-03	3.869115776192806661e+07
1.996000843930892128e-03	3.718144989463458210e+07
2.021245022685668521e-03	3.573065423397894204e+07
2.046808373407317007e-03	3.433647178999233246e+07
2.072694928512914484e-03	3.299669328671582043e+07
2.098908771275856573e-03	3.170919571651529521e+07
2.125454036464594944e-03	3.047193884175767750e+07
2.152334910989324012e-03	2.928296208408198133e+07
2.179555634556684229e-03	2.814038143590213358e+07
2.207120500332646323e-03	2.704238621832710877e+07
2.235033855613580405e-03	2.598723666431573406e+07
2.263300102505698148e-03	2.497326075747295097e+07
2.291923698612914010e-03	2.399885174043967202e+07
2.320909157733250846e-03	2.306246558976662531e+07
2.350261050563888770e-03	2.216261851531413198e+07
2.379984005414941851e-03	2.129788464304231107e+07
2.410082708932122664e-03	2.046689373799612001e+07
2.440561906828324617e-03	1.966832903706501797e+07
2.471426404624297701e-03	1.890092516486067325e+07
2.502681068398489219e-03	1.816346612555097044e+07
2.534330825546166153e-03	1.745478338466002420e+07
2.566380665547954038e-03	1.677375399428982288e+07
2.598835640747841798e-03	1.611929884447724000e+07
2.631700867140875869e-03	1.549038092071807571e+07
2.664981525170519779e-03	1.488600370758317783e+07
2.698682860535935469e-03	1.430520951203931496e+07
2.732810185009190273e-03	1.374707808867823705e+07
2.767368877262575601e-03	1.321072508955310285e+07
2.802364383706149650e-03	1.269530063319052383e+07
2.837802219335574822e-03	1.219998804315872677e+07
2.873687968590471920e-03	1.172400249963911436e+07
2.910027286223289787e-03	1.126658981645154394e+07
2.946825898178946287e-03	1.082702523461301811e+07
2.984089602485246254e-03	1.040461227792989463e+07
3.021824270154301918e-03	9.998681648620883003e+06
3.060035846095039962e-03	9.608590169996354729e+06
3.098730350036897098e-03	9.233719764106232673e+06
3.137913877464935768e-03	8.873476468282815069e+06
3.177592600566375193e-03	8.527289512483235449e+06
3.217772769188821397e-03	8.194610382877253927e+06
3.258460711810197506e-03	7.874911975309797563e+06
3.299662836520609373e-03	7.567687764599107206e+06
3.341385632016243262e-03	7.272450983518047258e+06
3.383635668605437796e-03	6.988733861378382891e+06
3.426419599227096754e-03	6.716086883866490796e+06
3.469744160481527239e-03	6.454078073366531171e+06
3.513616173673957382e-03	6.202292310787851922e+06
3.558042545870744415e-03	5.960330692433839664e+06
3.603030270968534624e-03	5.727809854743577540e+06
3.648586430776464950e-03	5.504361407596122473e+06
3.694718196111577112e-03	5.289631341597103514e+06
3.741432827907599078e-03	5.083279451577641070e+06
3.788737678337211409e-03	4.884978815226143226e+06
3.836640191948045234e-03	4.694415265310431831e+06
3.885147906812445699e-03	4.511286894123644568e+06
3.934268455691276693e-03	4.335303576359052211e+06
3.984009567211811535e-03	4.166186505499366205e+06
4.034379067060027933e-03	4.003667760745178442e+06
4.085384879187292477e-03	3.847489872548202053e+06
4.137035027031684027e-03	3.697405412315747235e+06
4.189337634754227054e-03	3.553176619904761668e+06
4.242300928489960328e-03	3.414575002834773157e+06
4.295933237614269450e-03	3.281380992066325620e+06
4.350242996024424220e-03	3.153383580318883527e+06
4.405238743436718125e-03	3.030379998206201941e+06
4.460929126699176954e-03	2.912175387734160293e+06
4.517322901120178306e-03	2.798582496068058070e+06
4.574428931813016679e-03	2.689421374630092643e+06
4.632256195056743721e-03	2.584519099784777965e+06
4.690813779673316634e-03	2.483709496165553574e+06
4.750110888421339196e-03	2.386832865542431828e+06
4.810156839406551539e-03	2.293735752457167022e+06
4.870961067509240426e-03	2.204270680011401419e+06
4.932533125828764305e-03	2.118295939242001623e+06
4.994882687145377025e-03	2.035675333434142172e+06
5.058019545399556650e-03	1.956277990945613943e+06
5.121953617189035392e-03	1.879978146683976986e+06
5.186694943283679839e-03	1.806654942223799881e+06
5.252253690158464362e-03	1.736192231094062561e+06
5.318640151544723298e-03	1.668478407591425814e+06
5.385864749999853644e-03	1.603406212367729284e+06
5.453938038495730230e-03	1.540872577432108577e+06
5.522870702025913132e-03	1.480778451877322048e+06
5.592673559232029003e-03	1.423028654019316193e+06
5.663357564049348834e-03	1.367531714331855299e+06
5.734933807371910865e-03	1.314199732957966626e+06
5.807413518737264933e-03	1.262948239203770179e+06
5.880808068031204323e-03	1.213696059771350352e+06
5.955128967212542333e-03	1.166365187325555366e+06
6.030387872058221542e-03	1.120880659872593125e+06
6.106596583928989956e-03	1.077170439129357692e+06
6.183767051555772408e-03	1.035165300436034915e+06
6.261911372782231512e-03	9.947987170110777952e+05
6.341041796639779703e-03	9.560067571187701542e+05
6.421170724844742737e-03	9.187279876886608545e+05
6.502310713895050574e-03	8.829033717311056098e+05
6.584474476909599368e-03	8.484761743787938030e+05
6.667674885543767825e-03	8.153918743481250713e+05
6.751924971927132819e-03	7.835980795451654121e+05
6.837237930623793654e-03	7.530444413423013175e+05
6.923627120615313650e-03	7.236825748786142794e+05
7.011106067306745702e-03	6.954659863601626130e+05
7.099688464555793839e-03	6.683499885296325665e+05
7.189388176725367528e-03	6.422916477019860176e+05
7.280219240759856596e-03	6.172496993871420855e+05
7.372195868285220423e-03	5.931844904700169573e+05
7.465332447733293887e-03	5.700579150257795118e+05
7.559643546490301368e-03	5.478333540838656481e+05
7.655143913070090560e-03	5.264756177330063656e+05
7.751848479312112121e-03	5.059508884876523516e+05
7.849772362604446121e-03	4.862266690384881222e+05
7.948930868132178876e-03	4.672717295409709914e+05
8.049339491151245515e-03	4.490560589165500714e+05
8.151013919288010653e-03	4.315508171998119797e+05
8.253970034865028629e-03	4.147282893691287027e+05
8.358223917252787308e-03	3.985618418606227497e+05
8.463791845248222132e-03	3.830258805815566448e+05
8.570690299479570215e-03	3.680958097860058770e+05
8.678935964838591435e-03	3.537479932311950251e+05
8.788545732939806107e-03	3.399597173399172025e+05
8.899536704606957407e-03	3.267091541995497537e+05
9.011926192387666526e-03	3.139753280992385698e+05
9.125731723095496448e-03	3.017380811548857600e+05
9.240971040380343768e-03	2.899780427324151970e+05
9.357662107327557530e-03	2.786765970149316709e+05
9.475823109085014864e-03	2.678158553978350828e+05
9.595472455519756319e-03	2.573786266571944579e+05
9.716628783903303104e-03	2.473483904430962866e+05
9.839310961626499333e-03	2.377092709590846789e+05
9.963538088943861906e-03	2.284460118179079145e+05
1.008932950174789948e-02	2.195439518949129269e+05
1.021670477437325829e-02	2.109890022374378459e+05
1.034568372235583449e-02	2.027676231636525481e+05
1.047628640558554911e-02	1.948668032559473941e+05
1.060853313078961510e-02	1.872740390177686641e+05
1.074244445472304597e-02	1.799773148010107107e+05
1.087804118706330384e-02	1.729650835371894063e+05
1.101534439339985419e-02	1.662262487272529106e+05
1.115437539825524411e-02	1.597501467505562468e+05
1.129515578813805772e-02	1.535265300217977201e+05
1.143770741462810450e-02	1.475455506828793441e+05
1.158205239749389263e-02	1.417977452547907596e+05
1.172821312784243404e-02	1.362740193272570032e+05
1.187621227130214278e-02	1.309656331433604792e+05
1.202607277123836013e-02	1.258641882591253670e+05
1.217781785200232510e-02	1.209616135666962946e+05
1.233147102221317758e-02	1.162501529111668497e+05
1.248705607807384758e-02	1.117223527550032304e+05
1.264459710672051138e-02	1.073710503577937634e+05
1.280411848960605857e-02	1.031893622522999794e+05
1.296564490591756505e-02	9.917067369167658035e+04
1.312920133602835625e-02	9.530862785939378955e+04
1.329481306498417857e-02	9.159711593552485283e+04
1.346250568602440877e-02	8.803026739702881605e+04
1.363230510413777907e-02	8.460244077586114872e+04
1.380423753965331207e-02	8.130821464038632985e+04
1.397832953186628653e-02	7.814237905510541168e+04
1.415460794269941640e-02	7.509992725232733937e+04
1.433309996039973562e-02	7.217604794889954792e+04
1.451383310327071692e-02	6.936611731478814909e+04
1.469683522344036007e-02	6.666569203783720150e+04
1.488213451066489924e-02	6.407050206495407474e+04
1.506975949616854576e-02	6.157644393191716517e+04
1.525973905651928364e-02	5.917957424079997872e+04
1.545210241754071089e-02	5.687610339298697363e+04
1.564687915826014700e-02	5.466238962808074575e+04
1.584409921489309328e-02	5.253493319807611260e+04
1.604379288486396452e-02	5.049037093126714171e+04
1.624599083086330706e-02	4.852547077864238236e+04
1.645072408494149471e-02	4.663712677582007746e+04
1.665802405263885552e-02	4.482235409435157635e+04
1.686792251715252614e-02	4.307828439543797867e+04
1.708045164346659595e-02	4.140216113285518804e+04
1.729564398287051705e-02	3.979133526712419552e+04
1.751353247683582262e-02	3.824326110735425027e+04
1.773415046158460795e-02	3.675549231315842189e+04
1.795753167237754480e-02	3.532567788173368899e+04
1.818371024789973769e-02	3.395155852366320323e+04
1.841272073468288098e-02	3.263096306411108526e+04
1.864459809156380002e-02	3.136180500852413752e+04
1.887937769417914746e-02	3.014207926259775559e+04
1.911709533949614362e-02	2.896985885994770433e+04
1.935778725037940254e-02	2.784329207368527204e+04
1.960149008019333380e-02	2.676059931527639856e+04
1.984824091744036983e-02	2.572007045543554705e+04
2.009807729044050043e-02	2.472006203500517586e+04
2.035103717201776005e-02	2.375899467653024476e+04
2.060715898427593548e-02	2.283535060513885401e+04
2.086648160335701982e-02	2.194767125108611799e+04
2.112904436425918145e-02	2.109455488341454111e+04
2.139488706568411572e-02	2.027465447549364399e+04
2.166404997491832088e-02	1.948667550416213999e+04
2.193657383274799297e-02	1.872937391381332418e+04
2.221249985840695676e-02	1.800155419828128652e+04
2.249186975455760504e-02	1.730206744423486089e+04
2.277472571230407597e-02	1.662980953289994068e+04
2.306111041623751592e-02	1.598371941999778392e+04
2.335106704951271997e-02	1.536277741278584108e+04
2.364463929895579269e-02	1.476600358897710430e+04
2.394187136020229853e-02	1.419245623502243870e+04
2.424280794286531523e-02	1.364123034913118136e+04
2.454749427573267237e-02	1.311145620924768809e+04
2.485597611199297577e-02	1.260229803726798673e+04
2.516829973448978658e-02	1.211295259868115136e+04
2.548451196100266769e-02	1.164264799090594715e+04
2.580466014955536472e-02	1.119064241878530993e+04
2.612879220374941455e-02	1.075622298617290289e+04
2.645695657812300108e-02	1.033870460785269461e+04
2.678920228353382990e-02	9.937428896696545053e+03
2.712557889256539054e-02	9.551763135690867784e+03
2.746613654495553072e-02	9.181099271726050574e+03
2.781092595304637469e-02	8.824852960196854838e+03
2.815999840725466261e-02	8.482462641089037788e+03
2.851340578148553462e-02	8.153388644184884470e+03
2.887120053892969912e-02	7.837112327048322186e+03
2.923343573717274158e-02	7.533135194724316534e+03
2.960016503654158693e-02	7.240978219067803366e+03
2.997144269878837183e-02	6.960181143352234358e+03
3.034732359928029449e-02	6.690301612998985547e+03
3.072786322952089991e-02	6.430914616702348212e+03
3.111311769685116968e-02	6.181611495786263731e+03
3.150314375557492635e-02	5.941999471331403583e+03
3.189799876790069127e-02	5.711701293295172945e+03
3.229774076344316819e-02	5.490354318658072771e+03
3.270242838622777065e-02	5.277610038253791572e+03
3.311212096333242261e-02	5.073133555442554098e+03
3.352687844346589896e-02	4.876603159898932063e+03
3.394676146340703388e-02	4.687709231653853749e+03
3.437183132894829768e-02	4.506154472308914592e+03
3.480214998843079305e-02	4.331653458478388529e+03
3.523778010946127665e-02	4.163931537995402323e+03
3.567878500215448251e-02	4.002724987374468583e+03
3.612522869767573197e-02	3.847779965661727601e+03
3.657717592376368704e-02	3.698852774795697769e+03
3.703469207499491406e-02	3.555709582469288762e+03
3.749784328580512555e-02	3.418124964151800668e+03
3.796669640355260222e-02	3.285882610452069002e+03
3.844131895763146234e-02	3.158774971105278382e+03
3.892177923507836312e-02	3.036601957416910864e+03
3.940814625196367715e-02	2.919171568454524277e+03
3.990048972222988433e-02	2.806299571468706290e+03
4.039888013411742362e-02	2.697808375948266075e+03
4.090338872070607701e-02	2.593527550863985198e+03
4.141408742934742787e-02	2.493293557736751154e+03
4.193104899713503281e-02	2.396948772519046543e+03
4.245434692140533789e-02	2.304341914230514249e+03
4.298405543068472418e-02	2.215327804092820770e+03
4.352024955734581924e-02	2.129766545360600958e+03
4.406300510893696593e-02	2.047523851370774082e+03
4.461239864150837175e-02	1.968470841255485311e+03
4.516850752765456944e-02	1.892483353285303565e+03
4.573140992953891176e-02	1.819442181532690483e+03
4.630118477530685561e-02	1.749232864968280865e+03
4.687791182902214387e-02	1.681745280870278748e+03
4.746167162565455289e-02	1.616873622109080543e+03
4.805254553849376553e-02	1.554516193364954006e+03
4.865061573155944619e-02	1.494575287443291018e+03
4.925596519554443359e-02	1.436956979555292946e+03
4.986867774824765148e-02	1.381570975232569253e+03
5.048883802029945078e-02	1.328330562719987483e+03
5.111653148075796793e-02	1.277152392219502190e+03
5.175184441948950387e-02	1.227956308906465893e+03
5.239486399193182820e-02	1.180665287235832693e+03
5.304567815583376839e-02	1.135205335135327687e+03
5.370437575540840114e-02	1.091505320234115970e+03
5.437104643694871953e-02	1.049496881010699099e+03
5.504578074635321783e-02	1.009114321241152652e+03
5.572867003182568890e-02	9.702945258933081050e+02
5.641980653777015076e-02	9.329767546112104810e+02
5.711928337058069793e-02	8.971026776355569154e+02
5.782719445323802887e-02	8.626162872628983678e+02
5.854363463399057249e-02	8.294636917303961354e+02
5.926869956542913515e-02	7.975931364701816619e+02
6.000248581551901467e-02	7.669548095703360104e+02
6.074509082446476194e-02	7.375008827832123188e+02
6.149661285358213464e-02	7.091854551431191567e+02
6.225715108746516374e-02	6.819642848788755600e+02
6.302680558663457944e-02	6.557949084675465201e+02
6.380567723413949066e-02	6.306365781315323602e+02
6.459386784094345302e-02	6.064500154999743700e+02
6.539148009549754226e-02	5.831975226451767185e+02
6.619861750934252775e-02	5.608429208699604942e+02
6.701538452303752724e-02	5.393513405092862740e+02
6.784188645384932326e-02	5.186893103177967532e+02
6.867822944161032506e-02	4.988247122619451943e+02
6.952452055250483987e-02	4.797266034201807088e+02
7.038086770882349963e-02	4.613652409922447646e+02
7.124737972250178020e-02	4.437120887214524600e+02
7.212416622176831549e-02	4.267397119337476852e+02
7.301133777084516108e-02	4.104217185991190036e+02
7.390900573412771679e-02	3.947327597970931379e+02
7.481728238457463487e-02	3.796484495354844739e+02
7.573628085300533608e-02	3.651453602256027580e+02
7.666611508221317373e-02	3.512009962376503154e+02
7.760689992013006244e-02	3.377937105783803986e+02
7.855875101172928032e-02	3.249027051188897985e+02
7.952178488771301235e-02	3.125079902354259502e+02
8.049611887654027631e-02	3.005903499690390959e+02
8.148187117265405510e-02	2.891313143551903408e+02
8.247916076885287995e-02	2.781131369339346975e+02
8.348810748293288009e-02	2.675187640794039226e+02
8.450883193797492643e-02	2.573317898827319823e+02
8.554145558444511965e-02	2.475364469443840960e+02
8.658610064231823944e-02	2.381175957904252414e+02
8.764289011245834926e-02	2.290606753431941343e+02
8.871194781215060998e-02	2.203516833169109930e+02
8.979339827384702488e-02	2.119771696492206559e+02
9.088736684399653654e-02	2.039242043638802215e+02
9.199397955643022484e-02	1.961803628570433489e+02
9.311336322619960526e-02	1.887336905730992100e+02
9.424564539506244398e-02	1.815727049444164152e+02
9.539095426365805375e-02	1.746863796452963697e+02
9.654941878257444765e-02	1.680640949169823557e+02
9.772116858962806574e-02	1.616956525304489389e+02
9.890633393520444072e-02	1.555712574496889147e+02
1.001050458016231742e-01	1.496814850305318885e+02
1.013174357335540898e-01	1.440172820090573680e+02
1.025436359566442024e-01	1.385699367564493230e+02
1.037837793045232465e-01	1.333310812238215703e+02
1.050379991384116779e-01	1.282926813394355463e+02
1.063064294494844020e-01	1.234470001902115683e+02
1.075892047600968543e-01	1.187865998383685735e+02
1.088864601454333364e-01	1.143043415619404186e+02
1.101983311260359838e-01	1.099933634904586199e+02
1.115249537748140424e-01	1.058470576408546435e+02
1.128664646317883713e-01	1.018590785463711654e+02
1.142230006162052725e-01	9.802333328652703415e+01
1.155946991295335319e-01	9.433395273895348510e+01
1.169816979679469127e-01	9.078530042972208491e+01
1.183841352349590675e-01	8.737196413573110476e+01
1.198021494369831547e-01	8.408873077043357114e+01
1.212358793950527036e-01	8.093059332156585128e+01
1.226854641594712081e-01	7.789274240291192086e+01
1.241510431114074137e-01	7.497054983201957157e+01
1.256327557914399262e-01	7.215956947206662164e+01
1.271307419852798493e-01	6.945552407795082672e+01
1.286451416416056204e-01	6.685430332298331280e+01
1.301760947979125893e-01	6.435195817570398447e+01
1.317237416423915897e-01	6.194468899223373626e+01
1.332882223885946127e-01	5.962884499508225389e+01
1.348696772874921068e-01	5.740091651525343508e+01
1.364682465872774642e-01	5.525752799001892868e+01
1.380840704842854205e-01	5.319543547087685909e+01
1.397172890866956452e-01	5.121152106609867616e+01
1.413680423632670269e-01	4.930278620806456047e+01
1.430364701513986148e-01	4.746634806625069558e+01
1.447227120292597646e-01	4.569943584055042152e+01
1.464269073762016760e-01	4.399938556875132889e+01
1.481491952160300107e-01	4.236363592955879653e+01
1.498897142927602677e-01	4.078972472376963054e+01
1.516486028956015031e-01	3.927528455946905694e+01
1.534259989470713181e-01	3.781803962406456776e+01
1.552220398130627621e-01	3.641580233113072751e+01
1.570368623799070495e-01	3.506646788618598976e+01
1.588706029518511809e-01	3.376801377306064467e+01
1.607233971355137014e-01	3.251849677760552026e+01
1.625953799079939976e-01	3.131604592899346784e+01
1.644866855051949073e-01	3.015886366220343362e+01
1.663974472992910403e-01	2.904522307427487604e+01
1.683277978716412604e-01	2.797346114357272739e+01
1.702778688933579421e-01	2.694198021393541609e+01
1.722477909974028110e-01	2.594924535907375329e+01
1.742376938531985942e-01	2.499377846076532350e+01
1.762477060409369800e-01	2.407415939513111525e+01
1.782779549201240210e-01	2.318902389139217135e+01
1.803285667026003070e-01	2.233705843850060546e+01
1.823996663222758607e-01	2.151700328448011135e+01
1.844913773019038750e-01	2.072763992321790738e+01
1.866038218212632549e-01	1.996777103661309027e+01
1.887371226693110582e-01	1.923631630460994657e+01
1.908913936058797001e-01	1.853224146194501643e+01
1.930667562994159980e-01	1.785443334355068501e+01
1.952633258983049735e-01	1.720188592283773232e+01
1.974812163487255634e-01	1.657367708047538457e+01
1.997205398994599812e-01	1.596887588701976490e+01
2.019814069216703534e-01	1.538659433863650960e+01
2.042639257655254337e-01	1.482598252597514055e+01
2.065682024850092890e-01	1.428621687217613001e+01
2.088943419258854073e-01	1.376650259828771894e+01
2.112424458058498322e-01	1.326608572136489173e+01
2.136126138620088322e-01	1.278423909474129161e+01
2.160049435004258167e-01	1.232025868548405967e+01
2.184195296903002903e-01	1.187346949048334999e+01
2.208564648972999866e-01	1.144322245538093519e+01
2.233158389947122457e-01	1.102889345546065414e+01
2.257977391742428119e-01	1.062988213548924499e+01
2.283022499146176720e-01	1.024561105654755977e+01
2.308294528154108960e-01	9.875524974208230944e+00
2.333794266173347676e-01	9.519089825378108216e+00
2.359522470078230516e-01	9.175791959066742720e+00
2.385479866612017774e-01	8.845137351984304175e+00
2.411667150250284553e-01	8.526650922018866652e+00
2.438084983558514995e-01	8.219875483006520156e+00
2.464733995878321537e-01	7.924371425800945445e+00
2.491614781869237460e-01	7.639716071261513086e+00
2.518727902060813317e-01	7.365502662191447669e+00
2.546073880413429746e-01	7.101340069043724057e+00
2.573653204906096170e-01	6.846851852721609788e+00
2.601466326117922168e-01	6.601676029065434825e+00
2.629513655710636333e-01	6.365464613895642110e+00
2.657795566913455088e-01	6.137882474126793220e+00
2.686312393065705684e-01	5.918607405700281099e+00
2.715064426088213412e-01	5.707329630873357651e+00
2.744051917030123633e-01	5.503750800913130625e+00
2.773275074594946932e-01	5.307584059341945881e+00
2.802734063624878758e-01	5.118553604839597426e+00
2.832429005700971558e-01	4.936393795146605257e+00
2.862359977605513084e-01	4.760849220343116528e+00
2.892527009944975136e-01	4.591674299580208007e+00
2.922930087675007504e-01	4.428632640199430703e+00
2.953569148679133782e-01	4.271496303899252389e+00
2.984444082353623906e-01	4.120044744068167120e+00
3.015554740141478396e-01	3.974070921481619667e+00
3.046900884331106285e-01	3.833374142455351130e+00
3.078482286368797172e-01	3.697753150766831975e+00
3.110298627743071087e-01	3.567021477642605909e+00
3.142349548503501344e-01	3.441001552715112322e+00
3.174634636079862737e-01	3.319518394586915555e+00
3.207153425780759903e-01	3.202404796249624042e+00
3.239905399252672735e-01	3.089499854738270379e+00
3.272889984443091982e-01	2.980648776187563076e+00
3.306106554418186128e-01	2.875702598241334673e+00
3.339554427286227645e-01	2.774517927506054527e+00
3.373232865543082104e-01	2.676956751569453896e+00
3.407141075340276437e-01	2.582886278120479773e+00
3.441278206104332882e-01	2.492178668292123866e+00
3.475643350285902433e-01	2.404710870419522806e+00
3.510235542440853784e-01	2.320364481856923344e+00
3.545053758989760162e-01	2.239025516974949337e+00
3.580096918213010460e-01	2.160584233091524808e+00
3.615363879042453599e-01	2.084935017787419298e+00
3.650853441701557012e-01	2.011976197388757548e+00
3.686564346339278320e-01	1.941609905710848016e+00
3.722495273680516137e-01	1.873741893286816840e+00
3.758644844404179231e-01	1.808281446053082497e+00
3.795011618384401819e-01	1.745141260896999613e+00
3.831594095461569593e-01	1.684237220636103149e+00
3.868390714840802547e-01	1.625488367473771456e+00
3.905399854380796620e-01	1.568816769789846077e+00
3.942619831759861526e-01	1.514147363799038581e+00
3.980048903002950111e-01	1.461407884117447376e+00
4.017685263667326589e-01	1.410528719420781618e+00
4.055527048372780108e-01	1.361442850110082148e+00
4.093572330272950976e-01	1.314085763401866336e+00
4.131819122217242901e-01	1.268395289969680872e+00
4.170265376179096983e-01	1.224311552186832186e+00
4.208908983793014924e-01	1.181776917171922570e+00
4.247747775635272727e-01	1.140735871815892866e+00
4.286779523037382300e-01	1.101134902244357505e+00
4.326001937247600515e-01	1.062922497716791925e+00
4.365412669475639551e-01	1.026049059233524074e+00
4.405009312314300263e-01	9.904667600787618875e-01
4.444789399719846212e-01	9.561295481883076430e-01
4.484750406544094070e-01	9.229930816830469453e-01
4.524889750454084147e-01	8.910146036751827037e-01
4.565204791737316192e-01	8.601529315061212655e-01
4.605692833339336545e-01	8.303684015834196241e-01
4.646351122670765443e-01	8.016227809193173792e-01
4.687176850947658013e-01	7.738792368148322831e-01
4.728167154906398051e-01	7.471022670644743569e-01
4.769319117086500692e-01	7.212576653997204712e-01
4.810629766167368593e-01	6.963124751890609199e-01
4.852096078662470058e-01	6.722349224785691968e-01
4.893714978893873302e-01	6.489943917546310281e-01
4.935483340302238564e-01	6.265613750143582683e-01
4.977397986318695677e-01	6.049074243995944400e-01
5.019455691202623360e-01	5.840051230097977886e-01
5.061653181014198477e-01	5.638280470653469489e-01
5.103987134550711513e-01	5.443507193996792726e-01
5.146454184802849996e-01	5.255485722447739150e-01
5.189050919261515293e-01	5.073979355513008604e-01
5.231773882031557354e-01	4.898759773228774095e-01
5.274619573817374008e-01	4.729606882256499611e-01
5.317584454363949442e-01	4.566308435674180655e-01
5.360664942312894921e-01	4.408659824569182706e-01
5.403857417860633561e-01	4.256463915900381423e-01
5.447158221210948170e-01	4.109530309922616587e-01
5.490563660341395424e-01	3.967675136131509905e-01
5.534070004212994220e-01	3.830721660267970008e-01
5.577673488569735438e-01	3.698499401171695400e-01
5.621370317093583591e-01	3.570843552101047869e-01
5.665156662191297432e-01	3.447595344765406744e-01
5.709028666055260270e-01	3.328601654740896421e-01
5.752982443103303867e-01	3.213714688645099571e-01
5.797014080778893907e-01	3.102791933436196414e-01
5.841119640672942648e-01	2.995695935433019264e-01
5.885295161051964374e-01	2.892294004012561648e-01
5.929536657682160650e-01	2.792458063501916943e-01
5.973840125011704583e-01	2.696064908247806646e-01
6.018201538744030188e-01	2.602995247331492679e-01
6.062616856690659084e-01	2.513134141408167044e-01
6.107082019995254685e-01	2.426370695934621791e-01
6.151592955787369421e-01	2.342597816614642725e-01
6.196145578016565292e-01	2.261712088550204280e-01
6.240735788662646888e-01	2.183614223462544690e-01
6.285359480465196880e-01	2.108209321796866986e-01
6.330012514117279165e-01	2.035401866138511207e-01
6.374690837505487817e-01	1.965101723833043990e-01
6.419390236587662057e-01	1.897225523140383674e-01
6.464106652890000415e-01	1.831687846070157721e-01
6.508835904285479312e-01	1.768409085851631590e-01
6.553573874297069501e-01	1.707311849217801325e-01
6.598316430743976779e-01	1.648319577174745254e-01
6.643059445156580534e-01	1.591360470317853271e-01
6.687798792890794486e-01	1.536364578322385877e-01
6.732530355645821585e-01	1.483264363167947353e-01
6.777250022812838504e-01	1.431994609836946264e-01
6.821953692837876559e-01	1.382492376363661235e-01
6.866637274867432028e-01	1.334696890270988534e-01
6.911296690359144401e-01	1.288549466813129485e-01
6.955927874616270046e-01	1.243993454922797670e-01
7.000526777854312321e-01	1.200974152123440719e-01
7.045089367624201016e-01	1.159438733665424243e-01
7.089611628933248921e-01	1.119336211969764044e-01
7.134089567080208472e-01	1.080617379080270057e-01
7.178519206861956325e-01	1.043234658430794021e-01
7.222896598918440159e-01	1.007142070628066766e-01
7.267217814722680691e-01	9.722953242589028877e-02
7.311478951725799424e-01	9.386516302335898287e-02
7.355676134356177176e-01	9.061696246514830411e-02
7.399805514042342436e-01	8.748093872507244073e-02
7.443863272276289855e-01	8.445323463586658363e-02
7.487845620502485700e-01	8.153012736601480959e-02
7.531748801403097549e-01	7.870802191971820738e-02
7.575569091205934802e-01	7.598344410118665349e-02
7.619302799744908095e-01	7.335304104664308600e-02
7.662946271600123982e-01	7.081357467983014076e-02
7.706495888320681331e-01	6.836191573771324692e-02
7.749948068355010378e-01	6.599504371374237399e-02
7.793299268357593013e-01	6.371004032706040210e-02
7.836545984659460951e-01	6.150408944922423904e-02
7.879684754194905549e-01	5.937448765984739557e-02
7.922712145398703720e-01	5.731859184171714250e-02
7.965624797384280864e-01	5.533383348093055126e-02
8.008419363727541374e-01	5.341778896762034573e-02
8.051092551848867407e-01	5.156810510662118707e-02
8.093641113637787265e-01	4.978248287084061779e-02
8.136061847237728850e-01	4.805871499945540276e-02
8.178351596361931319e-01	4.639466845422955676e-02
8.220507252404580800e-01	4.478827511386516969e-02
8.262525760050463131e-01	4.323755335385742055e-02
8.304404095170629940e-01	4.174059671504658925e-02
8.346139300407854344e-01	4.029553747298481037e-02
8.387728461328891605e-01	3.890057807446049842e-02
8.429168714664723172e-01	3.755399391544633064e-02
8.470457247171468973e-01	3.625411430546079949e-02
8.511591297013856305e-01	3.499932567260542055e-02
8.552568154189598149e-01	3.378806948207058874e-02
8.593385160429755087e-01	3.261884134899423193e-02
8.634039709872234347e-01	3.149018782487887635e-02
8.674529250018554460e-01	3.040070495860699995e-02
8.714851280912321307e-01	2.934903812562095204e-02
8.755003355937427401e-01	2.833387932576982016e-02
8.794983082065952473e-01	2.735396383099539253e-02
8.834788121463644783e-01	2.640807033363701956e-02
8.874416188858151866e-01	2.549502133730849676e-02
8.913865053598266641e-01	2.461367929139466129e-02
8.953132539565831216e-01	2.376294480670196330e-02
8.992216525155926066e-01	2.294175686600728389e-02
9.031114942970390747e-01	2.214909105615069790e-02
9.069825780572615681e-01	2.138395796539846114e-02
9.108347079900541710e-01	2.064540237682858589e-02
9.146676937452671297e-01	1.993250186119277859e-02
9.184813504662866501e-01	1.924436596000757282e-02
9.222754986531698229e-01	1.858013501924545355e-02
9.260499643466946207e-01	1.793897820407073032e-02
9.298045789683968554e-01	1.732009420038173320e-02
9.335391793501360835e-01	1.672271172269520698e-02
9.372536073385481226e-01	1.614608149771543447e-02
9.409477113022153283e-01	1.558947797906842965e-02
9.446213438399083673e-01	1.505220835923246937e-02
9.482743631979898558e-01	1.453360217773156000e-02
9.519066330080993010e-01	1.403300841118940157e-02
9.555180221453064560e-01	1.354980047172711123e-02
9.591084046987369272e-01	1.308337355445627487e-02
9.626776600271090834e-01	1.263314337762539569e-02
9.662256726483394731e-01	1.219854620462454756e-02
9.697523321973863242e-01	1.177903791630447415e-02
9.732575334528604794e-01	1.137409300872466167e-02
9.767411762624129690e-01	1.098320422306005642e-02
9.802031654418140727e-01	1.060588111604486745e-02
9.836434110993299562e-01	1.024165187500102048e-02
9.870618275140909947e-01	9.890061961477111807e-03
9.904583346223637674e-01	9.550669424594405987e-03
9.938328569500172183e-01	9.223048551975501080e-03
9.971853237712345885e-01	8.906789842727294224e-03
1.000515669190753298e+00	8.601497192286453736e-03
1.003823831923569720e+00	8.306788395062190272e-03
1.007109755402574969e+00	8.022294472102039012e-03
1.010373387599547312e+00	7.747659366801749187e-03
1.013614681032452447e+00	7.482539384879422460e-03
1.016833592725630009e+00	7.226602742073513254e-03
1.020030084085420174e+00	6.979529334793756028e-03
1.023204120913523196e+00	6.741010165163771085e-03
1.026355673305216376e+00	6.510746880362589667e-03
1.029484715631149738e+00	6.288451378795185780e-03
1.032591226500667370e+00	6.073846136500187821e-03
1.035675188405285052e+00	5.866663522936037614e-03
1.038736588144614004e+00	5.666644352259625310e-03
1.041775416496629525e+00	5.473538690974340259e-03
1.044791668102820204e+00	5.287105727598659551e-03
1.047785341568097772e+00	5.107112789644100564e-03
1.050756439271605114e+00	4.933335438909241914e-03
1.053704967325606701e+00	4.765557138838313368e-03
1.056630935597729470e+00	4.603569095056630166e-03
1.059534357373725033e+00	4.447169307405325969e-03
1.062415249990533495e+00	4.296162496831700851e-03
1.065273633837050093e+00	4.150361225114094013e-03
1.068109532863440458e+00	4.009584505120833246e-03
1.070922974388977655e+00	3.873657133562519953e-03
1.073713989067407670e+00	3.742410194048991119e-03
1.076482610784281091e+00	3.615680777752726827e-03
1.079228876569662932e+00	3.493311653246859629e-03
1.081952826627095909e+00	3.375151001428648712e-03
1.084654504174447087e+00	3.261052437384288037e-03
1.087333955387509432e+00	3.150874688109092398e-03
1.089991229421569674e+00	3.044481325199078527e-03
1.092626378265829645e+00	2.941740758016600857e-03
1.095239456658612109e+00	2.842525792777425564e-03
1.097830522306944889e+00	2.746714014631582764e-03
1.100399635053153080e+00	2.654187613583340512e-03
1.102946857805096714e+00	2.564832157648858774e-03
1.105472255911256418e+00	2.478537418244098484e-03
1.107975897062211779e+00	2.395197269853857960e-03
1.110457851600064716e+00	2.314708894378235925e-03
1.112918192126346018e+00	2.236973416698498363e-03
1.115356993405234309e+00	2.161895544502009069e-03
1.117774332595154352e+00	2.089383036691502046e-03
1.120170288932510694e+00	2.019346961309240098e-03
1.122544943813632123e+00	1.951701506018519751e-03
1.124898380690609212e+00	1.886363830072874210e-03
1.127230684998346444e+00	1.823254033674892366e-03
1.129541944121081221e+00	1.762294993726804806e-03
1.131832247322124285e+00	1.703412273463224139e-03
1.134101685701064843e+00	1.646534066917106033e-03
1.136350352090060190e+00	1.591591055538435452e-03
1.138578341106423197e+00	1.538516334099746322e-03
1.140785748940318367e+00	1.487245382695843218e-03
1.142972673450556531e+00	1.437715901417669024e-03
1.145139214010489903e+00	1.389867757105148031e-03
1.147285471521824363e+00	1.343642940716416800e-03
1.149411548295384167e+00	1.298985465431285206e-03
1.151517548065591701e+00	1.255841268635027146e-03
1.153603575921776203e+00	1.214158229129442320e-03
1.155669738157100612e+00	1.173886044116932400e-03
1.157716142420577965e+00	1.134976069881757496e-03
1.159742897529220551e+00	1.097381453850460389e-03
1.161750113339099721e+00	1.061057000681709913e-03
1.163737900957323657e+00	1.025958970650044490e-03
1.165706372457820716e+00	9.920452525547186675e-04
1.167655640882466095e+00	9.592751965542982212e-04
1.169585820334153370e+00	9.276094929421404775e-04
1.171497025752964438e+00	8.970102688392395584e-04
1.173389372962496902e+00	8.674409722183223708e-04
1.175262978621852028e+00	8.388662672260044145e-04
1.177117960205401381e+00	8.112520877362593835e-04
1.178954435844460580e+00	7.845655800805311159e-04
1.180772524444211991e+00	7.587749773587218775e-04
1.182572345554476767e+00	7.338496203318220024e-04
1.184354019349298959e+00	7.097599463930714600e-04
1.186117666544107996e+00	6.864773566663351454e-04
1.187863408554142408e+00	6.639743168745757419e-04
1.189591366972703845e+00	6.422243182689633175e-04
1.191301664121286574e+00	6.212016148455313039e-04
1.192994422757080120e+00	6.008814639534732372e-04
1.194669765686548812e+00	5.812399071950031431e-04
1.196327816815157430e+00	5.622536688773514812e-04
1.197968699677001592e+00	5.439005824247570165e-04
1.199592538379921525e+00	5.261591810703499048e-04
1.201199457257695835e+00	5.090086168938990577e-04
1.202789580848479645e+00	4.924288286669804620e-04
1.204363033948988582e+00	4.764004297258971521e-04
1.205919941462457068e+00	4.609047361920174941e-04
1.207460428430770838e+00	4.459236818737176791e-04
1.208984620074573746e+00	4.314398053513154624e-04
1.210492641625415811e+00	4.174363003226668335e-04
1.211984618344346787e+00	4.038969140683931302e-04
1.213460675613828421e+00	3.908059249047164912e-04
1.214920938727975575e+00	3.781481926814299734e-04
1.216365532972501162e+00	3.659090961351790642e-04
1.217794583582267220e+00	3.540744938704098576e-04
1.219208215721863331e+00	3.426307354856680462e-04
1.220606554451449055e+00	3.315646557647664483e-04
1.221989724656139087e+00	3.208635355297052242e-04
1.223357851147056641e+00	3.105150761178399272e-04
1.224711058505249417e+00	3.005074233669150809e-04
1.226049471111110512e+00	2.908291198574573908e-04
1.227373213187830325e+00	2.814690883546962382e-04
1.228682408656879943e+00	2.724166558276742197e-04
1.229977181193095070e+00	2.636615005674878458e-04
1.231257654237563282e+00	2.551936452489357923e-04
1.232523950876319940e+00	2.470034726362382318e-04
1.233776193911574115e+00	2.390816832365044655e-04
1.235014505807395579e+00	2.314192904515702807e-04
1.236239008682829432e+00	2.240076272860029246e-04
1.237449824248868069e+00	2.168383166377014506e-04
1.238647073896528505e+00	2.099032565977184686e-04
1.239830878570129080e+00	2.031946376356515203e-04
1.241001358789625808e+00	1.967049104800708324e-04
1.242158634689481067e+00	1.904267721578805186e-04
1.243302825923537247e+00	1.843531842089212575e-04
1.244434051671974073e+00	1.784773412374518345e-04
1.245552430683667611e+00	1.727926529859796952e-04
1.246658081229554238e+00	1.672927779059661885e-04
1.247751120955473469e+00	1.619715908545043051e-04
1.248831667165659853e+00	1.568231459348747795e-04
1.249899836532972985e+00	1.518417230585493666e-04
1.250955745191730362e+00	1.470217854215637523e-04
1.251999508853267606e+00	1.423579740223477957e-04
1.253031242498714448e+00	1.378451339906760229e-04
1.254051060683625929e+00	1.334782728548072959e-04
1.255059077277115076e+00	1.292525671339657140e-04
1.256055405640206235e+00	1.251633547363886138e-04
1.257040158498798466e+00	1.212061301731513156e-04
1.258013447982699873e+00	1.173765444852626315e-04
1.258975385612129294e+00	1.136703903466330695e-04
1.259926082283816307e+00	1.100836035582298394e-04
1.260865648270325101e+00	1.066122569992473788e-04
1.261794193197224079e+00	1.032525536371099321e-04
1.262711826077782762e+00	1.000008269520827840e-04
1.263618655216051545e+00	9.685353267000451594e-05
1.264514788343547469e+00	9.380724059552125336e-05
1.265400332451854348e+00	9.085864121699764714e-05
1.266275393923358861e+00	8.800453807180619293e-05
1.267140078400319725e+00	8.524183633896091443e-05
1.267994490938026964e+00	8.256753802332321055e-05
1.268838735860874589e+00	7.997875869926161807e-05
1.269672916763700421e+00	7.747270950518266638e-05
1.270497136636736801e+00	7.504667995307005780e-05
1.271311497742044994e+00	7.269806443067757743e-05
1.272116101577398961e+00	7.042434393482250503e-05
1.272911049055258870e+00	6.822307030243177756e-05
1.273696440305967181e+00	6.609188843366706277e-05
1.274472374755549309e+00	6.402852154628470673e-05
1.275238951150357236e+00	6.203076110237997355e-05
1.275996267510055349e+00	6.009647803739713091e-05
1.276744421115143968e+00	5.822361297300755864e-05
1.277483508574898119e+00	5.641017000115592419e-05
1.278213625756899674e+00	5.465422574787314234e-05
1.278934867776557294e+00	5.295391928368367357e-05
1.279647329095022101e+00	5.130744585224711861e-05
1.280351103397439738e+00	4.971306772056047907e-05
1.281046283646167572e+00	4.816910232773112646e-05
1.281732962116955976e+00	4.667391517577211812e-05
1.282411230356106602e+00	4.522593195438687360e-05
1.283081179152734119e+00	4.382363574666167828e-05
1.283742898554754985e+00	4.246555532791582800e-05
1.284396477946892601e+00	4.115026626491700648e-05
1.285042005894376782e+00	3.987638708037415103e-05
1.285679570419409057e+00	3.864258212987596743e-05
1.286309258600421890e+00	3.744756990744502325e-05
1.286931156948633692e+00	3.629010319441370740e-05
1.287545351173767116e+00	3.516897688914538158e-05
1.288151926272980141e+00	3.408302697085196251e-05
1.288750966556885702e+00	3.303112263514103146e-05
1.289342555591983741e+00	3.201217473650348289e-05
1.289926776217745097e+00	3.102512982368028428e-05
1.290503710576350382e+00	3.006896571914700539e-05
1.291073440094330671e+00	2.914269638560841233e-05
1.291636045450485604e+00	2.824536670918629310e-05
1.292191606682238758e+00	2.737605152925588883e-05
1.292740203037076263e+00	2.653385913287637391e-05
1.293281913108426551e+00	2.571792494697593224e-05
1.293816814761124423e+00	2.492741116040684540e-05
1.294344985176216101e+00	2.416150904899593672e-05
1.294866500808199650e+00	2.341943627031327200e-05
1.295381437432646665e+00	2.270043330202358082e-05
1.295889870152419965e+00	2.200376897743683071e-05
1.296391873282560558e+00	2.132873599160372467e-05
1.296887520570377594e+00	2.067464292160956849e-05
1.297376885036247707e+00	2.004082820398280933e-05
1.297860038922354464e+00	1.942665234928060900e-05
1.298337053945320729e+00	1.883148792115514568e-05
1.298808001047469185e+00	1.825473632394086096e-05
1.299272950473030264e+00	1.769581749016807057e-05
1.299731971877903680e+00	1.715416310796057784e-05
1.300185134215494642e+00	1.662922866923650312e-05
1.300632505739156786e+00	1.612048975669487340e-05
1.301074154062965338e+00	1.562743365434889200e-05
1.301510146179370553e+00	1.514956354620570987e-05
1.301940548384847185e+00	1.468640341904059609e-05
1.302365426312205088e+00	1.423749082626909816e-05
1.302784844989931079e+00	1.380237515838064313e-05
1.303198868788100651e+00	1.338062306414010779e-05
1.303607561408552717e+00	1.297181639748183228e-05
1.304010985939797251e+00	1.257554666245995434e-05
1.304409204868434147e+00	1.219141841761816387e-05
1.304802280005357806e+00	1.181905248811304806e-05
1.305190272551637554e+00	1.145808406881305237e-05
1.305573243003278705e+00	1.110815368700416575e-05
1.305951251462273754e+00	1.076891021346686002e-05
1.306324357217224064e+00	1.044002236966321677e-05
1.306692619010657141e+00	1.012116827374298106e-05
1.307056094989224038e+00	9.812032634741317983e-06
1.307414842673139121e+00	9.512311583003623343e-06
1.307768919028558186e+00	9.221710432478887745e-06
1.308118380388106905e+00	8.939945855056064003e-06
1.308463282493152358e+00	8.666741366200427359e-06
1.308803680564190497e+00	8.401828336625148484e-06
1.309139629175719577e+00	8.144950496134926359e-06
1.309471182318450166e+00	7.895857266830635937e-06
1.309798393492356494e+00	7.654304238581926932e-06
1.310121315555695887e+00	7.420058199636663841e-06
1.310440000806119443e+00	7.192892014152691483e-06
1.310754501044532505e+00	6.972583814236166235e-06
1.311064867447957250e+00	6.758921059313144738e-06
1.311371150691907683e+00	6.551697740966389363e-06
1.311673400852202187e+00	6.350713432879816984e-06
1.311971667536627972e+00	6.155773473271231189e-06
1.312265999754913093e+00	5.966691027326209052e-06
1.312556445994210286e+00	5.783283977733782918e-06
1.312843054256600528e+00	5.605375327031731244e-06
1.313125871962447455e+00	5.432795687039930848e-06
1.313404946022981523e+00	5.265379389175144500e-06
1.313680322882534446e+00	5.102965429296402189e-06
1.313952048406789030e+00	4.945399249434541708e-06
1.314220168004783584e+00	4.792530337568900890e-06
1.314484726550552374e+00	4.644212712218972302e-06
1.314745768448996710e+00	4.500305771222145191e-06
1.315003337558149576e+00	4.360672704442839524e-06
1.315257477317108847e+00	4.225179989703362553e-06
1.315508230637520093e+00	4.093699771597134080e-06
1.315755639927771004e+00	3.966108086421025272e-06
1.315999747174996681e+00	3.842283030670519009e-06
1.316240593861917274e+00	3.722108288052409216e-06
1.316478220980273450e+00	3.605470908551927055e-06
1.316712669101796518e+00	3.492259961099117178e-06
1.316943978323309228e+00	3.382368661808310557e-06
1.317172188275472111e+00	3.275694484968383690e-06
1.317397338118711625e+00	3.172137760887249915e-06
1.317619466592224509e+00	3.071601329314545691e-06
1.317838611956089867e+00	2.973989602374448281e-06
1.318054812150272870e+00	2.879210887131299106e-06
1.318268104493337090e+00	2.787178667072789336e-06
1.318478525996012785e+00	2.697805670626225703e-06
1.318686113250884917e+00	2.611006999043059501e-06
1.318890902373766494e+00	2.526702920425571261e-06
1.319092929064973774e+00	2.444815387867729661e-06
1.319292228616306240e+00	2.365267830377148216e-06
1.319488835915713087e+00	2.287985669990339859e-06
1.319682785441102624e+00	2.212896090138279426e-06
1.319874111313003251e+00	2.139929995452572358e-06
1.320062847101589165e+00	2.069020591833204559e-06
1.320249026155131622e+00	2.000100611872948677e-06
1.320432681323743918e+00	1.933105446630338018e-06
1.320613845135683695e+00	1.867972675594419168e-06
1.320792549690385398e+00	1.804641397737169363e-06
1.320968826734219448e+00	1.743052912516596457e-06
1.321142707587706910e+00	1.683149346595157632e-06
1.321314223275266597e+00	1.624873531613596293e-06
1.321483404413670071e+00	1.568171194575559718e-06
1.321650281208534228e+00	1.512989165184791817e-06
1.321814883586972744e+00	1.459273924940991993e-06
1.321977241089892452e+00	1.406974675014754225e-06
1.322137382838189934e+00	1.356041653988338609e-06
1.322295337711108409e+00	1.306424615138830533e-06
1.322451134172736742e+00	1.258075366125596641e-06
1.322604800346999454e+00	1.210946593168627164e-06
1.322756364037578791e+00	1.164990788648721892e-06
1.322905852713039954e+00	1.120161448654124163e-06
1.323053293481276427e+00	1.076412589939719537e-06
1.323198713150930628e+00	1.033697921621630413e-06
1.323342138208048580e+00	9.919716930952703567e-07
1.323483594766329929e+00	9.511880853047576612e-07
1.323623108687993266e+00	9.113000622107875114e-07
1.323760705494304135e+00	8.722608773483643837e-07
1.323896410347600083e+00	8.340228091090622932e-07
1.324030248179492775e+00	7.965356556240179327e-07
1.324162243584553034e+00	7.597479736362513025e-07
1.324292420842950957e+00	7.236067441679917798e-07
1.324420803906025901e+00	6.880548832569633811e-07
1.324547416516412390e+00	6.530310792163248180e-07
1.324672281993452883e+00	6.184682175317551042e-07
1.324795423576770492e+00	5.842918518822100575e-07
1.324916863982184445e+00	5.504192615926011317e-07
1.325036625819702163e+00	5.162520956222110370e-07
1.325154731268948227e+00	4.826961164227984483e-07
1.325271202400646331e+00	4.490952645565548999e-07
1.325386060923536613e+00	4.152777252880385330e-07
1.325499328249015063e+00	3.810212815700450684e-07
1.325611025539495058e+00	3.460230512340863700e-07
1.325721173741108982e+00	3.098477271217745902e-07
1.325829793478543239e+00	2.718328794031849109e-07
1.325936905121738674e+00	2.308886749761136802e-07
1.326042528850313262e+00	1.848645260971184245e-07
1.326146684502953699e+00	1.281219571860174517e-07
1.326249391729619642e+00	0.000000000000000000e+00
