# Data associated with arXiv:2110.09653
# 
# Scale-free J-factor angular distribution, J_S(theta), of a nfw1-25 dark matter distribution (see Eq. 8 and the surrounding discussion)
# 
# Published: 3/29/22, Jack Runburg, contact: runburg@hawaii.edu
# 
# 
# -----------------------------------------------------------------
# 
# 	 tilde theta 		 | 	 tilde J s-wave 		 | 	 tilde J p-wave 		 | 	 tilde J d-wave 		 | 	 tilde J sommerfeld 
# 
# -----------------------------------------------------------------
1.000000000000000021e-03	3.762267799118576659e+04	1.951471785883226175e+03	4.455086442492839183e+02	3.065130735023421585e+05
1.021192151037671062e-03	3.645209311619884829e+04	1.917421317356730924e+03	4.413650600164176581e+02	2.946877251836608048e+05
1.042833409340945643e-03	3.531832982174498466e+04	1.883937573705478371e+03	4.372491448481018779e+02	2.833230761618061224e+05
1.064933292458827233e-03	3.421928727069740853e+04	1.850995872242511268e+03	4.331593197652177309e+02	2.723922574066427187e+05
1.087501519637659123e-03	3.315411021683991567e+04	1.818590912442706667e+03	4.290957653950814574e+02	2.618802890379866003e+05
1.110548016095517111e-03	3.212217343343275934e+04	1.786721116627094489e+03	4.250590072438061497e+02	2.517754210201802489e+05
1.134082917387199208e-03	3.112267706476416424e+04	1.755386780821222828e+03	4.210497259713872609e+02	2.420657546969465329e+05
1.158116573861711456e-03	3.015379714208808582e+04	1.724559041117444394e+03	4.170658713663541448e+02	2.327258691794406332e+05
1.182659555214217667e-03	2.921478072899550170e+04	1.694233464990187713e+03	4.131076501243104531e+02	2.237437675969402480e+05
1.207722655134462354e-03	2.830508788484856996e+04	1.664413771325383095e+03	4.091760350175578651e+02	2.151105116841545387e+05
1.233316896053688856e-03	2.742397559547075798e+04	1.635092341716724377e+03	4.052709938667420602e+02	2.068140222515824717e+05
1.259453533992170365e-03	2.656986044772564856e+04	1.606246771787353282e+03	4.013909671385983415e+02	1.988333502638385689e+05
1.286144063509461061e-03	2.574207960103913501e+04	1.577874670957062563e+03	3.975363162392987419e+02	1.911593823451271746e+05
1.313400222759557485e-03	2.494016667957197569e+04	1.549973652296021100e+03	3.937074695589413409e+02	1.837825563002028794e+05
1.341233998653187541e-03	2.416343371064974053e+04	1.522542154172537266e+03	3.899049056307333672e+02	1.766937048211448709e+05
1.369657632129505243e-03	2.341050626935051696e+04	1.495557194364587986e+03	3.861268906549795474e+02	1.698752419880703674e+05
1.398683623539492566e-03	2.268080085147689533e+04	1.469013583360566827e+03	3.823735110869877758e+02	1.633177543098814494e+05
1.428324738143458596e-03	2.197391453343379544e+04	1.442915364343941974e+03	3.786458151578612501e+02	1.570154550931179838e+05
1.458594011725036863e-03	2.128921217160822198e+04	1.417255630538796368e+03	3.749437205008126739e+02	1.509584480441169580e+05
1.489504756324154782e-03	2.062550087717589849e+04	1.392013502018090549e+03	3.712656067777454609e+02	1.451322835289190407e+05
1.521070566091505720e-03	1.998226700899061325e+04	1.367188512004957147e+03	3.676119927439440289e+02	1.395297643622029573e+05
1.553305323267072666e-03	1.935916237225120494e+04	1.342778657513355029e+03	3.639832922332994372e+02	1.341448797409404942e+05
1.586223204285366938e-03	1.875560215022814009e+04	1.318780135398344555e+03	3.603797067696477257e+02	1.289695118778278265e+05
1.619838686010041055e-03	1.817055112761033160e+04	1.295174901973037777e+03	3.567998130820179767e+02	1.239917942605514691e+05
1.654166552100628336e-03	1.760355718083919783e+04	1.271957928110544799e+03	3.532436593848468647e+02	1.192046272950250277e+05
1.689221899514206692e-03	1.705431932209284059e+04	1.249132727841945325e+03	3.497122502363225180e+02	1.146036798846373713e+05
1.725020145144853453e-03	1.652230037138134503e+04	1.226693134627839299e+03	3.462054594657358280e+02	1.101820539083090844e+05
1.761577032603788440e-03	1.600660204732790407e+04	1.204620338333127847e+03	3.427217106195597580e+02	1.059286214634448261e+05
1.798908639143220224e-03	1.550682639297566129e+04	1.182914508930071406e+03	3.392616132176921155e+02	1.018387680986714113e+05
1.837031382726912916e-03	1.502271314100754171e+04	1.161574576001695732e+03	3.358256101567591827e+02	9.790774295443798474e+04
1.875962029250603357e-03	1.455376995657733096e+04	1.140595015053126417e+03	3.324136433457336466e+02	9.412958104273762729e+04
1.915717699915417882e-03	1.409921746586536938e+04	1.119961972061078995e+03	3.290246148650516602e+02	9.049565036792235333e+04
1.956315878757565116e-03	1.365870540538404020e+04	1.099670407015947148e+03	3.256584369436090469e+02	8.700103766369326331e+04
1.997774420337589726e-03	1.323200863472456513e+04	1.079723117409038423e+03	3.223160525476452563e+02	8.364241431757902319e+04
2.040111557592579582e-03	1.281867683629928797e+04	1.060114736597037108e+03	3.189973881513259357e+02	8.041446644398558419e+04
2.083345909854779961e-03	1.241803387859114628e+04	1.040828770129728355e+03	3.157009128637292292e+02	7.730947419579832058e+04
2.127496491040134757e-03	1.202977148994527124e+04	1.021865032114704718e+03	3.124271597144059456e+02	7.432366146799919079e+04
2.172582718010372237e-03	1.165369483489945560e+04	1.003224084969974342e+03	3.091767703268116065e+02	7.145425537588320731e+04
2.218624419112281976e-03	1.128939279876544970e+04	9.848988033363658587e+02	3.059493775997502212e+02	6.869603986804994929e+04
2.265641842897974604e-03	1.093627888085740778e+04	9.668783725784340959e+02	3.027441405580534592e+02	6.604329637502877449e+04
2.313655667029933423e-03	1.059408178045706154e+04	9.491585614256663348e+02	2.995610174903214897e+02	6.349224884473260317e+04
2.362687007374795686e-03	1.026263280974936606e+04	9.317413307034508989e+02	2.964008101763640184e+02	6.104053840298087016e+04
2.412757427289825233e-03	9.941557295772774523e+03	9.146213764462868312e+02	2.932633536429700598e+02	5.868414389086535812e+04
2.463888947106213784e-03	9.630346542705010506e+03	8.977850588083865659e+02	2.901473322054165465e+02	5.641749506207856757e+04
2.516104053813336943e-03	9.328761798550967796e+03	8.812317491938454168e+02	2.870531784396529247e+02	5.423794310388943995e+04
2.569425710948245768e-03	9.036656939662261721e+03	8.649627554077241030e+02	2.839815996313797655e+02	5.214333369754386513e+04
2.623877368694733318e-03	8.753691057018166248e+03	8.489705140956175455e+02	2.809320853432441254e+02	5.012995329296356067e+04
2.679482974196439188e-03	8.479422985292523663e+03	8.332461763821148679e+02	2.779039346710468976e+02	4.819342648704207386e+04
2.736266982088478034e-03	8.213642627913824981e+03	8.177862188674563413e+02	2.748971337543355276e+02	4.633129820334252145e+04
2.794254365252289707e-03	7.956223335759261317e+03	8.025922676576710728e+02	2.719124348085144334e+02	4.454164272803853964e+04
2.853470625798387814e-03	7.706855389556734735e+03	7.876590509320440106e+02	2.689495940132553073e+02	4.282150839096993877e+04
2.913941806281861776e-03	7.465156231179539645e+03	7.729752150064776970e+02	2.660074383456766896e+02	4.116695785445466754e+04
2.975694501155571117e-03	7.230940989667297799e+03	7.585399197476360769e+02	2.630863691871245464e+02	3.957592157597052574e+04
3.038755868466027146e-03	7.004099827511865442e+03	7.443550558434305913e+02	2.601871797707057112e+02	3.804707693911563547e+04
3.103153641797168783e-03	6.784351760790113985e+03	7.304125969839853951e+02	2.573091436350371168e+02	3.657733936217251176e+04
3.168916142467233243e-03	6.571365087472661799e+03	7.167054919378369959e+02	2.544517352088822122e+02	3.516380036066022149e+04
3.236072291984112663e-03	6.364977142567081501e+03	7.032309396943199999e+02	2.516149735297583732e+02	3.380451639302755939e+04
3.304651624764658874e-03	6.165092605277281109e+03	6.899901407936523583e+02	2.487995401419038899e+02	3.249826812135163709e+04
3.374684301123556836e-03	5.971456900234797104e+03	6.769779763867795737e+02	2.460051499320557014e+02	3.124264326183034063e+04
3.446201120537424525e-03	5.783782451050735290e+03	6.641849796442459137e+02	2.432307415732916809e+02	3.003494437761496010e+04
3.519233535190044709e-03	5.601926139790869456e+03	6.516102426812425392e+02	2.404766892872248150e+02	2.887362598488429649e+04
3.593813663804625805e-03	5.425805183030325679e+03	6.392557928408418775e+02	2.377438200357694882e+02	2.775769468874235099e+04
3.669974305769219299e-03	5.255189223132334519e+03	6.271138714797843932e+02	2.350313243583022143e+02	2.668492562926701066e+04
3.747748955561452412e-03	5.089828964205278680e+03	6.151786095905214324e+02	2.323387503390713675e+02	2.565311612900481850e+04
3.827171817478984984e-03	4.929598494170904814e+03	6.034476148420513937e+02	2.296660991326133967e+02	2.466100494975440961e+04
3.908277820682117681e-03	4.774425861520271610e+03	5.919220779364725331e+02	2.270140676563372040e+02	2.370758442461168306e+04
3.991102634555192957e-03	4.624102870944249844e+03	5.805969122360348820e+02	2.243822844596003847e+02	2.279110490295080672e+04
4.075682684393532908e-03	4.478413432793577158e+03	5.694643572333637849e+02	2.217698463749016184e+02	2.190960192469869435e+04
4.162055167422817371e-03	4.337246779176337441e+03	5.585234244828069450e+02	2.191770680595776071e+02	2.106197380322542085e+04
4.250258069157961290e-03	4.200540320393672118e+03	5.477761132852416495e+02	2.166048038753199023e+02	2.024752387383034147e+04
4.340330180108637088e-03	4.068106104166401110e+03	5.372150249842949279e+02	2.140521111124501772e+02	1.946451553848367621e+04
4.432311112838861061e-03	3.939756842186316590e+03	5.268352419563458398e+02	2.115185845898339778e+02	1.871145837055469747e+04
4.526241319388085715e-03	3.815395095657187085e+03	5.166348381652411490e+02	2.090043073292778502e+02	1.798732311550418672e+04
4.622162109061505458e-03	3.694966368978276932e+03	5.066149731128052736e+02	2.065099770154749876e+02	1.729151798562486510e+04
4.720115666597336779e-03	3.578301167963100397e+03	4.967706694179870510e+02	2.040351580948393178e+02	1.662260318931416987e+04
4.820145070719144588e-03	3.465237181971776863e+03	4.870954899473921387e+02	2.015790710969046415e+02	1.597925385955026832e+04
4.922294313081310678e-03	3.355688702951249979e+03	4.775884669075771285e+02	1.991419428785286527e+02	1.536062723744040886e+04
5.026608317615998724e-03	3.249608236830476926e+03	4.682513997952202089e+02	1.967246028189838398e+02	1.476622643928776961e+04
5.133132960290130720e-03	3.146843092482227803e+03	4.590774570629203595e+02	1.943261161424708234e+02	1.419477484325266778e+04
5.241915089281041530e-03	3.047252618095322305e+03	4.500627790780076225e+02	1.919462387307259803e+02	1.364516792244272074e+04
5.353002545579732367e-03	2.950761429634202159e+03	4.412055369640864910e+02	1.895850204302793998e+02	1.311671161900067636e+04
5.466444184030696055e-03	2.857328092120072597e+03	4.325068453457280384e+02	1.872431146579820904e+02	1.260891514433799239e+04
5.582289894817666839e-03	2.766815187733302082e+03	4.239618742829084113e+02	1.849199977008894109e+02	1.212075707410663563e+04
5.700590625404708227e-03	2.679100843839617028e+03	4.155651491488536067e+02	1.826149307782187350e+02	1.165123589140474360e+04
5.821398402942216249e-03	2.594118761494536557e+03	4.073161857996854565e+02	1.803282901811309671e+02	1.119979777666822338e+04
5.944766357147824969e-03	2.511832751994054433e+03	3.992163090740947382e+02	1.780608076793841690e+02	1.076604107366970857e+04
6.070748743672167193e-03	2.432119261066711715e+03	3.912593677672355170e+02	1.758115595876975306e+02	1.034901051090507463e+04
6.199400967959818945e-03	2.354872696206368346e+03	3.834421786754103323e+02	1.735803223789671677e+02	9.947951004983673556e+03
6.330779609615908021e-03	2.280034753090737468e+03	3.757629025697071938e+02	1.713670465281964539e+02	9.562304159427048944e+03
6.464942447289089879e-03	2.207573788433419395e+03	3.682228359926329517e+02	1.691724639086697266e+02	9.191780877734134265e+03
6.601948484081890736e-03	2.137378814765572770e+03	3.608173051850641855e+02	1.669959953305252895e+02	8.835550399046616803e+03
6.741857973499477616e-03	2.069358351724192289e+03	3.535417611541530505e+02	1.648369973235379007e+02	8.492945334829339117e+03
6.884732445948405985e-03	2.003461129612436253e+03	3.463959508147749489e+02	1.626958590118029235e+02	8.163535462384264065e+03
7.030634735796891313e-03	1.939659445875675601e+03	3.393805820579131023e+02	1.605731383697313390e+02	7.847034155359588112e+03
7.179629009008595825e-03	1.877853690157160372e+03	3.324904207638115281e+02	1.584680191774917262e+02	7.542737854509440695e+03
7.331780791361950343e-03	1.817964613642856420e+03	3.257228556731916456e+02	1.563803845615747719e+02	7.250093936803633369e+03
7.487156997267587974e-03	1.759947136125203315e+03	3.190761186118151045e+02	1.543101293541690779e+02	6.968716707081711320e+03
7.645825959196438613e-03	1.703776973922710113e+03	3.125516169579361758e+02	1.522580306769014555e+02	6.698371806826886314e+03
7.807857457731475631e-03	1.649364804613336673e+03	3.061446843996348548e+02	1.502233821318676803e+02	6.438463134091146458e+03
7.973322752256328111e-03	1.596641979640863383e+03	2.998517205358914453e+02	1.482056895117050317e+02	6.188484557935765224e+03
8.142294612294233985e-03	1.545568864529428083e+03	2.936726947429690995e+02	1.462053992306918246e+02	5.948164500872037024e+03
8.314847349511189298e-03	1.496124143816223068e+03	2.876077012099534613e+02	1.442228537241375363e+02	5.717252405723384982e+03
8.491056850397209546e-03	1.448227787786105182e+03	2.816524686860242355e+02	1.422573706351361409e+02	5.495248186054249345e+03
8.671000609640279119e-03	1.401820333464250780e+03	2.758044135086516349e+02	1.403087252248182608e+02	5.281750879990225258e+03
8.854757764207504128e-03	1.356866937135958096e+03	2.700622667826062866e+02	1.383769338738840133e+02	5.076467932231248597e+03
9.042409128148579806e-03	1.313348862815200164e+03	2.644273622293692370e+02	1.364627439064809948e+02	4.879262481144446610e+03
9.234037228136720080e-03	1.271194465391379481e+03	2.588950454590765844e+02	1.345653239701670998e+02	4.689646537849342167e+03
9.429726339762870002e-03	1.230352240558188896e+03	2.534626578973600886e+02	1.326843686790688537e+02	4.507295212870561954e+03
9.629562524599030379e-03	1.190791559316606936e+03	2.481301016225325498e+02	1.308202685103163105e+02	4.331986122420471474e+03
9.833633668047030499e-03	1.152495928958485138e+03	2.428972063860983894e+02	1.289732546743680075e+02	4.163548589943978186e+03
1.004202951798940403e-02	1.115401262043210181e+03	2.377605472082641143e+02	1.271428606343549745e+02	4.001612399976867437e+03
1.025484172425938229e-02	1.079462949371665218e+03	2.327174881579666703e+02	1.253287191327166852e+02	3.845876122865639900e+03
1.047216387894729824e-02	1.044654069249318582e+03	2.277673271657730822e+02	1.235310004198663876e+02	3.696149407499287008e+03
1.069409155756119272e-02	1.010960082063162531e+03	2.229111269149475163e+02	1.217503849522615127e+02	3.552311787011977231e+03
1.092072236105970547e-02	9.783237059446806825e+02	2.181442893363274322e+02	1.199858647419836899e+02	3.414010388724608219e+03
1.115215595877575537e-02	9.467063045943208408e+02	2.134652722285823643e+02	1.182374249617274131e+02	3.281014012702350101e+03
1.138849413224978825e-02	9.160842173055223157e+02	2.088732181015197114e+02	1.165051416362444172e+02	3.153157913882700086e+03
1.162984081999205582e-02	8.864446064199083821e+02	2.043685466337007881e+02	1.147894604494353672e+02	3.030319609718319498e+03
1.187630216319339981e-02	8.577363128396639240e+02	1.999479625183704172e+02	1.130898639976132500e+02	2.912222662631380445e+03
1.212798655240480798e-02	8.299258738004348288e+02	1.956091219823722156e+02	1.114059643144636595e+02	2.798650697336016492e+03
1.238500467520621366e-02	8.029924967354293130e+02	1.913517232268275450e+02	1.097380132142130833e+02	2.689466190912743514e+03
1.264746956488544717e-02	7.769248288033596737e+02	1.871762872292251529e+02	1.080865381745260407e+02	2.584583987840881946e+03
1.291549665014883955e-02	7.516772143357345612e+02	1.830790420682770332e+02	1.064507398611513622e+02	2.483732772985344127e+03
1.318920380588532899e-02	7.272206712786583012e+02	1.790586383209731594e+02	1.048305700217629806e+02	2.386762127061321280e+03
1.346871140500627631e-02	7.035369295126572524e+02	1.751140516905476261e+02	1.032259603500114622e+02	2.293533029690498097e+03
1.375414237138396570e-02	6.806159330277822619e+02	1.712461575978196890e+02	1.016375744489962329e+02	2.203975981021870211e+03
1.404562223391196511e-02	6.584169686982440908e+02	1.674514304280238264e+02	1.000646234588461567e+02	2.117872167962160347e+03
1.434327918171109106e-02	6.369149347975751425e+02	1.637281446458044627e+02	9.850685908227308119e+01	2.035069574918954459e+03
1.464724412050539583e-02	6.160937793548043828e+02	1.600762175142570811e+02	9.696465597766034250e+01	1.955478476664137133e+03
1.495765073019278586e-02	5.959445805480673926e+02	1.564956147299023996e+02	9.543827617780431183e+01	1.879015983919522796e+03
1.527463552363575450e-02	5.764310602304578879e+02	1.529834886605718509e+02	9.392715483124787568e+01	1.805503323921728906e+03
1.559833790669801906e-02	5.575314767794591262e+02	1.495382005856678802e+02	9.243105408609608276e+01	1.734813988033822397e+03
1.592890023955338338e-02	5.392317287137964286e+02	1.461593664229984029e+02	9.095017352605697170e+01	1.666861699457737132e+03
1.626646789929399317e-02	5.215238872652201962e+02	1.428474865609651658e+02	8.948498335976363194e+01	1.601590080208384279e+03
1.661118934386526108e-02	5.043756507624339633e+02	1.395991938083468540e+02	8.803461797190834659e+01	1.538831525028018859e+03
1.696321617735579643e-02	4.877681869030882353e+02	1.364135894605556985e+02	8.659913514362443721e+01	1.478489346318482603e+03
1.732270321667098503e-02	4.716891092059484549e+02	1.332898724168135800e+02	8.517850496998801191e+01	1.420482269990167879e+03
1.768980855961942850e-02	4.561313595349021739e+02	1.302286779072954062e+02	8.377333493265126663e+01	1.364766666813233542e+03
1.806469365444235767e-02	4.410661988069811059e+02	1.272270576568355125e+02	8.238288014023669348e+01	1.311197028712966357e+03
1.844752337081655841e-02	4.264773135263571930e+02	1.242837169939991924e+02	8.100695771322126859e+01	1.259690009736789079e+03
1.883846607236187159e-02	4.123538249635003012e+02	1.213985603224184899e+02	7.964588243769395604e+01	1.210182954115703751e+03
1.923769369068539445e-02	3.986894395515881797e+02	1.185714276022959837e+02	7.829978518096015705e+01	1.162626659089180748e+03
1.964538180099485026e-02	3.854586073569148539e+02	1.157999919370480910e+02	7.696819062900259212e+01	1.116908544840613104e+03
2.006170969931423895e-02	3.726471954679482224e+02	1.130829552092048687e+02	7.565087071620038728e+01	1.072947591593321022e+03
2.048686048133601528e-02	3.602456506582865927e+02	1.104200514928393630e+02	7.434803890446504226e+01	1.030697108843934757e+03
2.092102112294418406e-02	3.482483516051275387e+02	1.078116503673476387e+02	7.306017798989029188e+01	9.901153223946889739e+02
2.136438256244391209e-02	3.366326012382825184e+02	1.052549424934998399e+02	7.178645405226401977e+01	9.510984846868323075e+02
2.181713978453380873e-02	3.253861543098301468e+02	1.027492218140764777e+02	7.052690288316551914e+01	9.135881429647133700e+02
2.227949190605761978e-02	3.145006227000487797e+02	1.002938537619334198e+02	6.928149241719867746e+01	8.775328610238851752e+02
2.275164226357336353e-02	3.039709770940398244e+02	9.788930771797548402e+01	6.805074023787653914e+01	8.429072052117932117e+02
2.323379850277806913e-02	2.937770705753608809e+02	9.553299479240392600e+01	6.683388737887918296e+01	8.096157594987049606e+02
2.372617266982774559e-02	2.839082918407152079e+02	9.322418115874891953e+01	6.563094499380406432e+01	7.776111391860335971e+02
2.422898130459259780e-02	2.743572768543414782e+02	9.096250481210144301e+01	6.444203940521495610e+01	7.468519822233000696e+02
2.474244553588843265e-02	2.651195184540451351e+02	8.874809506657676650e+01	6.326748623890654244e+01	7.173097270517813513e+02
2.526679117872631872e-02	2.561771476163013972e+02	8.657874384633907994e+01	6.210662821428655889e+01	6.889106126608411387e+02
2.580224883362318075e-02	2.475209673419356022e+02	8.445353177040848891e+01	6.095933003464636357e+01	6.616069743343063010e+02
2.634905398801689475e-02	2.391445135770127877e+02	8.237237871800485323e+01	5.982587112804156249e+01	6.353701436743222075e+02
2.690744711983068457e-02	2.310437404660536913e+02	8.033519970385249565e+01	5.870645731749489471e+01	6.101714245440737159e+02
2.747767380323228384e-02	2.232028122487213011e+02	7.834006021449717139e+01	5.760056912551743125e+01	5.859482237738105823e+02
2.805998481663422514e-02	2.156137560395888784e+02	7.638610945270580999e+01	5.650804414355082628e+01	5.626622155089017951e+02
2.865463625298309350e-02	2.082708986678595977e+02	7.447308413646970848e+01	5.542901226751124000e+01	5.402848427473745687e+02
2.926188963238583740e-02	2.011706024466880081e+02	7.260115317721724182e+01	5.436382741808130703e+01	5.187967240500260004e+02
2.988201201712300387e-02	1.942988452659299412e+02	7.076823112629664081e+01	5.331181368553821898e+01	4.981394252368252751e+02
3.051527612909937445e-02	1.876487137158187011e+02	6.897377687658290313e+01	5.227300871193616416e+01	4.782834828429328695e+02
3.116196046978347151e-02	1.812152295395384272e+02	6.721740739456130598e+01	5.124743936154654023e+01	4.592033693319640406e+02
3.182234944268905880e-02	1.749951168383781521e+02	6.549932822795415177e+01	5.023547481481104171e+01	4.408823684153167051e+02
3.249673347845206950e-02	1.689759701127631786e+02	6.381748822630231643e+01	4.923636018232907929e+01	4.232707059944340244e+02
3.318540916255835471e-02	1.631517929116231471e+02	6.217151318327992016e+01	4.825023061180937844e+01	4.063434914426468367e+02
3.388867936577820428e-02	1.575182175153665014e+02	6.056097595389533694e+01	4.727708576759582826e+01	3.900788831767875422e+02
3.460685337736497946e-02	1.520722892356588432e+02	5.898605939861945302e+01	4.631728090961038191e+01	3.744621509103308199e+02
3.534024704107661952e-02	1.468030425543401236e+02	5.744488488782001667e+01	4.537009735699945878e+01	3.594510941832294861e+02
3.608918289407971741e-02	1.417052746412324495e+02	5.593703124443931074e+01	4.443559687879550779e+01	3.450244080115484167e+02
3.685399030879719234e-02	1.367751541171015504e+02	5.446216127071078716e+01	4.351381820484043317e+01	3.311634514658593957e+02
3.763500563776207147e-02	1.320100119436486352e+02	5.302039242365235339e+01	4.260509853133908109e+01	3.178556777632933859e+02
3.843257236154112161e-02	1.274001643979619729e+02	5.161005212176480939e+01	4.170879784725615735e+01	3.050651045697762243e+02
3.924704123979310538e-02	1.229410955078488143e+02	5.023061376360201535e+01	4.082484945540503674e+01	2.927729193656580833e+02
4.007877046552850431e-02	1.186294450255043387e+02	4.888191426939810924e+01	3.995340852216082084e+01	2.809646113049095106e+02
4.092812582263813392e-02	1.144627983686173707e+02	4.756391997065919952e+01	3.909470369655042532e+01	2.696277627662967120e+02
4.179548084676026898e-02	1.104326119939170212e+02	4.627514269681975634e+01	3.824817532756905081e+01	2.587327478995019305e+02
4.268121698955689575e-02	1.065349644309727495e+02	4.501505257124618709e+01	3.741370297349335772e+01	2.482628584399710689e+02
4.358572378647117967e-02	1.027669092073841028e+02	4.378356188752356815e+01	3.659150795345137652e+01	2.382065266644678161e+02
4.450939902804028347e-02	9.912625880054375216e+01	4.258054653960176950e+01	3.578172122524664900e+01	2.285524113450026391e+02
4.545264893483848267e-02	9.560548319968293640e+01	4.140464947436841214e+01	3.498383296888388116e+01	2.192752471256345075e+02
4.641588833612779463e-02	9.220117550485620939e+01	4.025538628217251613e+01	3.419773037064584287e+01	2.103611158614979786e+02
4.739954085229469011e-02	8.891075262642007715e+01	3.913267280283147187e+01	3.342362025386795921e+01	2.017997913595704347e+02
4.840403908115278181e-02	8.573222997261760270e+01	3.803637410567648658e+01	3.266162148462824888e+01	1.935821089348206954e+02
4.942982478819387543e-02	8.265897787576945177e+01	3.696521904840999895e+01	3.191122289240289689e+01	1.856856443546672892e+02
5.047734910087089966e-02	7.968803484300616446e+01	3.591877661086916618e+01	3.117233603309695056e+01	1.780992928540174773e+02
5.154707270699779992e-02	7.681713689881344465e+01	3.489696633620738453e+01	3.044516327486301677e+01	1.708142123203703591e+02
5.263946605735428386e-02	7.404448108869164002e+01	3.389962114874464305e+01	2.972977557382510128e+01	1.638218302286046253e+02
5.375500957258409762e-02	7.136423700613492827e+01	3.292556323950069697e+01	2.902567180578023454e+01	1.571039909322263952e+02
5.489419385447772554e-02	6.877382873578967803e+01	3.197441773352105798e+01	2.833280699183472251e+01	1.506503235400371636e+02
5.605751990173300781e-02	6.627127250138596537e+01	3.104609679409015399e+01	2.765135622453498243e+01	1.444540960328708081e+02
5.724549933028778848e-02	6.385492819651297225e+01	3.014043172922168878e+01	2.698137160716645511e+01	1.385075800307461691e+02
5.845865459832211286e-02	6.151967444898853188e+01	2.925631403623171423e+01	2.632235642057543146e+01	1.327950433386738496e+02
5.969751923602879817e-02	5.926326916316633486e+01	2.839342159613887162e+01	2.567429670892475357e+01	1.273082677113235945e+02
6.096263808025296355e-02	5.708397459672556096e+01	2.755162792204702171e+01	2.503731250523727780e+01	1.220405594494412185e+02
6.225456751410456124e-02	5.498029682026557197e+01	2.673078653646143010e+01	2.441144804668913793e+01	1.169862853462067278e+02
6.357387571164835327e-02	5.294774306567069289e+01	2.592987170426736299e+01	2.379625060930937863e+01	1.121314167762980389e+02
6.492114288777969811e-02	5.098436027191652187e+01	2.514861551491477343e+01	2.319173478981938175e+01	1.074691101486686904e+02
6.629696155339574737e-02	4.908862673315822889e+01	2.438681189035736452e+01	2.259789192969289928e+01	1.029938410745208870e+02
6.770193677597398374e-02	4.725917988058218810e+01	2.364438777286202154e+01	2.201486580496385415e+01	9.870033402663699462e+01
6.913668644567325106e-02	4.549208390651495648e+01	2.292036210048474132e+01	2.144218573868728583e+01	9.457689553257722537e+01
7.060184154707406512e-02	4.378563603412995064e+01	2.221449121787404479e+01	2.087983670638066869e+01	9.061785934081102312e+01
7.209804643667737378e-02	4.213850427299394141e+01	2.152657634200409831e+01	2.032783109908126207e+01	8.681804261084366203e+01
7.362595912628441819e-02	4.054944419550026424e+01	2.085655471354467494e+01	1.978631259095749328e+01	8.317354588352625910e+01
7.518625157238204015e-02	3.901501320480137736e+01	2.020348038594760354e+01	1.925476284941746385e+01	7.967377862284571677e+01
7.677960997166025092e-02	3.753372527058676411e+01	1.956713753730866756e+01	1.873319975561880568e+01	7.631411048937596320e+01
7.840673506279315086e-02	3.610441505308921961e+01	1.894738198354471592e+01	1.822167112548562784e+01	7.309047204202460080e+01
8.006834243461452560e-02	3.472594438360717817e+01	1.834407707170031543e+01	1.772021630202490883e+01	6.999884509999458260e+01
8.176516284082480102e-02	3.339530725661872168e+01	1.775640824286230668e+01	1.722842262094300736e+01	6.703084982486781485e+01
8.349794252136732986e-02	3.211120534152347261e+01	1.718412714271889286e+01	1.674623644020027768e+01	6.418211494220518887e+01
8.526744353061486981e-02	3.087261977974225502e+01	1.662713163921440085e+01	1.627373225108129517e+01	6.144938612618123841e+01
8.707444407251174745e-02	2.967850785114931611e+01	1.608524764906866622e+01	1.581091643434318605e+01	5.882916583360156437e+01
8.891973884281766105e-02	2.852625000259527610e+01	1.555773391193778998e+01	1.535738289603418316e+01	5.631408410541400400e+01
9.080413937860487561e-02	2.741471041191490343e+01	1.504438094550909533e+01	1.491310834094431570e+01	5.390076934193375990e+01
9.272847441516200717e-02	2.634299915338456799e+01	1.454506348374169278e+01	1.447813094601248984e+01	5.158623967512792063e+01
9.469359025046093781e-02	2.531015885124818610e+01	1.405961809414671926e+01	1.405244453599622645e+01	4.936743653959745615e+01
9.670035111734798239e-02	2.431391229486512273e+01	1.358736796009883108e+01	1.363567688373192155e+01	4.723831289752042295e+01
9.874963956362264872e-02	2.335326423151393271e+01	1.312812031593618478e+01	1.322779926646034099e+01	4.519582999212807550e+01
1.008423568401705106e-01	2.242743895661303455e+01	1.268173274253979343e+01	1.282880700842370558e+01	4.323738350578920375e+01
1.029794232973221257e-01	2.153555337500395694e+01	1.224806682816176107e+01	1.243872706596862443e+01	4.136055337008085786e+01
1.051617787896111378e-01	2.067563547121314116e+01	1.182648949252953230e+01	1.205717437134177494e+01	3.955997563896968217e+01
1.073903830891107247e-01	1.984681090797001701e+01	1.141680479242030799e+01	1.168410381640125983e+01	3.783309797611229186e+01
1.096662163075285135e-01	1.904840478051191255e+01	1.101891741733623142e+01	1.131954651561347269e+01	3.617797734921083475e+01
1.119902793272475605e-01	1.827959997644951784e+01	1.063263951348913672e+01	1.096346502067457074e+01	3.459202831690258506e+01
1.143635942415015677e-01	1.753869511323837926e+01	1.025740961452997446e+01	1.061550536075869999e+01	3.307104765730542084e+01
1.167872048038782751e-01	1.682492028503328640e+01	9.893069415635922681e+00	1.027565506607865409e+01	3.161285735627911464e+01
1.192621768873494831e-01	1.613768774455474286e+01	9.539479484860139635e+00	9.943875461542004857e+00	3.021553632766890729e+01
1.217895989530276418e-01	1.547624456458611242e+01	9.196494672056170216e+00	9.620168485047560836e+00	2.887716262337984219e+01
1.243705825288575900e-01	1.483912369996222225e+01	8.863590879534910982e+00	9.304182404565747078e+00	2.759400794501345189e+01
1.270062626984522769e-01	1.422564729910530801e+01	8.540595880218388558e+00	8.995866294258217266e+00	2.636413054596972572e+01
1.296977986002878502e-01	1.363530302723538057e+01	8.227427682875330106e+00	8.695243308885846290e+00	2.518622543901489053e+01
1.324463739374786009e-01	1.306739978697393845e+01	7.923883466152269683e+00	8.402226853665966999e+00	2.405824618700731676e+01
1.352531974983535168e-01	1.252067337821044823e+01	7.629516194622890879e+00	8.116521873713292479e+00	2.297717889818542503e+01
1.381195036880665805e-01	1.199452711403466765e+01	7.344170452315220921e+00	7.838082079449737449e+00	2.194149152781668732e+01
1.410465530714722360e-01	1.148851396159473914e+01	7.067739111440990207e+00	7.566883259261515171e+00	2.094981968352157153e+01
1.440356329275057634e-01	1.100200190557302449e+01	6.800048450549104118e+00	7.302863440702716424e+00	2.000058065530681617e+01
1.470880578153118678e-01	1.053390227334008600e+01	6.540681459702779144e+00	7.045728414118576310e+00	1.909120530621529710e+01
1.502051701523716420e-01	1.008368996155146391e+01	6.289498946275313251e+00	6.795435073556876482e+00	1.822031881289314725e+01
1.533883408048797858e-01	9.650974543889050850e+00	6.046393676176704979e+00	6.551948033472767996e+00	1.738680152116441135e+01
1.566389696906345663e-01	9.235180070887585302e+00	5.811199929815542120e+00	6.315201574003572738e+00	1.658932476995162375e+01
1.599584863947036695e-01	8.835369710482609662e+00	5.583541840172348003e+00	6.084919488235086327e+00	1.582563320500947590e+01
1.633483507981373095e-01	8.451081515999913307e+00	5.363270575787268513e+00	5.861027595160310355e+00	1.509454857939135408e+01
1.668100537200059019e-01	8.081974187193615933e+00	5.150313305843614131e+00	5.643528618997985191e+00	1.439526543973584971e+01
1.703451175730422984e-01	7.727524664752253969e+00	4.944476441146689716e+00	5.432301203970157921e+00	1.372640975329146507e+01
1.739550970331800450e-01	7.386927424308781909e+00	4.745438394676879668e+00	5.227111747489473714e+00	1.308620525678827740e+01
1.776415797232799298e-01	7.059776263588144474e+00	4.553057022977132995e+00	5.027879387389097232e+00	1.247367111293442932e+01
1.814061869113461622e-01	6.745772575616733491e+00	4.367263279449992375e+00	4.834602240607401846e+00	1.188803607390054751e+01
1.852505742235391883e-01	6.444442937485504785e+00	4.187869463963528993e+00	4.647150664458666647e+00	1.132816463636766713e+01
1.891764323722997243e-01	6.155095339265536758e+00	4.014586085136209626e+00	4.465305553835078989e+00	1.079257390830966123e+01
1.931854878999012814e-01	5.877372802794869955e+00	3.847280866769141383e+00	4.288986325761628748e+00	1.028037237617265909e+01
1.972795039377621684e-01	5.611013884610915881e+00	3.685883322940537443e+00	4.118176481068923422e+00	9.790933296935850905e+00
2.014602809818480389e-01	5.355591528816415980e+00	3.530218331754970684e+00	3.952751363121916217e+00	9.323284146722739862e+00
2.057296576845067948e-01	5.110511825860948321e+00	3.380024195509663265e+00	3.792503273729728175e+00	8.876154127040623010e+00
2.100895116630852322e-01	4.875461286683923312e+00	3.235179238298494298e+00	3.637352757612799525e+00	8.448795576216857839e+00
2.145417603256798700e-01	4.650210875136013833e+00	3.095613044729860430e+00	3.487274081379897250e+00	8.040673457260362866e+00
2.190883617143895290e-01	4.434376668113939601e+00	2.961158868915624964e+00	3.342139363234155169e+00	7.650945846440537323e+00
2.237313153664367560e-01	4.227449507569565945e+00	2.831584502040232376e+00	3.201758856638806883e+00	7.278528414692646109e+00
2.284726631935388719e-01	4.029154345778248825e+00	2.706772214912456231e+00	3.066045400758642181e+00	6.922793428149187633e+00
2.333144903799153069e-01	3.839290464497203903e+00	2.586662254690383911e+00	2.934981343744912596e+00	6.583304916112971306e+00
2.382589262993237145e-01	3.657513909173260913e+00	2.471089448581878401e+00	2.808425223937793813e+00	6.259301893898857827e+00
2.433081454515323150e-01	3.483388715542665715e+00	2.359851124846862547e+00	2.686209586201396160e+00	5.949893836118181234e+00
2.484643684186368384e-01	3.316673833562767459e+00	2.252835459551340236e+00	2.568243628266921430e+00	5.654537689472569184e+00
2.537298628416438939e-01	3.157193342407101255e+00	2.149986990039411960e+00	2.454506486942637622e+00	5.372874417878509945e+00
2.591069444177515613e-01	3.004640190101205643e+00	2.051148844352715717e+00	2.344857235194943712e+00	5.104225190592400097e+00
2.645979779187619951e-01	2.858641601150982758e+00	1.956141614625531711e+00	2.239141559983684360e+00	4.847857900191173464e+00
2.702053782310787078e-01	2.718986607813492107e+00	1.864864396403802305e+00	2.137275370068924207e+00	4.603316922499015362e+00
2.759316114177428059e-01	2.585521053173775563e+00	1.777256359997545498e+00	2.039220796460217588e+00	4.370268313483448352e+00
2.817791958029755572e-01	2.457971838262551056e+00	1.693181920243536753e+00	1.944856937479550130e+00	4.148159643814746111e+00
2.877507030797054055e-01	2.336020716346768111e+00	1.612471569189920295e+00	1.854025955563225692e+00	3.936346671314794321e+00
2.938487594405665426e-01	2.219483348501263720e+00	1.535041490096100913e+00	1.766660263301052858e+00	3.734474810919772292e+00
3.000760467328633108e-01	2.108224722928342398e+00	1.460827180899500366e+00	1.682707565956884421e+00	3.542233443514059221e+00
3.064353036380134121e-01	2.002002873311623077e+00	1.389706684961473648e+00	1.602059105200622557e+00	3.359154169860472106e+00
3.129293268759847368e-01	1.900546585867726179e+00	1.321530010622263607e+00	1.524567923066281638e+00	3.184705412820107107e+00
3.195609724352570513e-01	1.803695099854735417e+00	1.256215759605074256e+00	1.450162583294777763e+00	3.018567365482945686e+00
3.263331568288500573e-01	1.711330282924101498e+00	1.193711383972847706e+00	1.378802132673320857e+00	2.860503210064749169e+00
3.332488583769670498e-01	1.623238616962876080e+00	1.133897308844135532e+00	1.310370409356541366e+00	2.710085444825909295e+00
3.403111185168231634e-01	1.539189432411104397e+00	1.076644668358100576e+00	1.244740235477307388e+00	2.566879370803841987e+00
3.475230431402304698e-01	1.459042847789125741e+00	1.021879762637311062e+00	1.181842297727938806e+00	2.430618299490285406e+00
3.548878039595292910e-01	1.382695642564774952e+00	9.695498106921962567e-01	1.121630625276746285e+00	2.301087972070820609e+00
3.624086399024666338e-01	1.309960203005299251e+00	9.195494353543540722e-01	1.064000553924892900e+00	2.177933896620299237e+00
3.700888585366366446e-01	1.240640785387914224e+00	8.717645584405422365e-01	1.008835524152805974e+00	2.060791758514211036e+00
3.779318375241043637e-01	1.174615994078620052e+00	8.261262935251134643e-01	9.560678809593486926e-01	1.949423804833061658e+00
3.859410261068597081e-01	1.111795805604436582e+00	7.825891360405373698e-01	9.056562921111456221e-01	1.843664698569335458e+00
3.941199466237500504e-01	1.052016107669252909e+00	7.410546795265861020e-01	8.574980564120934234e-01	1.743203008058933801e+00
4.024721960595590287e-01	9.951112158664190410e-01	7.014229072135392817e-01	8.114885663779871638e-01	1.647732382844944610e+00
4.110014476269163164e-01	9.409760932329909178e-01	6.636346153686087934e-01	7.675690636255355637e-01	1.557057957723232411e+00
4.197114523817274123e-01	8.895324112838692843e-01	6.276461552670352662e-01	7.256962174553404088e-01	1.471035059492787456e+00
4.286060408728412652e-01	8.406372964356901845e-01	5.933681747469373713e-01	6.857739236488938905e-01	1.389399149120460697e+00
4.376891248266767120e-01	7.941509065988602289e-01	5.607151643858147017e-01	6.477112713659974874e-01	1.311896987932294589e+00
4.469646988675492483e-01	7.499826677496063132e-01	5.296341338520840214e-01	6.114535159753509141e-01	1.238366382601822968e+00
4.564368422744575216e-01	7.080646234375207460e-01	5.000835553109777010e-01	5.769566198103038834e-01	1.168676035515371803e+00
4.661097207750954374e-01	6.682730144599650091e-01	4.719846316749551351e-01	5.441341433769049107e-01	1.102605922872369248e+00
4.759875883778879602e-01	6.304901848116293284e-01	4.452640048551358420e-01	5.129065256643391413e-01	1.039950056819373359e+00
4.860747892428489703e-01	5.946383296564491383e-01	4.198736415604880090e-01	4.832222859465506448e-01	9.805683438176276967e-01
4.963757595920870180e-01	5.606586923568946945e-01	3.957765389079435092e-01	4.550410158027915486e-01	9.243494883025118458e-01
5.068950296608012440e-01	5.284446394648112388e-01	3.729031353331322962e-01	4.282848159380329145e-01	8.711067924121752570e-01
5.176372256896176749e-01	4.978975295199131179e-01	3.511898161256157835e-01	4.028828918910209445e-01	8.206697193046939010e-01
5.286070719591531297e-01	4.689508095990856940e-01	3.305940666567984687e-01	3.787882690807038988e-01	7.729212401707579172e-01
5.398093928676924724e-01	4.415538780414212106e-01	3.110832190872722114e-01	3.559644805701032699e-01	7.277700471386054915e-01
5.512491150528981976e-01	4.156153713865826660e-01	2.925964078928357526e-01	3.343424596857788034e-01	6.850562837062619259e-01
5.629312695584811621e-01	3.910529103708806353e-01	2.750786935237979347e-01	3.138595791900038456e-01	6.446381234585278897e-01
5.748609940467923618e-01	3.678098320674282884e-01	2.584933050279667466e-01	2.944743576612898206e-01	6.064193206730134067e-01
5.870435350582976497e-01	3.458427528772308190e-01	2.428111957139519328e-01	2.761535111415150956e-01	5.703218503202922562e-01
5.994842503189414806e-01	3.250738537076361956e-01	2.279790398905718607e-01	2.588352781270322756e-01	5.362120542625389286e-01
6.121886110964055439e-01	3.054346284943068035e-01	2.139503545391786832e-01	2.424660120482771686e-01	5.039744658017161205e-01
6.251622046063020077e-01	2.868770795997212519e-01	2.006926092663381123e-01	2.270080380694843025e-01	4.735265393590251670e-01
6.384107364693620834e-01	2.693641973619531615e-01	1.881810791034721209e-01	2.124329028133797592e-01	4.448042361431645553e-01
6.519400332206916060e-01	2.528301088172211220e-01	1.763702143204340378e-01	1.986873823973318576e-01	4.176968473063438214e-01
6.657560448722088520e-01	2.372181074808243084e-01	1.652203439823892728e-01	1.857247677388048079e-01	3.921083407904194518e-01
6.798648475293831428e-01	2.224877590860769583e-01	1.547033097797784473e-01	1.735119182211576627e-01	3.679696465571280495e-01
6.942726460634290886e-01	2.086076642598130026e-01	1.447974411659156413e-01	1.620233693710260436e-01	3.452274020513951824e-01
7.089857768401280902e-01	1.955224226494971240e-01	1.354637626015001706e-01	1.512130820656621411e-01	3.237894629191712670e-01
7.240107105064845783e-01	1.831853286619620214e-01	1.266693607248065845e-01	1.410420645267217721e-01	3.035784374387973661e-01
7.393540548364295750e-01	1.715625198225987635e-01	1.183903687367193897e-01	1.314819859349787290e-01	2.845374569720333646e-01
7.550225576368376768e-01	1.606275146941340548e-01	1.106082148249117603e-01	1.225107521808877914e-01	2.666220881288198785e-01
7.710231097151263313e-01	1.503340342180602140e-01	1.032897467942753000e-01	1.140888021514022688e-01	2.497555180910192574e-01
7.873627479097432547e-01	1.406438150079837024e-01	9.640756818324158761e-02	1.061834932198759962e-01	2.338742072155588492e-01
8.040486581848822478e-01	1.315286755160375853e-01	8.994152691137753675e-02	9.877066786913527019e-02	2.189315759534103401e-01
8.210881787907730045e-01	1.229664238570662149e-01	8.387561440352440945e-02	9.183093139441544928e-02	2.048907495270305412e-01
8.384888034909533383e-01	1.149186705001387088e-01	7.818221691176301114e-02	8.533137559964132368e-02	1.916885511766064920e-01
8.562581848579297050e-01	1.073542460254006820e-01	7.283875271251839811e-02	7.924486935981200908e-02	1.792737902578213638e-01
8.744041376386801900e-01	1.002498512871210917e-01	6.782830376478604650e-02	7.355098714664094761e-02	1.676082204159426992e-01
8.929346421914835519e-01	9.358701438403677075e-02	6.313747599640018304e-02	6.823351790973462838e-02	1.566615622515811768e-01
9.118578479955742333e-01	8.733411999117091096e-02	5.874331749416555198e-02	6.326496034071017738e-02	1.463822774668198934e-01
9.311820772351820930e-01	8.146592940490052226e-02	5.462750432877010870e-02	5.862335925876443338e-02	1.367291618650788854e-01
9.509158284595223831e-01	7.596331285896268382e-02	5.077601684413136224e-02	5.429174756777880445e-02	1.276708652511902853e-01
9.710677803203476843e-01	7.081100355632878596e-02	4.717759918289688575e-02	5.025637735317014382e-02	1.191825100433106660e-01
9.916467953887124764e-01	6.598315808222381118e-02	4.381338679662723223e-02	4.649467962477978056e-02	1.112219992342148717e-01
1.012661924052612461e+00	6.145946817339462825e-02	4.066855922887416958e-02	4.298888639264444173e-02	1.037563510076911916e-01
1.034122408497234025e+00	5.722433987829927959e-02	3.773162238940460517e-02	3.972507482555837077e-02	9.676025154215546487e-02
1.056037686769547568e+00	5.326524821621259759e-02	3.499334046900513806e-02	3.669204024877517623e-02	9.021346523220589997e-02
1.078417396929040706e+00	4.956122823522828014e-02	3.243830503035278340e-02	3.387132172616495740e-02	8.408184379163857747e-02
1.101271381286411888e+00	4.609604561276439000e-02	3.005465896688536490e-02	3.124876335510642228e-02	7.833918651116854315e-02
1.124609690732098155e+00	4.285708268209763999e-02	2.783310482592784435e-02	2.881316272805227799e-02	7.296510019634550037e-02
1.148442589156521310e+00	3.983414190495263713e-02	2.576601478526784755e-02	2.655520953297876158e-02	6.794308676449413442e-02
1.172780557964020254e+00	3.701034735571368667e-02	2.384108768561813904e-02	2.446033768569006589e-02	6.324582503940975875e-02
1.197634300682437924e+00	3.437280897585319461e-02	2.204888100900980266e-02	2.251729421685942992e-02	5.885251276554536587e-02
1.223014747670394531e+00	3.191139473107052621e-02	2.038189435773527999e-02	2.071706941391085813e-02	5.474679637048043140e-02
1.248933060924324545e+00	2.961786663881294662e-02	1.883399454061706127e-02	1.905223812546366635e-02	5.091544534904721142e-02
1.275400638987373769e+00	2.747874675093282121e-02	1.739539564273939048e-02	1.751130109212397853e-02	4.733664744412269254e-02
1.302429121962336289e+00	2.548387126589123780e-02	1.605864318923568707e-02	1.608542766485069123e-02	4.399395029789376910e-02
1.330030396630823342e+00	2.362516699032650089e-02	1.481778134163003365e-02	1.476751218289845853e-02	4.087435109991039567e-02
1.358216601680917401e+00	2.189603163532430688e-02	1.366794640292490724e-02	1.355175010517058534e-02	3.796733164552046347e-02
1.387000133045610317e+00	2.028578620348786554e-02	1.260136013602848257e-02	1.242903152100206625e-02	3.525551010183399642e-02
1.416393649354382722e+00	1.878647320053774064e-02	1.161224894001270519e-02	1.139261569348670906e-02	3.272600239537794276e-02
1.446410077500298819e+00	1.739171026479875357e-02	1.069590715213903157e-02	1.043692892574428661e-02	3.036850448537243077e-02
1.477062618325094778e+00	1.609624837464904840e-02	9.848458246501927416e-03	9.557368591477816491e-03	2.817459314043185142e-02
1.508364752424737887e+00	1.489169348266899257e-02	9.063892516896911167e-03	8.747026150738499567e-03	2.613066512946108158e-02
1.540330246078020826e+00	1.377186013606363293e-02	8.337722589179589333e-03	8.000685972535987942e-03	2.422668953330457328e-02
1.572973157300799230e+00	1.273174245584153021e-02	7.666321943224708654e-03	7.314131747221590783e-03	2.245463007214708664e-02
1.606307842028519950e+00	1.176720087486565237e-02	7.046647589456512747e-03	6.683786874595547614e-03	2.080783352373778358e-02
1.640348960429783842e+00	1.087168984876501349e-02	6.474044456634002291e-03	6.104367024932185089e-03	1.927559812759971347e-02
1.675111483353698638e+00	1.004043610234111455e-02	5.945073541565393596e-03	5.571925931153074059e-03	1.785014393376041508e-02
1.710610698913865635e+00	9.269544390837165804e-03	5.456939589779565523e-03	5.083259056002199967e-03	1.652519330070879172e-02
1.746862219211904321e+00	8.555776329952816117e-03	5.007285593056343825e-03	4.635635120108948758e-03	1.529551952937811300e-02
1.783881987203444153e+00	7.894068227725896045e-03	4.592566695545076579e-03	4.225098586939309703e-03	1.415286281562624579e-02
1.821686283709640364e+00	7.280763265865840619e-03	4.210190110440359922e-03	3.848725052400374727e-03	1.309126230218220222e-02
1.860291734577268707e+00	6.712854287906057371e-03	3.858001082499792379e-03	3.504074351962459862e-03	1.210577171007778431e-02
1.899715317990559260e+00	6.187828133382772093e-03	3.534195254319616973e-03	3.189091564996682487e-03	1.119233673984656834e-02
1.939974371937992492e+00	5.701798249414065899e-03	3.236088059629019416e-03	2.900831689760480052e-03	1.034457684246232675e-02
1.981086601837313665e+00	5.251983377092572444e-03	2.961735870278801776e-03	2.637140804418156275e-03	9.557942497285006403e-03
2.023070088322156401e+00	4.836080105829736013e-03	2.709524735163383775e-03	2.396228751949821666e-03	8.828678090522810995e-03
2.065943295193674256e+00	4.452153481292395187e-03	2.478073464790650753e-03	2.176547616564867768e-03	8.153592852870815075e-03
2.109725077540682392e+00	4.097243588318255636e-03	2.265370285101697516e-03	1.975933612553152328e-03	7.527802185638371966e-03
2.154434690031884259e+00	3.769250249244477519e-03	2.069971841414615810e-03	1.792817120567661692e-03	6.947850587357732970e-03
2.200091795383838367e+00	3.466422715945711823e-03	1.890666578677644696e-03	1.625878088919818863e-03	6.410864540658393548e-03
2.246716473008353532e+00	3.187282780847683437e-03	1.726424699106585180e-03	1.473990283477742474e-03	5.914404931208583176e-03
2.294329227843169949e+00	2.929593445606620480e-03	1.575748682384025450e-03	1.335573445003232235e-03	5.454738426701441316e-03
2.342950999369765697e+00	2.691780046698568143e-03	1.437578057313516032e-03	1.209501650264290743e-03	5.029256767856175522e-03
2.392603170822269476e+00	2.472521989985674695e-03	1.311010043518665708e-03	1.094808590048932740e-03	4.635759557202586735e-03
2.443307578591545681e+00	2.270698587438931514e-03	1.195281659275121986e-03	9.906800681515283338e-04	4.272394761548010088e-03
2.495086521828544068e+00	2.084631848836167572e-03	1.089293449941134556e-03	8.959821069547570368e-04	3.936349860590133455e-03
2.547962772251191943e+00	1.913149334802594992e-03	9.922676057884697535e-04	8.099061419644605804e-04	3.625656805106337172e-03
2.601959584159102334e+00	1.755262314761039987e-03	9.035415835414655839e-04	7.317600768408600914e-04	3.338654851218296731e-03
2.657100704660517732e+00	1.610127450649137624e-03	8.225560122173700226e-04	6.609618532772485030e-04	3.073947813185466064e-03
2.713410384115983121e+00	1.476495272882731580e-03	7.485085433276419346e-04	5.967035606510956132e-04	2.829416383039674594e-03
2.770913386803353973e+00	1.353498757791535539e-03	6.808334431143966753e-04	5.384101589254119101e-04	2.603579733051650594e-03
2.829635001808795014e+00	1.240403004086204197e-03	6.190529683172916195e-04	4.855967588083976035e-04	2.395201019551216563e-03
2.889601054148607684e+00	1.136577953512199696e-03	5.627570986486699544e-04	4.378459838411407918e-04	2.203228068076532476e-03
2.950837916126738403e+00	1.041099847004060179e-03	5.113636209204154830e-04	3.945866662839251607e-04	2.026063779600354581e-03
3.013372518932980082e+00	9.533317623329593156e-04	4.644692913938923743e-04	3.554201329487034875e-04	1.862625735902548015e-03
3.077232364486974792e+00	8.727313089298127918e-04	4.217303314293079238e-04	3.200065515391818508e-04	1.711993987149921679e-03
3.142445537533192557e+00	7.988310470131964594e-04	3.828463417026800944e-04	2.880477676476752322e-04	1.573365004406968677e-03
3.209040717992251324e+00	7.309527428151701501e-04	3.474040646587248224e-04	2.591502919298039904e-04	1.445564117018752421e-03
3.277047193573979555e+00	6.686315130983072662e-04	3.151146813660202109e-04	2.330359302051060379e-04	1.327784965917678780e-03
3.346494872657771680e+00	6.114697782226786917e-04	2.857311328670543329e-04	2.094666514682422839e-04	1.219342335237218839e-03
3.417414297445926952e+00	5.591230704986206333e-04	2.590411902961002773e-04	1.882390696300549886e-04	1.119648326552525469e-03
3.489836657395697816e+00	5.110967549270949584e-04	2.347484271775189806e-04	1.690779842002270480e-04	1.027827857856507005e-03
3.563793802936028321e+00	4.670536234664252311e-04	2.126499286488540258e-04	1.517936991607103127e-04	9.432949053255039202e-04
3.639318259474964901e+00	4.267041628965348833e-04	1.925713330383540796e-04	1.362237127428325679e-04	8.655419801247905181e-04
3.716443241703908829e+00	3.897961601086520644e-04	1.743594387798570820e-04	1.222246466239655411e-04	7.941280809828877782e-04
3.795202668205029717e+00	3.559712083419798011e-04	1.578072922580546597e-04	1.096108694879695413e-04	7.284170159966543885e-04
3.875631176368202979e+00	3.249861713242213385e-04	1.427717724746291903e-04	9.825249185912862887e-05	6.679763380961090818e-04
3.957764137624104617e+00	2.966315640338533142e-04	1.291302255862884513e-04	8.803839537731588847e-05	6.124382398426857308e-04
4.041637673000112230e+00	2.707238565509657380e-04	1.167747758999578125e-04	7.887117253178464651e-05	5.614758102132157190e-04
4.127288669005872102e+00	2.470049669847171748e-04	1.055603039447743503e-04	7.062446596637672375e-05	5.146229528843668504e-04
4.214754793855508552e+00	2.253005918708497497e-04	9.538757515909390867e-05	6.321114895432763383e-05	4.715672556411739671e-04
4.304074514033643162e+00	2.054600743408491518e-04	8.617078365623163222e-05	5.655603415768152396e-05	4.320390984288984427e-04
4.395287111212434539e+00	1.873506461843545601e-04	7.783439644307418360e-05	5.059302075413876564e-05	3.958005408728965178e-04
4.488432699527177050e+00	1.707875786369266119e-04	7.027753247281221243e-05	4.523722793095687851e-05	3.625113282661731272e-04
4.583552243217979161e+00	1.556465986304745436e-04	6.343173132714743727e-05	4.043047525215419033e-05	3.319466026298401908e-04
4.680687574645305382e+00	1.418199877673676065e-04	5.723749578700484893e-05	3.612239390996014888e-05	3.039095243159582109e-04
4.779881412687339015e+00	1.292122337238201597e-04	5.164227216315242540e-05	3.226856939981779268e-05	2.782272973409208512e-04
4.881177381527165515e+00	1.176918704568904274e-04	4.657653021392199171e-05	2.881246847880467035e-05	2.546541921232943701e-04
4.984620029838152888e+00	1.071707573906945598e-04	4.199332311504831055e-05	2.571559707155236625e-05	2.330276578759816542e-04
5.090254850375883322e+00	9.757230496391481884e-05	3.785144851449722385e-05	2.294412247950847151e-05	2.132055716249122834e-04
5.198128299985286915e+00	8.882816354156891560e-05	3.411480219964120640e-05	2.046876321184342635e-05	1.950625857886132514e-04
5.308287820031761584e+00	8.084528677977790613e-05	3.073575363057778008e-05	1.825209002045894270e-05	1.784218612594772881e-04
5.420781857265304815e+00	7.356147071163061230e-05	2.768222294113721759e-05	1.626873147855774899e-05	1.631670267653000507e-04
5.535659885126738011e+00	6.692254748601357680e-05	2.492613016072180867e-05	1.449649948885443843e-05	1.491957385785560317e-04
5.652972425505520704e+00	6.087984743958218956e-05	2.244259071169619156e-05	1.291590390560910855e-05	1.364171814775036299e-04
5.772771070958623518e+00	5.536786250408302711e-05	2.019926978513042091e-05	1.150250031586458343e-05	1.247049666123881443e-04
5.895108507400270703e+00	5.034289891233109996e-05	1.817433511959138466e-05	1.023960599379369211e-05	1.139757273713135630e-04
6.020038537272556667e+00	4.576683973328454411e-05	1.634882773643648105e-05	9.112840400744019588e-06	1.041564533705561141e-04
6.147616103207036886e+00	4.160518949120113082e-05	1.470562821407436392e-05	8.109248605408875754e-06	9.518157479646881312e-05
6.277897312187818990e+00	3.781206026226498928e-05	1.322297045891253364e-05	7.213028065980067802e-06	8.696109416968281723e-05
6.410939460226692255e+00	3.435689599481690922e-05	1.188608647717305092e-05	6.413308640904682085e-06	7.943536022872389919e-05
6.546801057561175696e+00	3.121300305448714501e-05	1.068227163449781694e-05	5.700855077346427487e-06	7.255304041050822698e-05
6.685541854386596761e+00	2.835603785513269180e-05	9.599770462007839900e-06	5.067071901638336500e-06	6.626621620451115472e-05
6.827222867133428963e+00	2.575401115489566942e-05	8.624032178894401973e-06	4.501824446447292465e-06	6.051142048460284256e-05
6.971906405301561804e+00	2.338564312062567011e-05	7.745144306151341247e-06	3.998100922651924470e-06	5.524639834644181648e-05
7.119656098863218929e+00	2.123232511748563653e-05	6.954550637736511091e-06	3.549906565592935010e-06	5.043448287485490021e-05
7.270536926246596643e+00	1.927694634503274282e-05	6.244351653170917427e-06	3.151723965747338696e-06	4.604159458722876554e-05
7.424615242912579127e+00	1.749730983154648188e-05	5.604809400247078141e-06	2.797027301151161397e-06	4.202275194818851480e-05
7.581958810536977289e+00	1.587865336187043797e-05	5.029326882861852810e-06	2.481339411107698324e-06	3.834808559680152391e-05
7.742636826811277295e+00	1.440806047869432832e-05	4.512153614714220142e-06	2.200534775797285414e-06	3.499162452260370020e-05
7.906719955874896399e+00	1.307354870369944722e-05	4.048023025817430861e-06	1.951846632745051302e-06	3.192923059782482368e-05
8.074280359392364659e+00	1.185978399882420214e-05	3.630449395245988251e-06	1.730351774591395819e-06	2.912898974177129726e-05
8.245391728289099831e+00	1.075656263723717637e-05	3.255046941593215807e-06	1.533443778618462581e-06	2.657001573466872684e-05
8.420129315159766037e+00	9.754956146878566016e-06	2.917647580994727157e-06	1.358308927546189784e-06	2.423399225347546684e-05
8.598569967363353328e+00	8.846600861687444931e-06	2.615804085659490859e-06	1.203757429961886239e-06	2.210364472018792360e-05
8.780792160819700598e+00	8.020949765742640096e-06	2.344148514305377129e-06	1.066078191354733617e-06	2.015666829483398360e-05
8.966876034522190508e+00	7.270973392560277957e-06	2.100142583431408290e-06	9.433541276122565657e-07	1.837832482478099077e-05
9.156903425781846906e+00	6.590131526209896486e-06	1.880941055454916854e-06	8.352056686563361661e-07	1.675583550365894873e-05
9.350957906218383187e+00	5.973781480595728472e-06	1.685187018450023205e-06	7.394580713085452201e-07	1.527681269628460847e-05
9.549124818513869073e+00	5.413521511810109643e-06	1.509065119200807029e-06	6.537988798128942915e-07	1.392572536262630021e-05
9.751491313945386707e+00	4.904916336302707771e-06	1.350998866024510357e-06	5.782655123435219158e-07	1.269228661254763448e-05
9.958146390713055851e+00	4.443521746336709786e-06	1.209285471858181946e-06	5.117091164077340697e-07	1.156707159925982033e-05
1.016918093308028581e+01	4.025979057028861612e-06	1.082532446892667455e-06	4.521474881752487102e-07	1.054254629972645081e-05
1.038468775134352740e+01	3.646679352000581296e-06	9.687208242747563978e-07	3.996294302242889074e-07	9.606708952246136059e-06
1.060476162264905220e+01	3.302543161593051716e-06	8.662611745936198002e-07	3.530010541851434653e-07	8.752724003643048783e-06
1.082949933267470577e+01	2.990689957662718476e-06	7.752709064085208512e-07	3.118921612104648435e-07	7.974320411691741806e-06
1.105899971819510696e+01	2.708315949267471952e-06	6.935088180050509845e-07	2.754772189858970067e-07	7.265293094566077482e-06
1.129336371054865928e+01	2.452079478874750072e-06	6.197849971561230778e-07	2.432371298157814161e-07	6.618178063342458122e-06
1.153269438002595848e+01	2.219719605481812216e-06	5.539813589744581926e-07	2.147609218112566093e-07	6.027886620970793442e-06
1.177709698119876869e+01	2.009274090867492398e-06	4.952416624029730395e-07	1.895851424026129964e-07	5.490066173066810749e-06
1.202667899920963279e+01	1.818805063825397082e-06	4.426452132211294479e-07	1.672916609495381193e-07	5.000384978466186551e-06
1.228155019704247053e+01	1.646051397834746931e-06	3.956824096251368481e-07	1.475727957389305177e-07	4.553582469721654864e-06
1.254182266379493349e+01	1.489471977072258668e-06	3.534220509136099181e-07	1.301943790057422277e-07	4.146203880002169988e-06
1.280761086397376225e+01	1.347733743383330197e-06	3.157542315551074894e-07	1.147037812302222239e-07	3.775184732290365826e-06
1.307903168783481007e+01	1.219501638899222400e-06	2.820266757905453263e-07	1.010895440344704831e-07	3.437448166908040843e-06
1.335620450278989146e+01	1.103249597522424196e-06	2.518431805680610100e-07	8.921657508788239891e-08	3.129415920539759248e-06
1.363925120590300821e+01	9.975094663868043833e-07	2.249035138811408402e-07	7.873920576440538983e-08	2.848652377394755339e-06
1.392829627749924271e+01	9.026394439598457509e-07	2.008151315250110193e-07	6.920346663451750005e-08	2.593046708663198864e-06
1.422346683590943783e+01	8.164610105764298007e-07	1.792416428954188668e-07	6.104263819978327856e-08	2.360438058033801778e-06
1.452489269337533528e+01	7.379196651549833474e-07	1.599551070995282735e-07	5.383347746246124815e-08	2.148357997140721860e-06
1.483270641313931115e+01	6.672528736665662138e-07	1.427691804775966328e-07	4.747578999128339601e-08	1.955110821391089408e-06
1.514704336774399174e+01	6.036914040001480046e-07	1.272661130946371739e-07	4.169522299526065751e-08	1.779239629414407184e-06
1.546804179856737527e+01	5.454628047355201821e-07	1.136377476972349822e-07	3.675161871712823673e-08	1.619236011659881621e-06
1.579584287661962527e+01	4.930734852523228000e-07	1.013431166250869226e-07	3.238786271072551448e-08	1.473390698490179109e-06
1.613059076462826624e+01	4.457144120251823977e-07	9.050650075696850688e-08	2.854333129023060748e-08	1.340540974797420849e-06
1.647243268043913034e+01	4.027319737809679945e-07	8.051101874361068551e-08	2.504939451651342333e-08	1.219677489337707295e-06
1.682151896176083383e+01	3.641064553114580390e-07	7.186898940447142055e-08	2.206444311839246237e-08	1.109737699682970925e-06
1.717800313228151410e+01	3.290202535657646808e-07	6.414665336434667989e-08	1.943116518551180598e-08	1.009559711094657102e-06
1.754204196918641045e+01	2.971901659961054976e-07	5.725922816505335953e-08	1.711279303122988239e-08	9.179614057906565620e-07
1.791379557210657580e+01	2.685352471884345078e-07	5.091122031626665976e-08	1.500849400996272188e-08	8.353591420084067970e-07
1.829342743352862044e+01	2.427267393518819243e-07	4.542409463666717354e-08	1.321088347578103268e-08	7.598973218491123517e-07
1.868110451069663469e+01	2.192610829423700525e-07	4.052480418947829010e-08	1.162702031213274973e-08	6.907595651391817901e-07
1.907699729903783492e+01	1.979604573801660923e-07	3.615733369568162050e-08	1.023338448724182252e-08	6.280807953285121683e-07
1.948127990714428748e+01	1.788147773777640040e-07	3.213285759247192342e-08	8.968712583565489709e-09	5.711917026995401603e-07
1.989413013334363711e+01	1.614604174893559163e-07	2.865716875095461256e-08	7.889848134283881278e-09	5.195565464021711300e-07
2.031572954389253738e+01	1.457825844184071467e-07	2.555439239552743219e-08	6.939284141190608913e-09	4.724157362940182998e-07
2.074626355282718393e+01	1.318109969390220491e-07	2.279051920163457936e-08	6.103851832603540073e-09	4.294360998346135880e-07
2.118592150350598402e+01	1.189097325317566083e-07	2.024481138272856780e-08	5.346235580267827531e-09	3.904572061475247570e-07
2.163489675188052530e+01	1.073186630162960848e-07	1.804679615708907659e-08	4.700025074022405727e-09	3.551084102227805815e-07
2.209338675153079734e+01	9.699392748212474929e-08	1.608635316705607892e-08	4.131501508712221190e-09	3.228197190693521076e-07
2.256159314050291798e+01	8.767739824651391706e-08	1.434051985218978611e-08	3.631937954904587882e-09	2.933637143414102883e-07
2.303972182998693796e+01	7.896211280920314414e-08	1.273301707088014490e-08	3.179125653874512149e-09	2.666773328514478017e-07
2.352798309487394945e+01	7.135058147476206312e-08	1.134614371363026291e-08	2.793368580614550656e-09	2.423656433198079201e-07
2.402659166623228870e+01	6.447121340468945954e-08	1.010924006896976374e-08	2.453923154558327980e-09	2.202593525359961163e-07
2.453576682574353285e+01	5.826558650594759665e-08	9.008443888075736074e-09	2.155937987102833656e-09	2.002307926625500991e-07
2.505573250213976877e+01	5.246120068541049128e-08	7.995561540452662471e-09	1.886171583218933565e-09	1.819753580775778037e-07
2.558671736968459953e+01	4.739353355809181174e-08	7.121707568200060714e-09	1.656282766732658425e-09	1.653321948808062189e-07
2.612895494874115698e+01	4.281455234457793231e-08	6.342924052233720078e-09	1.454239583988171630e-09	1.502112062444956635e-07
2.668268370847132687e+01	3.868525996584226695e-08	5.650186096711580599e-09	1.276997661773674329e-09	1.366610916098688253e-07
2.724814717171165412e+01	3.482335776235631242e-08	5.012671287231407028e-09	1.116469927930615658e-09	1.240552471777542620e-07
2.782559402207125743e+01	3.145265390716618758e-08	4.463189225484812555e-09	9.798931169694876061e-10	1.126679643732045581e-07
2.841527821329990999e+01	2.840775008521857040e-08	3.973631452445301096e-09	8.598997221350539652e-10	1.024668414550810829e-07
2.901745908097360527e+01	2.566265608112087717e-08	3.538256130049477879e-09	7.546499365070019919e-10	9.320795176783104301e-08
2.963240145654703639e+01	2.309551788374449872e-08	3.137841417811829875e-09	6.594376064800950853e-10	8.447785264327361607e-08
3.026037578382308624e+01	2.085555022291726105e-08	2.792869642120090941e-09	5.784782633522765655e-10	7.681652634229352480e-08
3.090165823789054755e+01	1.883255716114342077e-08	2.485528489252540462e-09	5.073366573648795063e-10	6.984836521492823617e-08
3.155653084658241525e+01	1.700924242485158419e-08	2.212413587920043887e-09	4.450154824178309975e-10	6.352626048373801416e-08
3.222528161450811979e+01	1.530421647574915931e-08	1.961348915960900438e-09	3.886870966426345061e-10	5.756531339426140169e-08
3.290820464971425707e+01	1.381690494575420191e-08	1.744993667360582471e-09	3.407540468526088770e-10	5.233363032244290912e-08
3.360560029302952501e+01	1.247395025876505682e-08	1.552406195004741942e-09	2.986969710877352245e-10	4.757722938185734188e-08
3.431777525015100849e+01	1.126385768169906416e-08	1.381376513137436304e-09	2.618926496494393358e-10	4.326299390387933617e-08
3.504504272652905428e+01	1.013230210075700726e-08	1.224071740766408056e-09	2.285907567503875485e-10	3.919411663489766566e-08
3.578772256511129513e+01	9.145499311846944106e-09	1.088632184940920183e-09	2.002940490395392771e-10	3.562426277157815981e-08
3.654614138700539883e+01	8.254651588291564403e-09	9.681612451395149274e-10	1.754977958358109385e-10	3.237974226844390502e-08
3.732063273512289925e+01	7.452129626715729626e-09	8.611448681446107947e-10	1.537809491315368486e-10	2.943624442358838676e-08
3.811153722086707774e+01	6.701695351452921130e-09	7.627623209492864873e-10	1.341488216474489815e-10	2.666050418557283895e-08
3.891920267392951160e+01	6.047427110361254404e-09	6.781260898593630302e-10	1.174906666049483139e-10	2.422606482347743271e-08
3.974398429526115706e+01	5.456886614649714321e-09	6.028276227379816021e-10	1.028845973313283272e-10	2.201352168398347305e-08
4.058624481328516254e+01	4.925016266087012339e-09	5.359671049065036600e-10	9.010019816878630959e-11	2.000642790667697844e-08
4.144635464342010778e+01	4.427656471928544490e-09	4.745363359908433707e-10	7.855637645158166477e-11	1.811401003045260378e-08
4.232469205098434628e+01	3.994137199320729992e-09	4.217011585281804230e-10	6.876352362677271700e-11	1.645432414687635713e-08
4.322164331755172384e+01	3.602908463835780104e-09	3.746957961624866927e-10	6.017575563201345192e-11	1.494597008142127432e-08
4.413760291083362119e+01	3.250621303427209135e-09	3.329850613735348774e-10	5.266730114126974701e-11	1.357801656722112813e-08
4.507297365816076251e+01	2.921176657717961768e-09	2.946768794206947265e-10	4.589285975021469927e-11	1.228830690367058996e-08
4.602816692364147144e+01	2.634083777627369675e-09	2.617351446186932617e-10	4.014691036781644291e-11	1.115726578404963071e-08
4.700360278907441369e+01	2.375034212917385531e-09	2.324358849325323028e-10	3.510990657327985593e-11	1.012945797979294344e-08
4.799971023869517950e+01	2.141812737920778417e-09	2.064513244336063811e-10	3.070994881400326237e-11	9.197501556064150210e-09
4.901692734783804895e+01	1.923696162481728927e-09	1.825922736644355670e-10	2.674229067338067231e-11	8.318817131188775026e-09
5.005570147559598126e+01	1.733657177953786815e-09	1.620725983673489224e-10	2.337535965954993191e-11	7.548214967279062525e-09
5.111648946156338980e+01	1.562200216921993309e-09	1.438326434097185225e-10	2.042698224200142071e-11	6.848056547571486399e-09
5.219975782674825382e+01	1.407861372828898384e-09	1.276636948466861792e-10	1.785340259231379062e-11	6.213284313879111709e-09
5.330598297874255564e+01	1.263500817161489158e-09	1.128203647758595174e-10	1.553383057119980523e-11	5.614752758647671124e-09
5.443565142123959077e+01	1.137742250555081138e-09	1.000564439359398671e-10	1.356574955069798390e-11	5.089840562464071665e-09
5.558925996799251124e+01	1.024286825670424931e-09	8.871442704121012474e-11	1.184333809804481243e-11	4.612949919353083482e-09
5.676731596130657209e+01	9.221678808655618939e-10	7.866350592830462207e-11	1.034070947817389198e-11	4.180604504582894100e-09
5.797033749516177181e+01	8.266328692298299502e-10	6.943799003637832843e-11	8.986977942484525912e-12	3.772879693313116400e-09
5.919885364306400533e+01	7.434128640279430081e-10	6.150704977481467600e-11	7.838920274370638380e-12	3.415305662145404556e-09
6.045340469072480261e+01	6.683309690140275787e-10	5.446073501390045635e-11	6.834512170805506225e-12	3.090406079328407711e-09
6.173454237367209174e+01	6.007491003404735798e-10	4.821767313198677726e-11	5.958580939575064131e-12	2.795835020392854004e-09
6.304283011989645757e+01	5.375042734805289505e-10	4.248735163813008225e-11	5.169676337557284021e-12	2.517937174868850536e-09
6.437884329763940627e+01	4.824039606731446620e-10	3.756409601921115660e-11	4.501482607403781255e-12	2.274210966045613995e-09
6.574316946843353549e+01	4.326788116663909356e-10	3.318886125495113875e-11	3.916727784541135718e-12	2.052666820229895004e-09
6.713640864550379206e+01	3.879073049212247950e-10	2.931198125486995960e-11	3.406799188680658475e-12	1.851713160008784475e-09
6.855917355764610477e+01	3.459840431418172384e-10	2.575254731640881596e-11	2.947524959566434636e-12	1.662008813543525324e-09
7.001208991869765441e+01	3.094371224880289609e-10	2.269553835769923023e-11	2.559003449864982832e-12	1.495551290110715879e-09
7.149579670271769771e+01	2.764297803370338596e-10	1.997757155596368197e-11	2.218926434150139128e-12	1.344105167568637228e-09
7.301094642500031284e+01	2.466822573169841658e-10	1.756761975314155894e-11	1.922236346596631215e-12	1.206581925088585644e-09
7.455820542904223203e+01	2.187915038800984807e-10	1.535247082796595745e-11	1.654738798200910026e-12	1.076543933848344081e-09
7.613825417959219521e+01	1.944335062774269575e-10	1.344838551788825213e-11	1.428437381711221069e-12	9.622530074279491240e-10
7.775178756191070306e+01	1.723872882535349390e-10	1.175477122218887062e-11	1.230572362359581877e-12	8.580571772001554260e-10
7.939951518737163383e+01	1.524632689684239597e-10	1.024941906212196435e-11	1.057567251308746075e-12	7.631448703650767783e-10
8.108216170554010205e+01	1.337212187078270807e-10	8.861895179367117891e-12	9.012125369627034848e-13	6.730678075762637128e-10
8.280046712286477373e+01	1.172647636425674778e-10	7.663626119679977708e-12	7.683883351150112737e-13	5.934247194453960160e-10
8.455518712812224180e+01	1.022721643135278005e-10	6.592337006300748669e-12	6.518000601528880832e-13	5.202960775514468115e-10
8.634709342475994731e+01	8.860015334615264987e-11	5.634770315451148194e-12	5.495911457672861510e-13	4.531390374042224132e-10
8.817697407028136070e+01	7.559621803143833408e-11	4.743337971274174860e-12	4.563869243528772592e-13	3.886273131247425842e-10
9.004563382282356088e+01	6.395106508402097128e-11	3.959927608455259577e-12	3.759632854515662505e-13	3.303965518213942228e-10
9.195389449507966617e+01	5.305051837460119543e-11	3.242219817608138949e-12	3.037946218663268248e-13	2.754022828113327748e-10
9.390259531572145590e+01	4.267237253933677041e-11	2.574518759976387781e-12	2.381296343743613454e-13	2.225796656839117438e-10
9.589259329848152902e+01	3.211086740481306287e-11	1.912921157304681890e-12	1.747108840982973569e-13	1.682595313434151108e-10
9.792476361905691817e+01	2.105425793001935701e-11	1.239228145542662451e-12	1.118338487342128656e-13	1.108298831149936120e-10
