# Data associated with arXiv:2110.09653
# 
# Scale-free gravitational potential, Phi(r), of a nfw1-25 dark matter distribution (see Eq. 12 and the surrounding discussion)
# 
# Published: 3/29/22, Jack Runburg, contact: runburg@hawaii.edu
# 
# 
# -----------------------------------------------------------------
# 
# 	 tilde r 		 | 		 tilde Phi
# 
# -----------------------------------------------------------------
1.000000000000000082e-05	1.354874302393243093e-04
1.016902569856036418e-05	1.372013798751747088e-04
1.034090836579813217e-05	1.389370111658966593e-04
1.051569629182590727e-05	1.406945983825145640e-04
1.069343858298338107e-05	1.424744192653686439e-04
1.087418517563349352e-05	1.442767550679924368e-04
1.105798685019213608e-05	1.461018906015490947e-04
1.124489524539464294e-05	1.479501142798257196e-04
1.143496287280373749e-05	1.498217181647998873e-04
1.162824313156251011e-05	1.517169980127803641e-04
1.182479032339672186e-05	1.536362533211310709e-04
1.202465966787094358e-05	1.555797873755877803e-04
1.222790731790219642e-05	1.575479072981704736e-04
1.243459037553620304e-05	1.595409240957042078e-04
1.264476690798990365e-05	1.615591527089502784e-04
1.285849596396550032e-05	1.636029120623620466e-04
1.307583759024001738e-05	1.656725251144675970e-04
1.329685284853523648e-05	1.677683189088887143e-04
1.352160383267306994e-05	1.698906246260083208e-04
1.375015368602047702e-05	1.720397776352865921e-04
1.398256661922970337e-05	1.742161175482432071e-04
1.421890792827791775e-05	1.764199882721044846e-04
1.445924401281218556e-05	1.786517380641338380e-04
1.470364239480425140e-05	1.809117195866452241e-04
1.495217173752060936e-05	1.832002899627128653e-04
1.520490186481353606e-05	1.855178108325879812e-04
1.546190378073772831e-05	1.878646484108240458e-04
1.572324968949899453e-05	1.902411735441293271e-04
1.598901301573965207e-05	1.926477617699457346e-04
1.625926842516730133e-05	1.950847933757734348e-04
1.653409184553174079e-05	1.975526534592397711e-04
1.681356048795696318e-05	2.000517319889330895e-04
1.709775286863338809e-05	2.025824238660017384e-04
1.738674883087671066e-05	2.051451289865320149e-04
1.768062956756000055e-05	2.077402523047180115e-04
1.797947764392438726e-05	2.103682038968248281e-04
1.828337702077590442e-05	2.130293990259654775e-04
1.859241307807381921e-05	2.157242582076919729e-04
1.890667263891824960e-05	2.184532072764187568e-04
1.922624399394281931e-05	2.212166774526853571e-04
1.955121692611963820e-05	2.240151054112663473e-04
1.988168273598394005e-05	2.268489333501470958e-04
2.021773426728446277e-05	2.297186090603653050e-04
2.055946593306806188e-05	2.326245859967430063e-04
2.090697374220454717e-05	2.355673233495037509e-04
2.126035532636048084e-05	2.385472861167998808e-04
2.161970996742848953e-05	2.415649451781612628e-04
2.198513862542019826e-05	2.446207773688598478e-04
2.235674396683105304e-05	2.477152655552243717e-04
2.273463039348393747e-05	2.508488987109042741e-04
2.311890407186101566e-05	2.540221719940969855e-04
2.350967296293065580e-05	2.572355868257489363e-04
2.390704685247916156e-05	2.604896509687495867e-04
2.431113738195477895e-05	2.637848786081225974e-04
2.472205807983296721e-05	2.671217904322301323e-04
2.513992439351238667e-05	2.705009137150076967e-04
2.556485372174920653e-05	2.739227823992316764e-04
2.599696544764047972e-05	2.773879371808458732e-04
2.643638097216418787e-05	2.808969255943469787e-04
2.688322374828698802e-05	2.844503020992551734e-04
2.733761931564792142e-05	2.880486281676731554e-04
2.779969533582839453e-05	2.916924723729515437e-04
2.826958162821882354e-05	2.953824104794788700e-04
2.874741020649071774e-05	2.991190255335994660e-04
2.923331531568612113e-05	3.029029079556873273e-04
2.972743346993304866e-05	3.067346556333759534e-04
3.022990349079926684e-05	3.106148740159727327e-04
3.074086654629380722e-05	3.145441762100622098e-04
3.126046619052763072e-05	3.185231830763161237e-04
3.178884840404535552e-05	3.225525233275322807e-04
3.232616163483768439e-05	3.266328336279039428e-04
3.287255684004812447e-05	3.307647586935516613e-04
3.342818752838356790e-05	3.349489513943165785e-04
3.399320980324275641e-05	3.391860728568477264e-04
3.456778240657304527e-05	3.434767925689861381e-04
3.515206676346841592e-05	3.478217884854671875e-04
3.574622702752206616e-05	3.522217471349639237e-04
3.635043012694450139e-05	3.566773637284742743e-04
3.696484581146223093e-05	3.611893422690853482e-04
3.758964670000808795e-05	3.657583956631163557e-04
3.822500832921870388e-05	3.703852458326724003e-04
3.887110920275097572e-05	3.750706238296156489e-04
3.952813084143210176e-05	3.798152699509738822e-04
4.019625783425803943e-05	3.846199338558142365e-04
4.087567789025284005e-05	3.894853746835830037e-04
4.156658189120576708e-05	3.944123611739495439e-04
4.226916394529853092e-05	3.994016717881539885e-04
4.298362144164019741e-05	4.044540948318967846e-04
4.371015510572303796e-05	4.095704285797730675e-04
4.444896905581571312e-05	4.147514814012782025e-04
4.520027086031053377e-05	4.199980718884117675e-04
4.596427159603870473e-05	4.253110289848823595e-04
4.674118590757267352e-05	4.306911921169524196e-04
4.753123206752940771e-05	4.361394113259281719e-04
4.833463203789430644e-05	4.416565474023284501e-04
4.915161153238073493e-05	4.472434720217413552e-04
4.998240007984356624e-05	4.529010678824003499e-04
5.082723108876559525e-05	4.586302288444948048e-04
5.168634191283236288e-05	4.644318600712371158e-04
5.255997391761710167e-05	4.703068781717220062e-04
5.344837254839108326e-05	4.762562113455651148e-04
5.435178739908172257e-05	4.822807995293943210e-04
5.527047228239525742e-05	4.883815945451717468e-04
5.620468530112457639e-05	4.945595602503956561e-04
5.715468892066349253e-05	5.008156726901934197e-04
5.812075004274504757e-05	5.071509202513359033e-04
5.910314008042789533e-05	5.135663038181982696e-04
6.010213503434843707e-05	5.200628369306811803e-04
6.111801557026345553e-05	5.266415459441343028e-04
6.215106709790228898e-05	5.333034701912897114e-04
6.320157985115178797e-05	5.400496621462387917e-04
6.426984896959787321e-05	5.468811875904864769e-04
6.535617458144342038e-05	5.537991257810871530e-04
6.646086188782971240e-05	5.608045696209149229e-04
6.758422124858115099e-05	5.678986258310686659e-04
6.872656826940111863e-05	5.750824151254647996e-04
6.988822389054047174e-05	5.823570723876227324e-04
7.106951447696465861e-05	5.897237468496800868e-04
7.227077191004629639e-05	5.971836022736754217e-04
7.349233368080552791e-05	6.047378171351032276e-04
7.473454298472863809e-05	6.123875848087969188e-04
7.599774881818697982e-05	6.201341137571430781e-04
7.728230607648789517e-05	6.279786277206818139e-04
7.858857565358148443e-05	6.359223659111001674e-04
7.991692454345255051e-05	6.439665832066610723e-04
8.126772594322802224e-05	6.521125503501021270e-04
8.264135935802465773e-05	6.603615541490184902e-04
8.403821070757165439e-05	6.687148976787843282e-04
8.545867243463269578e-05	6.771739004880173666e-04
8.690314361526321394e-05	6.857398988066485627e-04
8.837203007092955202e-05	6.944142457566031875e-04
8.986574448252320402e-05	7.031983115651373357e-04
9.138470650630395851e-05	7.120934837808730149e-04
9.292934289180014931e-05	7.211011674925400534e-04
9.450008760170456993e-05	7.302227855504907477e-04
9.609738193379394305e-05	7.394597787909883320e-04
9.772167464491231779e-05	7.488136062633386596e-04
9.937342207704681467e-05	7.582857454598642289e-04
1.010530882855375953e-04	7.678776925487953639e-04
1.027611451694522251e-04	7.775909626100761633e-04
1.044980726041651943e-04	7.874270898741517893e-04
1.062643585761784858e-04	7.973876279637622487e-04
1.080604993202192510e-04	8.074741501387712895e-04
1.098869994586575572e-04	8.176882495440939477e-04
1.117443721432778697e-04	8.280315394607301160e-04
1.136331391994486811e-04	8.385056535599687538e-04
1.155538312727281931e-04	8.491122461607876742e-04
1.175069879779481330e-04	8.598529924904944454e-04
1.194931580508180820e-04	8.707295889486504729e-04
1.215128995020904455e-04	8.817437533743077531e-04
1.235667797743341897e-04	8.928972253166229164e-04
1.256553759013554958e-04	9.041917663088624383e-04
1.277792746703147969e-04	9.156291601458642869e-04
1.299390727865835948e-04	9.272112131649867979e-04
1.321353770413874452e-04	9.389397545305916155e-04
1.343688044822834680e-04	9.508166365221094873e-04
1.366399825865173903e-04	9.628437348257186217e-04
1.389495494373137348e-04	9.750229488297062954e-04
1.412981539031428761e-04	9.873562019235340975e-04
1.436864558200198782e-04	9.998454418006536438e-04
1.461151261768842277e-04	1.012492640765162970e-03
1.485848473041125864e-04	1.025299796042281487e-03
1.510963130652191798e-04	1.038268930092749089e-03
1.536502290517936125e-04	1.051402090931162232e-03
1.562473127817378576e-04	1.064701352448329565e-03
1.588882939008491742e-04	1.078168814737655171e-03
1.615739143878149021e-04	1.091806604425644154e-03
1.643049287626683534e-04	1.105616875006542937e-03
1.670821042987704773e-04	1.119601807181193429e-03
1.699062212383743503e-04	1.133763609200141376e-03
1.727780730118311508e-04	1.148104517211044878e-03
1.756984664605053779e-04	1.162626795610463733e-03
1.786682220634525510e-04	1.177332737400039152e-03
1.816881741679340619e-04	1.192224664547174209e-03
1.847591712238235014e-04	1.207304928350215467e-03
1.878820760219775598e-04	1.222575909808231841e-03
1.910577659366365815e-04	1.238040019995435576e-03
1.942871331719188508e-04	1.253699700440283078e-03
1.975710850124866975e-04	1.269557423509359894e-03
2.009105440784431595e-04	1.285615692796047461e-03
2.043064485845435532e-04	1.301877043514098036e-03
2.077597526037827484e-04	1.318344042896114985e-03
2.112714263354412516e-04	1.335019290597048601e-03
2.148424563776607336e-04	1.351905419102741477e-03
2.184738460046266035e-04	1.369005094143595008e-03
2.221666154484372088e-04	1.386321015113426607e-03
2.259218021857336319e-04	1.403855915493556691e-03
2.297404612291798821e-04	1.421612563282236659e-03
2.336236654238643619e-04	1.439593761429427184e-03
2.375725057487147664e-04	1.457802348277039816e-03
2.415880916230062926e-04	1.476241198004683060e-03
2.456715512180506823e-04	1.494913221080990595e-03
2.498240317741551374e-04	1.513821364720602074e-03
2.540466999229345113e-04	1.532968613346849009e-03
2.583407420150777146e-04	1.552357989060253922e-03
2.627073644536481322e-04	1.571992552112863595e-03
2.671477940330213769e-04	1.591875401388535014e-03
2.716632782835508839e-04	1.612009674889217396e-03
2.762550858220584886e-04	1.632398550227312246e-03
2.809245067082517420e-04	1.653045245124203175e-03
2.856728528071605542e-04	1.673953017914986277e-03
2.905014581577071149e-04	1.695125168059544597e-03
2.954116793474984839e-04	1.716565036659973642e-03
3.004048958939589458e-04	1.738276006984488479e-03
3.054825106319022541e-04	1.760261504997866601e-03
3.106459501076553839e-04	1.782524999898511386e-03
3.158966649798455200e-04	1.805070004662228051e-03
3.212361304269563162e-04	1.827900076592761137e-03
3.266658465617811426e-04	1.851018817879236406e-03
3.321873388528732334e-04	1.874429876160519075e-03
3.378021585531251671e-04	1.898136945096634120e-03
3.435118831355896260e-04	1.922143764947295465e-03
3.493181167366675791e-04	1.946454123157652719e-03
3.552224906067888996e-04	1.971071854951339779e-03
3.612266635687054364e-04	1.996000843930892128e-03
3.673323224835388411e-04	2.021245022685668521e-03
3.735411827246973185e-04	2.046808373407317007e-03
3.798549886598084251e-04	2.072694928512914484e-03
3.862755141407951480e-04	2.098908771275856573e-03
3.928045630022363724e-04	2.125454036464594944e-03
3.994439695681523583e-04	2.152334910989324012e-03
4.061955991673505371e-04	2.179555634556684229e-03
4.130613486574917070e-04	2.207120500332646323e-03
4.200431469580040238e-04	2.235033855613580405e-03
4.271429555920115370e-04	2.263300102505698148e-03
4.343627692374198417e-04	2.291923698612914010e-03
4.417046162873167637e-04	2.320909157733250846e-03
4.491705594198478857e-04	2.350261050563888770e-03
4.567626961777168084e-04	2.379984005414941851e-03
4.644831595574927248e-04	2.410082708932122664e-03
4.723341186088662533e-04	2.440561906828324617e-03
4.803177790440425624e-04	2.471426404624297701e-03
4.884363838574312710e-04	2.502681068398489219e-03
4.966922139558113680e-04	2.534330825546166153e-03
5.050875887991499369e-04	2.566380665547954038e-03
5.136248670522445235e-04	2.598835640747841798e-03
5.223064472473935762e-04	2.631700867140875869e-03
5.311347684582509721e-04	2.664981525170519779e-03
5.401123109850867847e-04	2.698682860535935469e-03
5.492415970516181150e-04	2.732810185009190273e-03
5.585251915136241153e-04	2.767368877262575601e-03
5.679657025795404723e-04	2.802364383706149650e-03
5.775657825432239500e-04	2.837802219335574822e-03
5.873281285291183634e-04	2.873687968590471920e-03
5.972554832499969713e-04	2.910027286223289787e-03
6.073506357775315233e-04	2.946825898178946287e-03
6.176164223258701069e-04	2.984089602485246254e-03
6.280557270484683893e-04	3.021824270154301918e-03
6.386714828483902292e-04	3.060035846095039962e-03
6.494666722022935214e-04	3.098730350036897098e-03
6.604443279983617009e-04	3.137913877464935768e-03
6.716075343883770371e-04	3.177592600566375193e-03
6.829594276542177208e-04	3.217772769188821397e-03
6.945031970889825731e-04	3.258460711810197506e-03
7.062420858930204982e-04	3.299662836520609373e-03
7.181793920851009278e-04	3.341385632016243262e-03
7.303184694289851413e-04	3.383635668605437796e-03
7.426627283756636558e-04	3.426419599227096754e-03
7.552156370215079703e-04	3.469744160481527239e-03
7.679807220826359018e-04	3.513616173673957382e-03
7.809615698857278474e-04	3.558042545870744415e-03
7.941618273756021005e-04	3.603030270968534624e-03
8.075852031398165869e-04	3.648586430776464950e-03
8.212354684505887787e-04	3.694718196111577112e-03
8.351164583243314002e-04	3.741432827907599078e-03
8.492320725990840828e-04	3.788737678337211409e-03
8.635862770301777234e-04	3.836640191948045234e-03
8.781831044043956558e-04	3.885147906812445699e-03
8.930266556729828109e-04	3.934268455691276693e-03
9.081211011037989590e-04	3.984009567211811535e-03
9.234706814529467173e-04	4.034379067060027933e-03
9.390797091562086895e-04	4.085384879187292477e-03
9.549525695406079406e-04	4.137035027031684027e-03
9.710937220564705170e-04	4.189337634754227054e-03
9.875077015302894702e-04	4.242300928489960328e-03
1.004199119438780371e-03	4.295933237614269450e-03
1.021172665204465608e-03	4.350242996024424220e-03
1.038433107513160114e-03	4.405238743436718125e-03
1.055985295653722377e-03	4.460929126699176954e-03
1.073834160880457900e-03	4.517322901120178306e-03
1.091984717798539194e-03	4.574428931813016679e-03
1.110442065772854507e-03	4.632256195056743721e-03
1.129211390360662605e-03	4.690813779673316634e-03
1.148297964768467102e-03	4.750110888421339196e-03
1.167707151333511727e-03	4.810156839406551539e-03
1.187444403030319794e-03	4.870961067509240426e-03
1.207515265002700490e-03	4.932533125828764305e-03
1.227925376121640280e-03	4.994882687145377025e-03
1.248680470569537605e-03	5.058019545399556650e-03
1.269786379451208914e-03	5.121953617189035392e-03
1.291249032432127903e-03	5.186694943283679839e-03
1.313074459404352896e-03	5.252253690158464362e-03
1.335268792180613557e-03	5.318640151544723298e-03
1.357838266217031810e-03	5.385864749999853644e-03
1.380789222364966172e-03	5.453938038495730230e-03
1.404128108652453718e-03	5.522870702025913132e-03
1.427861482095777682e-03	5.592673559232029003e-03
1.451996010541646868e-03	5.663357564049348834e-03
1.476538474540514635e-03	5.734933807371910865e-03
1.501495769251562883e-03	5.807413518737264933e-03
1.526874906379880551e-03	5.880808068031204323e-03
1.552683016146397385e-03	5.955128967212542333e-03
1.578927349291094897e-03	6.030387872058221542e-03
1.605615279110095620e-03	6.106596583928989956e-03
1.632754303527175332e-03	6.183767051555772408e-03
1.660352047200289172e-03	6.261911372782231512e-03
1.688416263663707062e-03	6.341041796639779703e-03
1.716954837506350865e-03	6.421170724844742737e-03
1.745975786586963620e-03	6.502310713895050574e-03
1.775487264286699802e-03	6.584474476909599368e-03
1.805497561799810540e-03	6.667674885543767825e-03
1.836015110463037458e-03	6.751924971927132819e-03
1.867048484124379315e-03	6.837237930623793654e-03
1.898606401551900620e-03	6.923627120615313650e-03
1.930697728883249645e-03	7.011106067306745702e-03
1.963331482116591892e-03	7.099688464555793839e-03
1.996516829643624896e-03	7.189388176725367528e-03
2.030263094825430960e-03	7.280219240759856596e-03
2.064579758611852570e-03	7.372195868285220423e-03
2.099476462205150749e-03	7.465332447733293887e-03
2.134963009768679927e-03	7.559643546490301368e-03
2.171049371181348660e-03	7.655143913070090560e-03
2.207745684838647703e-03	7.751848479312112121e-03
2.245062260500998302e-03	7.849772362604446121e-03
2.283009582190270292e-03	7.948930868132178876e-03
2.321598311135244109e-03	8.049339491151245515e-03
2.360839288766866315e-03	8.151013919288010653e-03
2.400743539764126078e-03	8.253970034865028629e-03
2.441322275151419988e-03	8.358223917252787308e-03
2.482586895448264750e-03	8.463791845248222132e-03
2.524548993872262424e-03	8.570690299479570215e-03
2.567220359596177753e-03	8.678935964838591435e-03
2.610612981060093842e-03	8.788545732939806107e-03
2.654739049339540410e-03	8.899536704606957407e-03
2.699610961570552640e-03	9.011926192387666526e-03
2.745241324432623389e-03	9.125731723095496448e-03
2.791642957690524101e-03	9.240971040380343768e-03
2.838828897796003177e-03	9.357662107327557530e-03
2.886812401550338004e-03	9.475823109085014864e-03
2.935606949828818354e-03	9.595472455519756319e-03
2.985226251368169013e-03	9.716628783903303104e-03
3.035684246617996723e-03	9.839310961626499333e-03
3.086995111657330013e-03	9.963538088943861906e-03
3.139173262177360861e-03	1.008932950174789948e-02
3.192233357531519197e-03	1.021670477437325829e-02
3.246190304853968818e-03	1.034568372235583449e-02
3.301059263247754609e-03	1.047628640558554911e-02
3.356855648043719550e-03	1.060853313078961510e-02
3.413595135131412741e-03	1.074244445472304597e-02
3.471293665363201029e-03	1.087804118706330384e-02
3.529967449032819348e-03	1.101534439339985419e-02
3.589632970429635240e-03	1.115437539825524411e-02
3.650306992469857896e-03	1.129515578813805772e-02
3.712006561406061729e-03	1.143770741462810450e-02
3.774749011616297320e-03	1.158205239749389263e-02
3.838551970474150202e-03	1.172821312784243404e-02
3.903433363301120080e-03	1.187621227130214278e-02
3.969411418402700453e-03	1.202607277123836013e-02
4.036504672189604979e-03	1.217781785200232510e-02
4.104731974385511864e-03	1.233147102221317758e-02
4.174112493322873658e-03	1.248705607807384758e-02
4.244665721328222743e-03	1.264459710672051138e-02
4.316411480198500787e-03	1.280411848960605857e-02
4.389369926769958255e-03	1.296564490591756505e-02
4.463561558581177410e-03	1.312920133602835625e-02
4.539007219631814756e-03	1.329481306498417857e-02
4.615728106238700494e-03	1.346250568602440877e-02
4.693745772990876204e-03	1.363230510413777907e-02
4.773082138805334954e-03	1.380423753965331207e-02
4.853759493085097083e-03	1.397832953186628653e-02
4.935800501981372872e-03	1.415460794269941640e-02
5.019228214761578891e-03	1.433309996039973562e-02
5.104066070284974874e-03	1.451383310327071692e-02
5.190337903587798063e-03	1.469683522344036007e-02
5.278067952579629761e-03	1.488213451066489924e-02
5.367280864853020243e-03	1.506975949616854576e-02
5.458001704608171807e-03	1.525973905651928364e-02
5.550255959694683563e-03	1.545210241754071089e-02
5.644069548772311269e-03	1.564687915826014700e-02
5.739468828592763153e-03	1.584409921489309328e-02
5.836480601404602127e-03	1.604379288486396452e-02
5.935132122483251921e-03	1.624599083086330706e-02
6.035451107788337120e-03	1.645072408494149471e-02
6.137465741750428375e-03	1.665802405263885552e-02
6.241204685189401941e-03	1.686792251715252614e-02
6.346697083366644419e-03	1.708045164346659595e-02
6.453972574173352621e-03	1.729564398287051705e-02
6.563061296457267831e-03	1.751353247683582262e-02
6.673993898490092683e-03	1.773415046158460795e-02
6.786801546578089504e-03	1.795753167237754480e-02
6.901515933818189001e-03	1.818371024789973769e-02
7.018169289002107285e-03	1.841272073468288098e-02
7.136794385670962304e-03	1.864459809156380002e-02
7.257424551322942327e-03	1.887937769417914746e-02
7.380093676776592997e-03	1.911709533949614362e-02
7.504836225692410046e-03	1.935778725037940254e-02
7.631687244255296390e-03	1.960149008019333380e-02
7.760682371020751966e-03	1.984824091744036983e-02
7.891857846927448697e-03	2.009807729044050043e-02
8.025250525479058969e-03	2.035103717201776005e-02
8.160897883098169533e-03	2.060715898427593548e-02
8.298838029655216872e-03	2.086648160335701982e-02
8.439109719175405186e-03	2.112904436425918145e-02
8.581752360726531761e-03	2.139488706568411572e-02
8.726806029490927208e-03	2.166404997491832088e-02
8.874311478024487360e-03	2.193657383274799297e-02
9.024310147706032098e-03	2.221249985840695676e-02
9.176844180380181251e-03	2.249186975455760504e-02
9.331956430197019259e-03	2.277472571230407597e-02
9.489690475651922641e-03	2.306111041623751592e-02
9.650090631828802876e-03	2.335106704951271997e-02
9.813201962850383320e-03	2.364463929895579269e-02
9.979070294538865127e-03	2.394187136020229853e-02
1.014774222729061814e-02	2.424280794286531523e-02
1.031926514916845991e-02	2.454749427573267237e-02
1.049368724921524200e-02	2.485597611199297577e-02
1.067105753099251327e-02	2.516829973448978658e-02
1.085142582634790812e-02	2.548451196100266769e-02
1.103484280941536416e-02	2.580466014955536472e-02
1.122136001085190064e-02	2.612879220374941455e-02
1.141102983231507065e-02	2.645695657812300108e-02
1.160390556118510476e-02	2.678920228353382990e-02
1.180004138553588516e-02	2.712557889256539054e-02
1.199949240935904021e-02	2.746613654495553072e-02
1.220231466804522213e-02	2.781092595304637469e-02
1.240856514412720830e-02	2.815999840725466261e-02
1.261830178328901021e-02	2.851340578148553462e-02
1.283158351064561664e-02	2.887120053892969912e-02
1.304847024729788307e-02	2.923343573717274158e-02
1.326902292716726148e-02	2.960016503654158693e-02
1.349330351411505598e-02	2.997144269878837183e-02
1.372137501935110325e-02	3.034732359928029449e-02
1.395330151913657356e-02	3.072786322952089991e-02
1.418914817278613301e-02	3.111311769685116968e-02
1.442898124097431733e-02	3.150314375557492635e-02
1.467286810435134044e-02	3.189799876790069127e-02
1.492087728247356443e-02	3.229774076344316819e-02
1.517307845305392207e-02	3.270242838622777065e-02
1.542954247153780281e-02	3.311212096333242261e-02
1.569034139100966910e-02	3.352687844346589896e-02
1.595554848243628532e-02	3.394676146340703388e-02
1.622523825525205854e-02	3.437183132894829768e-02
1.649948647829230924e-02	3.480214998843079305e-02
1.677837020108039270e-02	3.523778010946127665e-02
1.706196777547459506e-02	3.567878500215448251e-02
1.735035887768101442e-02	3.612522869767573197e-02
1.764362453063833894e-02	3.657717592376368704e-02
1.794184712678114843e-02	3.703469207499491406e-02
1.824511045118791530e-02	3.749784328580512555e-02
1.855349970512023758e-02	3.796669640355260222e-02
1.886710152996000367e-02	3.844131895763146234e-02
1.918600403155108769e-02	3.892177923507836312e-02
1.951029680495259405e-02	3.940814625196367715e-02
1.984007095961033348e-02	3.990048972222988433e-02
2.017541914495388569e-02	4.039888013411742362e-02
2.051643557642630553e-02	4.090338872070607701e-02
2.086321606195374462e-02	4.141408742934742787e-02
2.121585802886252412e-02	4.193104899713503281e-02
2.157446055125112477e-02	4.245434692140533789e-02
2.193912437782497352e-02	4.298405543068472418e-02
2.230995196020145455e-02	4.352024955734581924e-02
2.268704748169360005e-02	4.406300510893696593e-02
2.307051688658016617e-02	4.461239864150837175e-02
2.346046790987047978e-02	4.516850752765456944e-02
2.385701010757239338e-02	4.573140992953891176e-02
2.426025488747183059e-02	4.630118477530685561e-02
2.467031554043257191e-02	4.687791182902214387e-02
2.508730727222522119e-02	4.746167162565455289e-02
2.551134723589388795e-02	4.805254553849376553e-02
2.594255456467021298e-02	4.865061573155944619e-02
2.638105040544361582e-02	4.925596519554443359e-02
2.682695795279727360e-02	4.986867774824765148e-02
2.728040248361941061e-02	5.048883802029945078e-02
2.774151139229957819e-02	5.111653148075796793e-02
2.821041422651998296e-02	5.175184441948950387e-02
2.868724272365149111e-02	5.239486399193182820e-02
2.917213084776511603e-02	5.304567815583376839e-02
2.966521482726893269e-02	5.370437575540840114e-02
3.016663319318120540e-02	5.437104643694871953e-02
3.067652681805041123e-02	5.504578074635321783e-02
3.119503895553308453e-02	5.572867003182568890e-02
3.172231528064078931e-02	5.641980653777015076e-02
3.225850393066707206e-02	5.711928337058069793e-02
3.280375554680643041e-02	5.782719445323802887e-02
3.335822331647670530e-02	5.854363463399057249e-02
3.392206301635675159e-02	5.926869956542913515e-02
3.449543305615163091e-02	6.000248581551901467e-02
3.507849452309746291e-02	6.074509082446476194e-02
3.567141122721874391e-02	6.149661285358213464e-02
3.627434974735024853e-02	6.225715108746516374e-02
3.688747947793717674e-02	6.302680558663457944e-02
3.751097267662616142e-02	6.380567723413949066e-02
3.814500451266075037e-02	6.459386784094345302e-02
3.878975311609485915e-02	6.539148009549754226e-02
3.944539962783806530e-02	6.619861750934252775e-02
4.011212825054691344e-02	6.701538452303752724e-02
4.079012630037611581e-02	6.784188645384932326e-02
4.147958425960481671e-02	6.867822944161032506e-02
4.218069583015218033e-02	6.952452055250483987e-02
4.289365798799760210e-02	7.038086770882349963e-02
4.361867103852071215e-02	7.124737972250178020e-02
4.435593867277683178e-02	7.212416622176831549e-02
4.510566802472350950e-02	7.301133777084516108e-02
4.586806972941463723e-02	7.390900573412771679e-02
4.664335798217766893e-02	7.481728238457463487e-02
4.743175059879158745e-02	7.573628085300533608e-02
4.823346907668181471e-02	7.666611508221317373e-02
4.904873865714945436e-02	7.760689992013006244e-02
4.987778838865244979e-02	7.855875101172928032e-02
5.072085119115625484e-02	7.952178488771301235e-02
5.157816392157245355e-02	8.049611887654027631e-02
5.244996744030298863e-02	8.148187117265405510e-02
5.333650667890960095e-02	8.247916076885287995e-02
5.423803070892688205e-02	8.348810748293288009e-02
5.515479281183843091e-02	8.450883193797492643e-02
5.608705055023580077e-02	8.554145558444511965e-02
5.703506584018021297e-02	8.658610064231823944e-02
5.799910502478755614e-02	8.764289011245834926e-02
5.897943894905668949e-02	8.871194781215060998e-02
5.997634303596301869e-02	8.979339827384702488e-02
6.099009736383805003e-02	9.088736684399653654e-02
6.202098674505685666e-02	9.199397955643022484e-02
6.306930080605555045e-02	9.311336322619960526e-02
6.413533406870128295e-02	9.424564539506244398e-02
6.521938603303781279e-02	9.539095426365805375e-02
6.632176126142910744e-02	9.654941878257444765e-02
6.744276946412586238e-02	9.772116858962806574e-02
6.858272558627788451e-02	9.890633393520444072e-02
6.974194989641739617e-02	1.001050458016231742e-01
7.092076807643786507e-02	1.013174357335540898e-01
7.211951131309368712e-02	1.025436359566442024e-01
7.333851639104646547e-02	1.037837793045232465e-01
7.457812578748428123e-02	1.050379991384116779e-01
7.583868776833958825e-02	1.063064294494844020e-01
7.712055648613416747e-02	1.075892047600968543e-01
7.842409207947753647e-02	1.088864601454333364e-01
7.974966077424722188e-02	1.101983311260359838e-01
8.109763498647923341e-02	1.115249537748140424e-01
8.246839342699753550e-02	1.128664646317883713e-01
8.386232120781254851e-02	1.142230006162052725e-01
8.527980995031705924e-02	1.155946991295335319e-01
8.672125789531190398e-02	1.169816979679469127e-01
8.818707001489085873e-02	1.183841352349590675e-01
8.967765812621682209e-02	1.198021494369831547e-01
9.119344100722104329e-02	1.212358793950527036e-01
9.273484451425793862e-02	1.226854641594712081e-01
9.430230170174896953e-02	1.241510431114074137e-01
9.589625294384790388e-02	1.256327557914399262e-01
9.751714605816352854e-02	1.271307419852798493e-01
9.916543643157306465e-02	1.286451416416056204e-01
1.008415871481621734e-01	1.301760947979125893e-01
1.025460691193275653e-01	1.317237416423915897e-01
1.042793612160791694e-01	1.332882223885946127e-01
1.060419504035768068e-01	1.348696772874921068e-01
1.078343318779438342e-01	1.364682465872774642e-01
1.096570092053898021e-01	1.380840704842854205e-01
1.115104944636879369e-01	1.397172890866956452e-01
1.133953083860418237e-01	1.413680423632670269e-01
1.153119805073836990e-01	1.430364701513986148e-01
1.172610493131479026e-01	1.447227120292597646e-01
1.192430623905555293e-01	1.464269073762016760e-01
1.212585765824598510e-01	1.481491952160300107e-01
1.233081581437884267e-01	1.498897142927602677e-01
1.253923829006330093e-01	1.516486028956015031e-01
1.275118364120260972e-01	1.534259989470713181e-01
1.296671141344518663e-01	1.552220398130627621e-01
1.318588215891403626e-01	1.570368623799070495e-01
1.340875745321854495e-01	1.588706029518511809e-01
1.363539991275424801e-01	1.607233971355137014e-01
1.386587321229457159e-01	1.625953799079939976e-01
1.410024210288032542e-01	1.644866855051949073e-01
1.433857243001131487e-01	1.663974472992910403e-01
1.458093115214542101e-01	1.683277978716412604e-01
1.482738635951064698e-01	1.702778688933579421e-01
1.507800729323471867e-01	1.722477909974028110e-01
1.533286436479847636e-01	1.742376938531985942e-01
1.559202917581761494e-01	1.762477060409369800e-01
1.585557453815923112e-01	1.782779549201240210e-01
1.612357449439809631e-01	1.803285667026003070e-01
1.639610433861866667e-01	1.823996663222758607e-01
1.667324063756906449e-01	1.844913773019038750e-01
1.695506125217208226e-01	1.866038218212632549e-01
1.724164535940033438e-01	1.887371226693110582e-01
1.753307347452060516e-01	1.908913936058797001e-01
1.782942747371474568e-01	1.930667562994159980e-01
1.813079061708234574e-01	1.952633258983049735e-01
1.843724757203275000e-01	1.974812163487255634e-01
1.874888443707211083e-01	1.997205398994599812e-01
1.906578876599247796e-01	2.019814069216703534e-01
1.938804959247014126e-01	2.042639257655254337e-01
1.971575745507916644e-01	2.065682024850092890e-01
2.004900442272835592e-01	2.088943419258854073e-01
2.038788412052750798e-01	2.112424458058498322e-01
2.073249175609150063e-01	2.136126138620088322e-01
2.108292414628857858e-01	2.160049435004258167e-01
2.143927974444073958e-01	2.184195296903002903e-01
2.180165866798430274e-01	2.208564648972999866e-01
2.217016272659736997e-01	2.233158389947122457e-01
2.254489545080342605e-01	2.257977391742428119e-01
2.292596212105766917e-01	2.283022499146176720e-01
2.331346979732569213e-01	2.308294528154108960e-01
2.370752734916163618e-01	2.333794266173347676e-01
2.410824548629473540e-01	2.359522470078230516e-01
2.451573678973335835e-01	2.385479866612017774e-01
2.493011574339402958e-01	2.411667150250284553e-01
2.535149876626587306e-01	2.438084983558514995e-01
2.578000424511790456e-01	2.464733995878321537e-01
2.621575256775992568e-01	2.491614781869237460e-01
2.665886615686511307e-01	2.518727902060813317e-01
2.710946950436425307e-01	2.546073880413429746e-01
2.756768920642191367e-01	2.573653204906096170e-01
2.803365399900296095e-01	2.601466326117922168e-01
2.850749479404112718e-01	2.629513655710636333e-01
2.898934471621800180e-01	2.657795566913455088e-01
2.947933914036459657e-01	2.686312393065705684e-01
2.997761572949446118e-01	2.715064426088213412e-01
3.048431447347966228e-01	2.744051917030123633e-01
3.099957772838110026e-01	2.773275074594946932e-01
3.152355025644269504e-01	2.802734063624878758e-01
3.205637926676255800e-01	2.832429005700971558e-01
3.259821445665060935e-01	2.862359977605513084e-01
3.314920805368620771e-01	2.892527009944975136e-01
3.370951485848599494e-01	2.922930087675007504e-01
3.427929228819465157e-01	2.953569148679133782e-01
3.485870042071142483e-01	2.984444082353623906e-01
3.544790203966314834e-01	3.015554740141478396e-01
3.604706268013856407e-01	3.046900884331106285e-01
3.665635067519453227e-01	3.078482286368797172e-01
3.727593720314937853e-01	3.110298627743071087e-01
3.790599633567491855e-01	3.142349548503501344e-01
3.854670508670132723e-01	3.174634636079862737e-01
3.919824346214941246e-01	3.207153425780759903e-01
3.986079451050231759e-01	3.239905399252672735e-01
4.053454437423328338e-01	3.272889984443091982e-01
4.121968234210137139e-01	3.306106554418186128e-01
4.191640090233237359e-01	3.339554427286227645e-01
4.262489579669776485e-01	3.373232865543082104e-01
4.334536607550772414e-01	3.407141075340276437e-01
4.407801415353455599e-01	3.441278206104332882e-01
4.482304586688004022e-01	3.475643350285902433e-01
4.558067053080539499e-01	3.510235542440853784e-01
4.635110099853732013e-01	3.545053758989760162e-01
4.713455372106929997e-01	3.580096918213010460e-01
4.793124880797287601e-01	3.615363879042453599e-01
4.874141008923670304e-01	3.650853441701557012e-01
4.956526517815184607e-01	3.686564346339278320e-01
5.040304553525852826e-01	3.722495273680516137e-01
5.125498653337533517e-01	3.758644844404179231e-01
5.212132752372591327e-01	3.795011618384401819e-01
5.300231190318516195e-01	3.831594095461569593e-01
5.389818718266018438e-01	3.868390714840802547e-01
5.480920505662881803e-01	3.905399854380796620e-01
5.573562147385243692e-01	3.942619831759861526e-01
5.667769670928383130e-01	3.980048903002950111e-01
5.763569543719186949e-01	4.017685263667326589e-01
5.860988680552025043e-01	4.055527048372780108e-01
5.960054451150506027e-01	4.093572330272950976e-01
6.060794687856858598e-01	4.131819122217242901e-01
6.163237693451454335e-01	4.170265376179096983e-01
6.267412249104387101e-01	4.208908983793014924e-01
6.373347622461452699e-01	4.247747775635272727e-01
6.481073575866924674e-01	4.286779523037382300e-01
6.590620374725127961e-01	4.326001937247600515e-01
6.702018796003550438e-01	4.365412669475639551e-01
6.815300136879469672e-01	4.405009312314300263e-01
6.930496223532930378e-01	4.444789399719846212e-01
7.047639420088206430e-01	4.484750406544094070e-01
7.166762637706404204e-01	4.524889750454084147e-01
7.287899343831883980e-01	4.565204791737316192e-01
7.411083571594764274e-01	4.605692833339336545e-01
7.536349929372584411e-01	4.646351122670765443e-01
7.663733610513340233e-01	4.687176850947658013e-01
7.793270403223097054e-01	4.728167154906398051e-01
7.924996700620573487e-01	4.769319117086500692e-01
8.058949510961670448e-01	4.810629766167368593e-01
8.195166468036988450e-01	4.852096078662470058e-01
8.333685841744831180e-01	4.893714978893873302e-01
8.474546548843202576e-01	4.935483340302238564e-01
8.617788163883257635e-01	4.977397986318695677e-01
8.763450930327818522e-01	5.019455691202623360e-01
8.911575771857650485e-01	5.061653181014198477e-01
9.062204303868837130e-01	5.103987134550711513e-01
9.215378845164673427e-01	5.146454184802849996e-01
9.371142429844909749e-01	5.189050919261515293e-01
9.529538819396250471e-01	5.231773882031557354e-01
9.690612514986907122e-01	5.274619573817374008e-01
9.854408769969253967e-01	5.317584454363949442e-01
1.002097360259361913e+00	5.360664942312894921e-01
1.019035380893695386e+00	5.403857417860633561e-01
1.036259697605026009e+00	5.447158221210948170e-01
1.053775149532790278e+00	5.490563660341395424e-01
1.071586657610325677e+00	5.534070004212994220e-01
1.089699225947380778e+00	5.577673488569735438e-01
1.108117943236025305e+00	5.621370317093583591e-01
1.126847984180302076e+00	5.665156662191297432e-01
1.145894610950043413e+00	5.709028666055260270e-01
1.165263174659284751e+00	5.752982443103303867e-01
1.184959116869630069e+00	5.797014080778893907e-01
1.204987971119068746e+00	5.841119640672942648e-01
1.225355364476592435e+00	5.885295161051964374e-01
1.246067019123127118e+00	5.929536657682160650e-01
1.267128753959161580e+00	5.973840125011704583e-01
1.288546486239548816e+00	6.018201538744030188e-01
1.310326233235965754e+00	6.062616856690659084e-01
1.332474113927433867e+00	6.107082019995254685e-01
1.354996350719455345e+00	6.151592955787369421e-01
1.377899271192165376e+00	6.196145578016565292e-01
1.401189309878072775e+00	6.240735788662646888e-01
1.424873010069821255e+00	6.285359480465196880e-01
1.448957025658507369e+00	6.330012514117279165e-01
1.473448123003098242e+00	6.374690837505487817e-01
1.498353182831403840e+00	6.419390236587662057e-01
1.523679202173229497e+00	6.464106652890000415e-01
1.549433296326152343e+00	6.508835904285479312e-01
1.575622700854574010e+00	6.553573874297069501e-01
1.602254773622528550e+00	6.598316430743976779e-01
1.629336996860851317e+00	6.643059445156580534e-01
1.656876979269319872e+00	6.687798792890794486e-01
1.684882458154278284e+00	6.732530355645821585e-01
1.713361301602444930e+00	6.777250022812838504e-01
1.742321510691409836e+00	6.821953692837876559e-01
1.771771221737550084e+00	6.866637274867432028e-01
1.801718708581883988e+00	6.911296690359144401e-01
1.832172384914617203e+00	6.955927874616270046e-01
1.863140806638941216e+00	7.000526777854312321e-01
1.894632674274788098e+00	7.045089367624201016e-01
1.926656835403250945e+00	7.089611628933248921e-01
1.959222287152264430e+00	7.134089567080208472e-01
1.992338178724363251e+00	7.178519206861956325e-01
2.026013813967100230e+00	7.222896598918440159e-01
2.060258653986974053e+00	7.267217814722680691e-01
2.095082319807497040e+00	7.311478951725799424e-01
2.130494595072189856e+00	7.355676134356177176e-01
2.166505428793310539e+00	7.399805514042342436e-01
2.203124938146971523e+00	7.443863272276289855e-01
2.240363411315581477e+00	7.487845620502485700e-01
2.278231310378250996e+00	7.531748801403097549e-01
2.316739274250128933e+00	7.575569091205934802e-01
2.355898121671370138e+00	7.619302799744908095e-01
2.395718854246625451e+00	7.662946271600123982e-01
2.436212659535957670e+00	7.706495888320681331e-01
2.477390914197924676e+00	7.749948068355010378e-01
2.519265187185870225e+00	7.793299268357593013e-01
2.561847242998160024e+00	7.836545984659460951e-01
2.605149044983431139e+00	7.879684754194905549e-01
2.649182758701655427e+00	7.922712145398703720e-01
2.693960755342017954e+00	7.965624797384280864e-01
2.739495615198612732e+00	8.008419363727541374e-01
2.785800131204812846e+00	8.051092551848867407e-01
2.832887312527463397e+00	8.093641113637787265e-01
2.880770388221738365e+00	8.136061847237728850e-01
2.929462810947857765e+00	8.178351596361931319e-01
2.978978260750571039e+00	8.220507252404580800e-01
3.029330648902521350e+00	8.262525760050463131e-01
3.080534121812634751e+00	8.304404095170629940e-01
3.132603065000477027e+00	8.346139300407854344e-01
3.185552107137887834e+00	8.387728461328891605e-01
3.239396124158830492e+00	8.429168714664723172e-01
3.294150243438799031e+00	8.470457247171468973e-01
3.349829848044809655e+00	8.511591297013856305e-01
3.406450581057223204e+00	8.552568154189598149e-01
3.464028349964686004e+00	8.593385160429755087e-01
3.522579331133254943e+00	8.634039709872234347e-01
3.582119974351172242e+00	8.674529250018554460e-01
3.642667007450346439e+00	8.714851280912321307e-01
3.704237441006055231e+00	8.755003355937427401e-01
3.766848573116013732e+00	8.794983082065952473e-01
3.830517994260218551e+00	8.834788121463644783e-01
3.895263592243014550e+00	8.874416188858151866e-01
3.961103557218577542e+00	8.913865053598266641e-01
4.028056386801467603e+00	8.953132539565831216e-01
4.096140891263432948e+00	8.992216525155926066e-01
4.165376198818180775e+00	9.031114942970390747e-01
4.235781760995385170e+00	9.069825780572615681e-01
4.307377358105535237e+00	9.108347079900541710e-01
4.380183104797232829e+00	9.146676937452671297e-01
4.454219455708298803e+00	9.184813504662866501e-01
4.529507211212534301e+00	9.222754986531698229e-01
4.606067523263474683e+00	9.260499643466946207e-01
4.683921901337057214e+00	9.298045789683968554e-01
4.763092218474635153e+00	9.335391793501360835e-01
4.843600717428146574e+00	9.372536073385481226e-01
4.925470016909234694e+00	9.409477113022153283e-01
5.008723117943856273e+00	9.446213438399083673e-01
5.093383410334457295e+00	9.482743631979898558e-01
5.179474679231212519e+00	9.519066330080993010e-01
5.267021111814501388e+00	9.555180221453064560e-01
5.356047304090164829e+00	9.591084046987369272e-01
5.446578267799784712e+00	9.626776600271090834e-01
5.538639437447652192e+00	9.662256726483394731e-01
5.632256677446509485e+00	9.697523321973863242e-01
5.727456289384188715e+00	9.732575334528604794e-01
5.824265019412900202e+00	9.767411762624129690e-01
5.922710065763608256e+00	9.802031654418140727e-01
6.022819086387228182e+00	9.836434110993299562e-01
6.124620206725158056e+00	9.870618275140909947e-01
6.228142027611035303e+00	9.904583346223637674e-01
6.333413633306047785e+00	9.938328569500172183e-01
6.440464599670190360e+00	9.971853237712345885e-01
6.549325002471445778e+00	1.000515669190753298e+00
6.660025425835619295e+00	1.003823831923569720e+00
6.772596970838784536e+00	1.007109755402574969e+00
6.887071264245168578e+00	1.010373387599547312e+00
7.003480467392588338e+00	1.013614681032452447e+00
7.121857285228077927e+00	1.016833592725630009e+00
7.242234975496383065e+00	1.020030084085420174e+00
7.364647358083541206e+00	1.023204120913523196e+00
7.489128824518638261e+00	1.026355673305216376e+00
7.615714347635920589e+00	1.029484715631149738e+00
7.744439491400456177e+00	1.032591226500667370e+00
7.875340420899716420e+00	1.035675188405285052e+00
8.008453912504041483e+00	1.038736588144614004e+00
8.143817364199005482e+00	1.041775416496629525e+00
8.281468806092183499e+00	1.044791668102820204e+00
8.421446911097760335e+00	1.047785341568097772e+00
8.563791005801492773e+00	1.050756439271605114e+00
8.708541081509549642e+00	1.053704967325606701e+00
8.855737805483945735e+00	1.056630935597729470e+00
9.005422532367880706e+00	1.059534357373725033e+00
9.157637315804374012e+00	1.062415249990533495e+00
9.312424920251002547e+00	1.065273633837050093e+00
9.469828832994659606e+00	1.068109532863440458e+00
9.629893276369060118e+00	1.070922974388977655e+00
9.792663220179065320e+00	1.073713989067407670e+00
9.958184394334800515e+00	1.076482610784281091e+00
1.012650330169933710e+01	1.079228876569662932e+00
1.029766723115371541e+01	1.081952826627095909e+00
1.047172427088250757e+01	1.084654504174447087e+00
1.064872332188427428e+01	1.087333955387509432e+00
1.082871411171002762e+01	1.089991229421569674e+00
1.101174720843425447e+01	1.092626378265829645e+00
1.119787403486185262e+01	1.095239456658612109e+00
1.138714688297520183e+01	1.097830522306944889e+00
1.157961892862566167e+01	1.100399635053153080e+00
1.177534424647303979e+01	1.102946857805096714e+00
1.197437782517795135e+01	1.105472255911256418e+00
1.217677558285059547e+01	1.107975897062211779e+00
1.238259438276100788e+01	1.110457851600064716e+00
1.259189204931461603e+01	1.112918192126346018e+00
1.280472738429782709e+01	1.115356993405234309e+00
1.302116018339845027e+01	1.117774332595154352e+00
1.324125125300498418e+01	1.120170288932510694e+00
1.346506242729025793e+01	1.122544943813632123e+00
1.369265658558342480e+01	1.124898380690609212e+00
1.392409767003596599e+01	1.127230684998346444e+00
1.415945070358605307e+01	1.129541944121081221e+00
1.439878180822651998e+01	1.131832247322124285e+00
1.464215822358192653e+01	1.134101685701064843e+00
1.488964832579915942e+01	1.136350352090060190e+00
1.514132164675782732e+01	1.138578341106423197e+00
1.539724889360486770e+01	1.140785748940318367e+00
1.565750196861980470e+01	1.142972673450556531e+00
1.592215398941546312e+01	1.145139214010489903e+00
1.619127930948012661e+01	1.147285471521824363e+00
1.646495353906724546e+01	1.149411548295384167e+00
1.674325356643772622e+01	1.151517548065591701e+00
1.702625757946180585e+01	1.153603575921776203e+00
1.731404508758553007e+01	1.155669738157100612e+00
1.760669694416904463e+01	1.157716142420577965e+00
1.790429536920192888e+01	1.159742897529220551e+00
1.820692397240297211e+01	1.161750113339099721e+00
1.851466777671009822e+01	1.163737900957323657e+00
1.882761324216724574e+01	1.165706372457820716e+00
1.914584829021545431e+01	1.167655640882466095e+00
1.946946232839389879e+01	1.169585820334153370e+00
1.979854627545908841e+01	1.171497025752964438e+00
2.013319258692800773e+01	1.173389372962496902e+00
2.047349528105359084e+01	1.175262978621852028e+00
2.081954996523887758e+01	1.177117960205401381e+00
2.117145386289756814e+01	1.178954435844460580e+00
2.152930584076909071e+01	1.180772524444211991e+00
2.189320643669466548e+01	1.182572345554476767e+00
2.226325788786357052e+01	1.184354019349298959e+00
2.263956415953613899e+01	1.186117666544107996e+00
2.302223097425292053e+01	1.187863408554142408e+00
2.341136584153708355e+01	1.189591366972703845e+00
2.380707808809889059e+01	1.191301664121286574e+00
2.420947888855114627e+01	1.192994422757080120e+00
2.461868129664312121e+01	1.194669765686548812e+00
2.503480027702318367e+01	1.196327816815157430e+00
2.545795273753748944e+01	1.197968699677001592e+00
2.588825756207539186e+01	1.199592538379921525e+00
2.632583564396948717e+01	1.201199457257695835e+00
2.677080991996021808e+01	1.202789580848479645e+00
2.722330540473507554e+01	1.204363033948988582e+00
2.768344922605082559e+01	1.205919941462457068e+00
2.815137066045024739e+01	1.207460428430770838e+00
2.862720116958168148e+01	1.208984620074573746e+00
2.911107443713334675e+01	1.210492641625415811e+00
2.960312640639132908e+01	1.211984618344346787e+00
3.010349531843243653e+01	1.213460675613828421e+00
3.061232175096317221e+01	1.214920938727975575e+00
3.112974865781429301e+01	1.216365532972501162e+00
3.165592140910392160e+01	1.217794583582267220e+00
3.219098783207849834e+01	1.219208215721863331e+00
3.273509825264502382e+01	1.220606554451449055e+00
3.328840553760464616e+01	1.221989724656139087e+00
3.385106513760008085e+01	1.223357851147056641e+00
3.442323513078967778e+01	1.224711058505249417e+00
3.500507626725861599e+01	1.226049471111110512e+00
3.559675201418191648e+01	1.227373213187830325e+00
3.619842860174963306e+01	1.228682408656879943e+00
3.681027506986945497e+01	1.229977181193095070e+00
3.743246331565791252e+01	1.231257654237563282e+00
3.806516814173434682e+01	1.232523950876319940e+00
3.870856730533186152e+01	1.233776193911574115e+00
3.936284156823732872e+01	1.235014505807395579e+00
4.002817474757663518e+01	1.236239008682829432e+00
4.070475376745718421e+01	1.237449824248868069e+00
4.139276871148439341e+01	1.238647073896528505e+00
4.209241287616510618e+01	1.239830878570129080e+00
4.280388282521361276e+01	1.241001358789625808e+00
4.352737844477648110e+01	1.242158634689481067e+00
4.426310299958944938e+01	1.243302825923537247e+00
4.501126319008503884e+01	1.244434051671974073e+00
4.577206921046389709e+01	1.245552430683667611e+00
4.654573480774909910e+01	1.246658081229554238e+00
4.733247734183772337e+01	1.247751120955473469e+00
4.813251784656739574e+01	1.248831667165659853e+00
4.894608109181602629e+01	1.249899836532972985e+00
4.977339564664967497e+01	1.250955745191730362e+00
5.061469394353941453e+01	1.251999508853267606e+00
5.147021234366199849e+01	1.253031242498714448e+00
5.234019120330587782e+01	1.254051060683625929e+00
5.322487494139806330e+01	1.255059077277115076e+00
5.412451210817385316e+01	1.256055405640206235e+00
5.503935545500626603e+01	1.257040158498798466e+00
5.596966200541572789e+01	1.258013447982699873e+00
5.691569312728113772e+01	1.258975385612129294e+00
5.787771460626974118e+01	1.259926082283816307e+00
5.885599672051007758e+01	1.260865648270325101e+00
5.985081431652515249e+01	1.261794193197224079e+00
6.086244688645088985e+01	1.262711826077782762e+00
6.189117864655855783e+01	1.263618655216051545e+00
6.293729861710444595e+01	1.264514788343547469e+00
6.400110070353041181e+01	1.265400332451854348e+00
6.508288377903505761e+01	1.266275393923358861e+00
6.618295176854263673e+01	1.267140078400319725e+00
6.730161373408913050e+01	1.267994490938026964e+00
6.843918396165355489e+01	1.268838735860874589e+00
6.959598204945567090e+01	1.269672916763700421e+00
7.077233299774606223e+01	1.270497136636736801e+00
7.196856730011528214e+01	1.271311497742044994e+00
7.318502103634435230e+01	1.272116101577398961e+00
7.442203596682681166e+01	1.272911049055258870e+00
7.567995962858455528e+01	1.273696440305967181e+00
7.695914543290872700e+01	1.274472374755549309e+00
7.825995276464949768e+01	1.275238951150357236e+00
7.958274708318410262e+01	1.275996267510055349e+00
8.092790002509306646e+01	1.276744421115143968e+00
8.229578950856954123e+01	1.277483508574898119e+00
8.368679983959597735e+01	1.278213625756899674e+00
8.510132181991289713e+01	1.278934867776557294e+00
8.653975285681501362e+01	1.279647329095022101e+00
8.800249707480163863e+01	1.280351103397439738e+00
8.948996542911412178e+01	1.281046283646167572e+00
9.100257582119419908e+01	1.281732962116955976e+00
9.254075321609118987e+01	1.282411230356106602e+00
9.410492976185659586e+01	1.283081179152734119e+00
9.569554491095378523e+01	1.283742898554754985e+00
9.731304554372266580e+01	1.284396477946892601e+00
9.895788609392928947e+01	1.285042005894376782e+00
1.006305286764376348e+02	1.285679570419409057e+00
1.023314432170412118e+02	1.286309258600421890e+00
1.040611075844862796e+02	1.286931156948633692e+00
1.058200077247298054e+02	1.287545351173767116e+00
1.076086377974633734e+02	1.288151926272980141e+00
1.094275003149479204e+02	1.288750966556885702e+00
1.112771062831930067e+02	1.289342555591983741e+00
1.131579753455222743e+02	1.289926776217745097e+00
1.150706359285678531e+02	1.290503710576350382e+00
1.170156253907290136e+02	1.291073440094330671e+00
1.189934901731438543e+02	1.291636045450485604e+00
1.210047859532090087e+02	1.292191606682238758e+00
1.230500778006978635e+02	1.292740203037076263e+00
1.251299403365151335e+02	1.293281913108426551e+00
1.272449578941347568e+02	1.293816814761124423e+00
1.293957246837690604e+02	1.294344985176216101e+00
1.315828449593089147e+02	1.294866500808199650e+00
1.338069331880899426e+02	1.295381437432646665e+00
1.360686142235236389e+02	1.295889870152419965e+00
1.383685234806508220e+02	1.296391873282560558e+00
1.407073071146594430e+02	1.296887520570377594e+00
1.430856222024197280e+02	1.297376885036247707e+00
1.455041369270908831e+02	1.297860038922354464e+00
1.479635307658433305e+02	1.298337053945320729e+00
1.504644946807591168e+02	1.298808001047469185e+00
1.530077313129538652e+02	1.299272950473030264e+00
1.555939551799847322e+02	1.299731971877903680e+00
1.582238928765917478e+02	1.300185134215494642e+00
1.608982832788323662e+02	1.300632505739156786e+00
1.636178777516695106e+02	1.301074154062965338e+00
1.663834403600635596e+02	1.301510146179370553e+00
1.691957480836375396e+02	1.301940548384847185e+00
1.720555910349655733e+02	1.302365426312205088e+00
1.749637726815560939e+02	1.302784844989931079e+00
1.779211100715817793e+02	1.303198868788100651e+00
1.809284340634302453e+02	1.303607561408552717e+00
1.839865895591310334e+02	1.304010985939797251e+00
1.870964357417281576e+02	1.304409204868434147e+00
1.902588463166685528e+02	1.304802280005357806e+00
1.934747097572649466e+02	1.305190272551637554e+00
1.967449295543138987e+02	1.305573243003278705e+00
2.000704244699266781e+02	1.305951251462273754e+00
2.034521287956564777e+02	1.306324357217224064e+00
2.068909926149848104e+02	1.306692619010657141e+00
2.103879820702443340e+02	1.307056094989224038e+00
2.139440796340576298e+02	1.307414842673139121e+00
2.175602843853577042e+02	1.307768919028558186e+00
2.212376122900808468e+02	1.308118380388106905e+00
2.249770964865966505e+02	1.308463282493152358e+00
2.287797875759696069e+02	1.308803680564190497e+00
2.326467539171220835e+02	1.309139629175719577e+00
2.365790819269863619e+02	1.309471182318450166e+00
2.405778763857347258e+02	1.309798393492356494e+00
2.446442607471615247e+02	1.310121315555695887e+00
2.487793774543193308e+02	1.310440000806119443e+00
2.529843882604822340e+02	1.310754501044532505e+00
2.572604745555416912e+02	1.311064867447957250e+00
2.616088376979143391e+02	1.311371150691907683e+00
2.660306993520598553e+02	1.311673400852202187e+00
2.705273018317088258e+02	1.311971667536627972e+00
2.750999084488843778e+02	1.312265999754913093e+00
2.797498038688314637e+02	1.312556445994210286e+00
2.844782944709368735e+02	1.312843054256600528e+00
2.892867087157579817e+02	1.313125871962447455e+00
2.941763975182495869e+02	1.313404946022981523e+00
2.991487346272989498e+02	1.313680322882534446e+00
3.042051170116823755e+02	1.313952048406789030e+00
3.093469652525361084e+02	1.314220168004783584e+00
3.145757239424706313e+02	1.314484726550552374e+00
3.198928620914214775e+02	1.314745768448996710e+00
3.252998735393691732e+02	1.315003337558149576e+00
3.307982773760288637e+02	1.315257477317108847e+00
3.363896183676337728e+02	1.315508230637520093e+00
3.420754673909387975e+02	1.315755639927771004e+00
3.478574218745504822e+02	1.315999747174996681e+00
3.537371062477265582e+02	1.316240593861917274e+00
3.597161723967509488e+02	1.316478220980273450e+00
3.657963001290331135e+02	1.316712669101796518e+00
3.719791976450445077e+02	1.316943978323309228e+00
3.782666020182322768e+02	1.317172188275472111e+00
3.846602796830517832e+02	1.317397338118711625e+00
3.911620269312371079e+02	1.317619466592224509e+00
3.977736704164719868e+02	1.317838611956089867e+00
4.044970676675784489e+02	1.318054812150272870e+00
4.113341076103915839e+02	1.318268104493337090e+00
4.182867110984475403e+02	1.318478525996012785e+00
4.253568314526407903e+02	1.318686113250884917e+00
4.325464550100122665e+02	1.318890902373766494e+00
4.398576016817999061e+02	1.319092929064973774e+00
4.472923255209361173e+02	1.319292228616306240e+00
4.548527152991227354e+02	1.319488835915713087e+00
4.625408950936740666e+02	1.319682785441102624e+00
4.703590248842695019e+02	1.319874111313003251e+00
4.783093011597930513e+02	1.320062847101589165e+00
4.863939575354394265e+02	1.320249026155131622e+00
4.946152653802362238e+02	1.320432681323743918e+00
5.029755344551887219e+02	1.320613845135683695e+00
5.114771135621948588e+02	1.320792549690385398e+00
5.201223912039447441e+02	1.320968826734219448e+00
5.289137962549582426e+02	1.321142707587706910e+00
5.378537986439790757e+02	1.321314223275266597e+00
5.469449100478946093e+02	1.321483404413670071e+00
5.561896845973827794e+02	1.321650281208534228e+00
5.655907195944980685e+02	1.321814883586972744e+00
5.751506562423700188e+02	1.321977241089892452e+00
5.848721803872531382e+02	1.322137382838189934e+00
5.947580232731010028e+02	1.322295337711108409e+00
6.048109623089127354e+02	1.322451134172736742e+00
6.150338218490370537e+02	1.322604800346999454e+00
6.254294739866654709e+02	1.322756364037578791e+00
6.360008393607505468e+02	1.322905852713039954e+00
6.467508879765434813e+02	1.323053293481276427e+00
6.576826400400219654e+02	1.323198713150930628e+00
6.687991668064009900e+02	1.323342138208048580e+00
6.801035914430051434e+02	1.323483594766329929e+00
6.915990899067132887e+02	1.323623108687993266e+00
7.032888918362326649e+02	1.323760705494304135e+00
7.151762814594706015e+02	1.323896410347600083e+00
7.272645985162197348e+02	1.324030248179492775e+00
7.395572391964639110e+02	1.324162243584553034e+00
7.520576570945196409e+02	1.324292420842950957e+00
7.647693641793268853e+02	1.324420803906025901e+00
7.776959317811260917e+02	1.324547416516412390e+00
7.908409915948119533e+02	1.324672281993452883e+00
8.042082367002620913e+02	1.324795423576770492e+00
8.178014225998882694e+02	1.324916863982184445e+00
8.316243682737505196e+02	1.325036625819702163e+00
8.456809572524798568e+02	1.325154731268948227e+00
8.599751387083596228e+02	1.325271202400646331e+00
8.745109285648341029e+02	1.325386060923536613e+00
8.892924106247685359e+02	1.325499328249015063e+00
9.043237377177986218e+02	1.325611025539495058e+00
9.196091328670457870e+02	1.325721173741108982e+00
9.351528904755820122e+02	1.325829793478543239e+00
9.509593775329200298e+02	1.325936905121738674e+00
9.670330348419231541e+02	1.326042528850313262e+00
9.833783782664356750e+02	1.326146684502953699e+00
1.000000000000000000e+03	1.326249391729619642e+00
