# Data associated with arXiv:2110.09653
# 
# Scale-free velocity distribution, f(E), of a nfw1-1 dark matter distribution (see Eq. 13 and the surrounding discussion)
# 
# Published: 3/29/22, Jack Runburg, contact: runburg@hawaii.edu
# 
# 
# -----------------------------------------------------------------
# 
# 	 tilde E 		 | 		 tilde f
# 
# -----------------------------------------------------------------
1.849274537751722771e-05	4.302326313366928711e+11
1.877382464545795606e-05	4.147486015930545654e+11
1.905917612591950095e-05	3.993761571366921387e+11
1.934886475260902980e-05	3.841757644392556152e+11
1.964295644613231543e-05	3.693741078131651001e+11
1.994151812899176896e-05	3.546647573873084717e+11
2.024461774081300221e-05	3.403954596970404663e+11
2.055232425380217612e-05	3.267002628914673462e+11
2.086470768843869556e-05	3.135560805301987915e+11
2.118183912940610334e-05	3.009407202482755127e+11
2.150379074176490720e-05	2.888329176006824341e+11
2.183063578737164942e-05	2.772122515400728760e+11
2.216244864154684821e-05	2.660591230519689026e+11
2.249930480999671030e-05	2.553547215593135681e+11
2.284128094599151472e-05	2.450809932452150574e+11
2.318845486780549261e-05	2.352206106274841003e+11
2.354090557642129312e-05	2.257569435586654663e+11
2.389871327350350747e-05	2.166740307568885498e+11
2.426195937964565605e-05	2.079565532814454041e+11
2.463072655289379604e-05	1.995898083158587952e+11
2.500509870755229276e-05	1.915596848398982544e+11
2.538516103327455986e-05	1.838526394422703247e+11
2.577100001444462336e-05	1.764556735519270325e+11
2.616270344985259917e-05	1.693563116822766724e+11
2.656036047266916665e-05	1.625425802249268188e+11
2.696406157072403872e-05	1.560029873061982117e+11
2.737389860709172213e-05	1.497265034386819763e+11
2.778996484099088311e-05	1.437025428677773743e+11
2.821235494900036785e-05	1.379209457289553223e+11
2.864116504659855916e-05	1.323719609591838684e+11
2.907649271002885101e-05	1.270462297500776825e+11
2.951843699849843051e-05	1.219347698996479645e+11
2.996709847671354877e-05	1.170289605514640503e+11
3.042257923775721682e-05	1.123205277331982422e+11
3.088498292631518098e-05	1.078015303207160950e+11
3.135441476225356609e-05	1.034643466552825623e+11
3.183098156455608759e-05	9.930166183308871460e+10
3.231479177562358363e-05	9.530645514607101440e+10
3.280595548594380563e-05	9.147198841417227173e+10
3.330458445913535000e-05	8.779179455452073669e+10
3.381079215737200941e-05	8.425966659120664978e+10
3.432469376719402151e-05	8.086964745324076843e+10
3.484640622571045718e-05	7.761601950832884216e+10
3.537604824720071714e-05	7.449329539578637695e+10
3.591374035011905364e-05	7.149620838250312805e+10
3.645960488451030284e-05	6.861970366668956757e+10
3.701376605984150374e-05	6.585892985046237183e+10
3.757634997325617963e-05	6.320923070616275787e+10
3.814748463825858710e-05	6.066613728879637909e+10
3.872730001383262166e-05	5.822536054211653137e+10
3.931592803400414855e-05	5.588278392272431946e+10
3.991350263785135291e-05	5.363445651252175140e+10
4.052015979997183729e-05	5.147658635252905273e+10
4.113603756141199586e-05	4.940553407864749146e+10
4.176127606106602426e-05	4.741780668604344940e+10
4.239601756755273748e-05	4.551005177716645050e+10
4.304040651157531837e-05	4.367905177620407104e+10
4.369458951877389032e-05	4.192171861449121094e+10
4.435871544307583357e-05	4.023508838252066040e+10
4.503293540055386054e-05	3.861631650759366608e+10
4.571740280379740665e-05	3.706267285081807709e+10
4.641227339680629484e-05	3.557153705628267670e+10
4.711770529041496808e-05	3.414039423460021591e+10
4.783385899825367291e-05	3.276683068793001175e+10
4.856089747325705670e-05	3.144852980682745743e+10
4.929898614472592487e-05	3.018326820041262817e+10
5.004829295595313553e-05	2.896891192840927887e+10
5.080898840242015050e-05	2.780341290434820175e+10
5.158124557057345823e-05	2.668480544103424454e+10
5.236524017719108729e-05	2.561120294611200333e+10
5.316115060934530913e-05	2.458079473049581909e+10
5.396915796497394420e-05	2.359184293309750748e+10
5.478944609406604467e-05	2.264267964820909882e+10
5.562220164047473403e-05	2.173170403413144302e+10
5.646761408436381700e-05	2.085737971605820084e+10
5.732587578529898826e-05	2.001823205844338226e+10
5.819718202599446859e-05	1.921284581299971390e+10
5.908173105672252215e-05	1.843986264568204117e+10
5.997972414039851301e-05	1.769797888018167496e+10
6.089136559834942928e-05	1.698594328617526245e+10
6.181686285677861397e-05	1.630255497668686485e+10
6.275642649393520028e-05	1.564666138911157036e+10
6.371027028799935066e-05	1.501715631897188950e+10
6.467861126569609328e-05	1.441297806680377388e+10
6.566166975164534534e-05	1.383310767099146461e+10
6.665966941846311231e-05	1.327656713725572014e+10
6.767283733762147961e-05	1.274241783229164314e+10
6.870140403108254842e-05	1.222975889452668381e+10
6.974560352371509775e-05	1.173772569568726158e+10
7.080567339650698313e-05	1.126548839892526054e+10
7.188185484058666182e-05	1.081225055403402138e+10
7.297439271206289759e-05	1.037724775401998711e+10
7.408353558769904378e-05	9.959746347317409515e+09
7.520953582143044254e-05	9.559042194743762970e+09
7.635264960174165062e-05	9.174459499839487076e+09
7.751313700991343928e-05	8.805349638812673569e+09
7.869126207915381197e-05	8.451090095412291527e+09
7.988729285462809664e-05	8.111083393406446457e+09
8.110150145439800609e-05	7.784756104692443848e+09
8.233416413128804353e-05	7.471557857058259010e+09
8.358556133568852326e-05	7.170960432616554260e+09
8.485597777931404458e-05	6.882456862371150970e+09
8.614570249992820658e-05	6.605560572351020813e+09
8.745502892705054243e-05	6.339804566530261993e+09
8.878425494866226133e-05	6.084740640073167801e+09
9.013368297892208740e-05	5.839938597366099358e+09
9.150362002691204998e-05	5.604985632022197723e+09
9.289437776642421650e-05	5.379485426467261314e+09
9.430627260680869651e-05	5.163057688108353615e+09
9.573962576489514155e-05	4.955337405112887383e+09
9.719476333800562988e-05	4.755974249827941895e+09
9.867201637807715094e-05	4.564631991100399017e+09
1.001717209669060764e-04	4.380987923990049362e+09
1.016942182925371961e-04	4.204732328863251686e+09
1.032398547268089886e-04	4.035567944718605042e+09
1.048089819040779196e-04	3.873209471496518612e+09
1.064019568011354726e-04	3.717383087659439087e+09
1.080191418183375066e-04	3.567825991232498169e+09
1.096609048619663380e-04	3.424285946027973175e+09
1.113276194278392214e-04	3.286520869623178482e+09
1.130196646861886137e-04	3.154298421207056999e+09
1.147374255678263767e-04	3.027395603664017677e+09
1.164812928516183199e-04	2.905598392768002987e+09
1.182516632532833395e-04	2.788701375712058067e+09
1.200489395155396799e-04	2.676507404083047390e+09
1.218735304996201884e-04	2.568827251713297844e+09
1.237258512781721522e-04	2.465479340590240479e+09
1.256063232295707435e-04	2.366289349542010307e+09
1.275153741336575413e-04	2.271089999191224575e+09
1.294534382689353530e-04	2.179720736384544849e+09
1.314209565112343795e-04	2.092027467241667747e+09
1.334183764338742813e-04	2.007862292785634756e+09
1.354461524093477601e-04	1.927083272861653328e+09
1.375047457125420263e-04	1.849554168996897697e+09
1.395946246255291075e-04	1.775144236443982601e+09
1.417162645439410979e-04	1.703727965754379749e+09
1.438701480849622781e-04	1.635184929700150728e+09
1.460567651969536644e-04	1.569399524597010612e+09
1.482766132707441932e-04	1.506260804739908695e+09
1.505301972526048584e-04	1.445662287579812050e+09
1.528180297589374606e-04	1.387501769815216303e+09
1.551406311927018740e-04	1.331681168782110929e+09
1.574985298616055215e-04	1.278106341951822519e+09
1.598922620980878552e-04	1.226686936574435234e+09
1.623223723811195198e-04	1.177336233841468573e+09
1.647894134598493763e-04	1.129971004846637964e+09
1.672939464791245933e-04	1.084511369022883177e+09
1.698365411069127000e-04	1.040880659623945951e+09
1.724177756636547114e-04	9.990052938056929111e+08
1.750382372535762147e-04	9.588146500868412256e+08
1.776985218979914357e-04	9.202409482475667000e+08
1.803992346706226205e-04	8.832191340691635609e+08
1.831409898349722453e-04	8.476867720545773506e+08
1.859244109837747806e-04	8.135839370240063667e+08
1.887501311805608059e-04	7.808531160158513784e+08
1.916187931033660563e-04	7.494391100594582558e+08
1.945310491906146737e-04	7.192889400812652111e+08
1.974875617892149894e-04	6.903517592504900694e+08
2.004890033048949431e-04	6.625787675337911844e+08
2.035360563548154107e-04	6.359231223740593195e+08
2.066294139224939127e-04	6.103398751958560944e+08
2.097697795150735604e-04	5.857858788175284863e+08
2.129578673229742651e-04	5.622197245433204174e+08
2.161944023819572732e-04	5.396016694177298546e+08
2.194801207376484550e-04	5.178935690736762285e+08
2.228157696125451206e-04	4.970588140723904371e+08
2.262021075755569967e-04	4.770622679578990936e+08
2.296399047141075460e-04	4.578702075292463899e+08
2.331299428088430645e-04	4.394502668036040068e+08
2.366730155109844126e-04	4.217713817128441930e+08
2.402699285223603039e-04	4.048037380425285101e+08
2.439214997781689344e-04	3.885187211254698634e+08
2.476285596324980659e-04	3.728888675204641223e+08
2.513919510466569606e-04	3.578878185248349905e+08
2.552125297803545093e-04	3.434902762037883997e+08
2.590911645857680592e-04	3.296719602481531501e+08
2.630287374045498601e-04	3.164095672244718075e+08
2.670261435678077762e-04	3.036807314000630975e+08
2.710842919991167214e-04	2.914639866518830657e+08
2.752041054205910152e-04	2.797387306817994714e+08
2.793865205620809202e-04	2.684851898684999943e+08
2.836324883735236125e-04	2.576843864842136800e+08
2.879429742405088658e-04	2.473181058451655805e+08
2.923189582031003771e-04	2.373688664415482581e+08
2.967614351779645056e-04	2.278198899957645237e+08
3.012714151838566780e-04	2.186550732182259858e+08
3.058499235705101817e-04	2.098589607621538639e+08
3.104980012509905027e-04	2.014167190552399755e+08
3.152167049375511482e-04	1.933141112801353931e+08
3.200071073810583375e-04	1.855374734125272930e+08
3.248702976140280924e-04	1.780736911721347570e+08
3.298073811973344354e-04	1.709101779851586819e+08
3.348194804706443165e-04	1.640348535047104061e+08
3.399077348066283826e-04	1.574361235135351121e+08
3.450733008690170319e-04	1.511028602254307866e+08
3.503173528745443096e-04	1.450243835276827216e+08
3.556410828588493583e-04	1.391904430534610748e+08
3.610457009463893612e-04	1.335912007721699923e+08
3.665324356244239372e-04	1.282172144747284651e+08
3.721025340211365248e-04	1.230594217917772532e+08
3.777572621879447443e-04	1.181091250665652603e+08
3.834979053860775294e-04	1.133579764632916301e+08
3.893257683774658650e-04	1.087979640290874094e+08
3.952421757200249783e-04	1.044213981939469427e+08
4.012484720673862573e-04	1.002208986545314342e+08
4.073460224731482331e-04	9.618938210364684463e+07
4.135362126997147131e-04	9.232005020569992065e+07
4.198204495317822433e-04	8.860637812066549063e+07
4.262001610945597352e-04	8.504210351802840829e+07
4.326767971767734883e-04	8.162121601732870936e+07
4.392518295585445647e-04	7.833794702734923363e+07
4.459267523442004199e-04	7.518676006476305425e+07
4.527030823001002664e-04	7.216234138820256293e+07
4.595823591975483789e-04	6.925959100729072094e+07
4.665661461608638667e-04	6.647361411357298493e+07
4.736560300206985800e-04	6.379971295829868317e+07
4.808536216726633792e-04	6.123337855371592939e+07
4.881605564413568198e-04	5.877028348994713277e+07
4.955784944498667832e-04	5.640627440329659730e+07
5.031091209948319485e-04	5.413736503890401125e+07
5.107541469271443700e-04	5.195972949888395518e+07
5.185153090383702980e-04	4.986969580220118165e+07
5.263943704529916489e-04	4.786373973209005594e+07
5.343931210265315474e-04	4.593847883305076510e+07
5.425133777496696534e-04	4.409066672352547944e+07
5.507569851584270685e-04	4.231718764229725301e+07
5.591258157505122218e-04	4.061505118680791557e+07
5.676217704079244454e-04	3.898138721823812276e+07
5.762467788258917841e-04	3.741344112160690129e+07
5.850027999482654457e-04	3.590856908326201141e+07
5.938918224094330177e-04	3.446423365054677427e+07
6.029158649828724207e-04	3.307799945770524442e+07
6.120769770364331216e-04	3.174752909433829412e+07
6.213772389944451080e-04	3.047057923821332678e+07
6.308187628067618785e-04	2.924499675819134340e+07
6.404036924248263530e-04	2.806871522227425873e+07
6.501342042848877456e-04	2.693975125483755022e+07
6.600125077984413937e-04	2.585620129782058299e+07
6.700408458500337885e-04	2.481623841620415449e+07
6.802214953025114124e-04	2.381810910384731367e+07
6.905567675098401269e-04	2.286013045753461868e+07
7.010490088376053735e-04	2.194068725090911239e+07
7.117006011912910919e-04	2.105822925321874022e+07
7.225139625524814452e-04	2.021126858987027407e+07
7.334915475230610301e-04	1.939837725549855456e+07
7.446358478775766355e-04	1.861818466285647079e+07
7.559493931238376371e-04	1.786937541514778510e+07
7.674347510719056221e-04	1.715068700030365214e+07
7.790945284115871963e-04	1.646090770475321822e+07
7.909313712985418599e-04	1.579887456966363639e+07
8.029479659491589117e-04	1.516347139355609566e+07
8.151470392442968383e-04	1.455362693552451767e+07
8.275313593420511801e-04	1.396831298585226759e+07
8.401037362996476932e-04	1.340654275780081376e+07
8.528670227046222449e-04	1.286736912671339139e+07
8.658241143154063804e-04	1.234988308487472869e+07
8.789779507114608070e-04	1.185321219091588818e+07
8.923315159531007785e-04	1.137651909972844273e+07
9.058878392511350271e-04	1.091900015694333985e+07
9.196499956464975704e-04	1.047988403661609627e+07
9.336211066999725722e-04	1.005843044322342426e+07
9.478043411921958147e-04	9.653928864168828353e+06
9.622029158340624508e-04	9.265697369185294956e+06
9.768200959876967293e-04	8.893081461804904044e+06
9.916591963981386242e-04	8.535453000269198790e+06
1.006723581935893954e-03	8.192209018462605774e+06
1.022016668350526989e-03	7.862770950480553322e+06
1.037541923035417528e-03	7.546583406997973099e+06
1.053302865803885284e-03	7.243113365671107545e+06
1.069303069676814412e-03	6.951849249945681542e+06
1.085546161681959871e-03	6.672300064688051119e+06
1.102035823665100224e-03	6.403994563256370835e+06
1.118775793113194715e-03	6.146480457316298038e+06
1.135769863989749334e-03	5.899323656748131849e+06
1.153021887582523922e-03	5.662107532828248106e+06
1.170535773363793469e-03	5.434432215736846440e+06
1.188315489863321032e-03	5.215913925140613690e+06
1.206365065554238945e-03	5.006184312723463401e+06
1.224688589752008549e-03	4.804889856732169166e+06
1.243290213526660089e-03	4.611691253916093148e+06
1.262174150628485184e-03	4.426262849219092168e+06
1.281344678427388936e-03	4.248292087219103239e+06
1.300806138866086436e-03	4.077478992926613428e+06
1.320562939427347929e-03	3.913535648962622043e+06
1.340619554115477603e-03	3.756185726133832708e+06
1.360980524452245870e-03	3.605164012701552361e+06
1.381650460487470746e-03	3.460215961378207896e+06
1.402634041824446292e-03	3.321097267086497042e+06
1.423936018660446881e-03	3.187573453083623201e+06
1.445561212842503109e-03	3.059419473404237069e+06
1.467514518938677461e-03	2.936419336879359093e+06
1.489800905325042255e-03	2.818365739863237832e+06
1.512425415288594496e-03	2.705059717208483256e+06
1.535393168146322084e-03	2.596310310895732138e+06
1.558709360380657093e-03	2.491934240933086257e+06
1.582379266791524930e-03	2.391755601511001587e+06
1.606408241665246766e-03	2.295605563559172675e+06
1.630801719960511646e-03	2.203322089073994197e+06
1.655565218511661140e-03	2.114749656731833238e+06
1.680704337249529830e-03	2.029739004431167152e+06
1.706224760440074300e-03	1.948146871778957080e+06
1.732132257941060380e-03	1.869835761427883757e+06
1.758432686477015517e-03	1.794673708461194765e+06
1.785131990932752001e-03	1.722534054878363619e+06
1.812236205665670747e-03	1.653295238337488379e+06
1.839751455837127306e-03	1.586840586703748675e+06
1.867683958763115748e-03	1.523058120270914864e+06
1.896040025284532592e-03	1.461840364420604892e+06
1.924826061157294431e-03	1.403084166951087769e+06
1.954048568462564677e-03	1.346690526461982401e+06
1.983714147037385876e-03	1.292564421806279803e+06
2.013829495925972563e-03	1.240614655796313193e+06
2.044401414851955683e-03	1.190753698880654527e+06
2.075436805711861326e-03	1.142897542728776112e+06
2.106942674090107621e-03	1.096965557449221611e+06
2.138926130795808841e-03	1.052880356800898677e+06
2.171394393421671211e-03	1.010567668900945806e+06
2.204354787925300908e-03	9.699562069296742557e+05
2.237814750233193140e-03	9.309775517027263995e+05
2.271781827867723653e-03	8.935660419447593158e+05
2.306263681597440617e-03	8.576586410785960034e+05
2.341268087110966959e-03	8.231948700523192529e+05
2.376802936714836681e-03	7.901166684586736374e+05
2.412876241055540542e-03	7.583683142483753618e+05
2.449496130866159280e-03	7.278963272103040945e+05
2.486670858737856284e-03	6.986493832406052388e+05
2.524408800773472392e-03	6.705782140272948891e+05
2.562718458958683845e-03	6.436355297469340730e+05
2.601608462218350012e-03	6.177759544182830723e+05
2.641087568799420186e-03	5.929559344035545364e+05
2.681164668049006074e-03	5.691336644735956797e+05
2.721848782342058994e-03	5.462690210543822031e+05
2.763149069036282667e-03	5.243234959748350084e+05
2.805074822454618148e-03	5.032601288725926424e+05
2.847635475895635669e-03	4.830434465366973891e+05
2.890840603672191651e-03	4.636394023839780712e+05
2.934699923178731192e-03	4.450153190010350663e+05
2.979223296987568246e-03	4.271398334160638042e+05
3.024420734974513861e-03	4.099828439756481675e+05
3.070302396474225426e-03	3.935154601562954485e+05
3.116878592465646431e-03	3.777099527056941297e+05
3.164159787787904510e-03	3.625397082378031919e+05
3.212156603387034213e-03	3.479791831990155624e+05
3.260879818593920461e-03	3.340038617456317879e+05
3.310340373433851274e-03	3.205902139648799202e+05
3.360549370968007182e-03	3.077156561524383724e+05
3.411518079667360051e-03	2.953585129991428112e+05
3.463257935819298756e-03	2.834979808780847816e+05
3.515780545967413240e-03	2.721140928427613690e+05
3.569097689384818136e-03	2.611876849320785259e+05
3.623221320581410197e-03	2.507003639525286853e+05
3.678163571845485813e-03	2.406344763645201165e+05
3.733936755820065588e-03	2.309730787168305833e+05
3.790553368114399097e-03	2.216999087940621248e+05
3.848026089951007631e-03	2.127993584895072272e+05
3.906367790848702497e-03	2.042564473458222928e+05
3.965591531341958360e-03	1.960567973676253750e+05
4.025710565737102183e-03	1.881866087763630494e+05
4.086738344905695500e-03	1.806326367031009577e+05
4.148688519115530278e-03	1.733821689740666770e+05
4.211574940899682866e-03	1.664230045676641457e+05
4.275411667964022430e-03	1.597434331290725386e+05
4.340212966133604085e-03	1.533322152411666757e+05
4.405993312338384732e-03	1.471785633587763004e+05
4.472767397638647592e-03	1.412721238926482620e+05
4.540550130290609866e-03	1.356029599178757926e+05
4.609356638705161893e-03	1.301615335195562657e+05
4.679202275161374949e-03	1.249386895462521643e+05
4.750102618177418946e-03	1.199256426145134465e+05
4.822073476266948260e-03	1.151139602013012627e+05
4.895130891084851013e-03	1.104955483490255865e+05
4.969291140742827795e-03	1.060626387896826345e+05
5.044570743168092994e-03	1.018077756265131175e+05
5.120986459505672342e-03	9.772380275021927082e+04
5.198555297564718194e-03	9.380385178569087293e+04
5.277294515309272765e-03	9.004133052283662255e+04
5.357221624393929474e-03	8.642991187100343814e+04
5.438354393744743685e-03	8.296352303611561365e+04
5.520710853185909796e-03	7.963633545605257677e+04
5.604309297112575021e-03	7.644275489942362765e+04
5.689168288210226174e-03	7.337741209700034233e+04
5.775306661221035406e-03	7.043515361640950141e+04
5.862743526757654110e-03	6.761103320228683879e+04
5.951498275164784565e-03	6.490030347737544798e+04
6.041590580429017678e-03	6.229840801159684634e+04
6.133040404137268115e-03	5.980097340263074875e+04
6.225867999484272636e-03	5.740380223623908387e+04
6.320093915329527169e-03	5.510286573411198333e+04
6.415739000304038209e-03	5.289429714303801302e+04
6.512824406967316140e-03	5.077438513124771271e+04
6.611371596014960043e-03	4.873956758562075265e+04
6.711402340537255505e-03	4.678642556227090245e+04
6.812938730329105505e-03	4.491167761225690629e+04
6.916003176251702897e-03	4.311217415791951498e+04
7.020618414646289697e-03	4.138489224756403564e+04
7.126807511800350124e-03	3.972693044424726395e+04
7.234593868466602552e-03	3.813550393702660222e+04
7.344001224435089611e-03	3.660793987985554122e+04
7.455053663158738540e-03	3.514167283825598133e+04
7.567775616432671076e-03	3.373424051080221398e+04
7.682191869127618505e-03	3.238327957468794193e+04
7.798327563977649167e-03	3.108652169087637230e+04
7.916208206422638630e-03	2.984178970241238494e+04
8.035859669505590955e-03	2.864699394209180537e+04
8.157308198825208301e-03	2.750012877321337874e+04
8.280580417543882341e-03	2.639926917842504190e+04
8.405703331314537050e-03	2.534256743012764855e+04
8.532704333925916762e-03	2.432825005626022175e+04
8.661611211718982239e-03	2.335461494708088503e+04
8.792452149307313988e-03	2.242002841726203769e+04
8.925255734747498948e-03	2.152292232805786261e+04
9.060050964884278427e-03	2.066179167545213932e+04
9.196867250752346901e-03	1.983519181929170372e+04
9.335734423035129542e-03	1.904173626380084897e+04
9.476682737580465615e-03	1.828009419621577763e+04
9.619742880973407642e-03	1.754898829316702177e+04
9.764945976166150218e-03	1.684719252668526678e+04
9.912323588165026025e-03	1.617353018977103602e+04
1.006190772977476160e-02	1.552687181741956192e+04
1.021373086739982457e-02	1.490613334550289801e+04
1.036782592690288496e-02	1.431027425240118282e+04
1.052422629952036448e-02	1.373829583791259938e+04
1.068296584783481711e-02	1.318923952854216259e+04
1.084407891180429358e-02	1.266218524922124379e+04
1.100760031484819372e-02	1.215624991551826679e+04
1.117356536998973318e-02	1.167058590140771958e+04
1.134200988605460307e-02	1.120437963630225022e+04
1.151297017392564556e-02	1.075685024106333367e+04
1.168648305285329043e-02	1.032724819912942075e+04
1.186258585688347578e-02	9.914854108442303186e+03
1.204131644104076276e-02	9.518977474488869120e+03
1.222271318814586484e-02	9.138955531382727713e+03
1.240681501512599406e-02	8.774152120940672830e+03
1.259366137965104229e-02	8.423956660514571922e+03
1.278329228677013707e-02	8.087783083585290115e+03
1.297574829560074056e-02	7.765068861951511280e+03
1.317107052606973638e-02	7.455274063511270469e+03
1.336930066570585565e-02	7.157880437914305730e+03
1.357048097648266838e-02	6.872390557914653982e+03
1.377465430171136151e-02	6.598326961352127910e+03
1.398186407298252984e-02	6.335231366249656276e+03
1.419215431715606206e-02	6.082663900656801161e+03
1.440556966339816974e-02	5.840202335665721876e+03
1.462215535026457902e-02	5.607441425903834897e+03
1.484195723282882504e-02	5.383992179212083101e+03
1.506502178985455812e-02	5.169481227170653256e+03
1.529139613101049636e-02	4.963550193708832012e+03
1.552112800417279788e-02	4.765855090434880367e+03
1.575426580254591508e-02	4.576065742824872359e+03
1.599085857225217983e-02	4.393865229470671693e+03
1.623095601954122405e-02	4.218949350501144181e+03
1.647460851823800282e-02	4.051026119290114366e+03
1.672186711718556817e-02	3.889815273770569092e+03
1.697278354772014872e-02	3.735047797390694996e+03
1.722741023117686440e-02	3.586465473927235962e+03
1.748580028642419959e-02	3.443820451985810450e+03
1.774800753742519430e-02	3.306874828222301858e+03
1.801408652082334486e-02	3.175400245708643524e+03
1.828409249355094496e-02	3.049177513634094339e+03
1.855808144045787214e-02	2.927996239896186580e+03
1.883611008195804071e-02	2.811654470276247139e+03
1.911823588169155388e-02	2.699958359536148237e+03
1.940451705419949172e-02	2.592721839011906923e+03
1.969501257260915933e-02	2.489766305385886881e+03
1.998978217632657595e-02	2.390920322024002871e+03
2.028888637873351580e-02	2.296019330267564328e+03
2.059238647488615542e-02	2.204905373742702977e+03
2.090034454921205209e-02	2.117426829137654750e+03
2.121282348320211938e-02	2.033438167751507535e+03
2.152988696309447031e-02	1.952799725864587344e+03
2.185159948347683775e-02	1.875377337321318464e+03
2.217802637529094067e-02	1.801042245610187820e+03
2.250923377277421616e-02	1.729671018588471952e+03
2.284528866176950557e-02	1.661145024433696335e+03
2.318625886696438348e-02	1.595350442606410070e+03
2.353221305594771148e-02	1.532177969880957335e+03
2.388322077601231358e-02	1.471522549536812676e+03
2.423935242874405288e-02	1.413283607480600267e+03
2.460067926755431927e-02	1.357364644273542581e+03
2.496727345280774779e-02	1.303672768205063221e+03
2.533920802392810451e-02	1.252118861936384064e+03
2.571655691684949716e-02	1.202617472595564095e+03
2.609939496679372292e-02	1.155086546356241115e+03
2.648779791977952727e-02	1.109447312850630396e+03
2.688184243767376830e-02	1.065624169665214595e+03
2.728160610131741617e-02	1.023544522490762006e+03
2.768716743392693122e-02	9.831386816836409253e+02
2.809860587910159233e-02	9.443397740913271718e+02
2.851600184131549559e-02	9.070835945768293413e+02
2.893943665802391901e-02	8.713085069221021968e+02
2.936899264211568009e-02	8.369553506554298110e+02
2.980475304803762576e-02	8.039673354842075241e+02
3.024680212289351799e-02	7.722899445260203493e+02
3.069522506470444626e-02	7.418708594969339174e+02
3.115010807158644437e-02	7.126598127846814350e+02
3.161153832953711440e-02	6.846085791803276379e+02
3.207960399707129873e-02	6.576709077430866728e+02
3.255439425174584678e-02	6.318023190751350739e+02
3.303599927607624859e-02	6.069601579564019858e+02
3.352451024131103408e-02	5.831035206290706583e+02
3.402001935813844802e-02	5.601930989440712665e+02
3.452261986682144540e-02	5.381913654651863226e+02
3.503240604281657872e-02	5.170598717085970293e+02
3.554947338171935561e-02	4.967601518749107754e+02
3.607392140156621269e-02	4.772755055517489495e+02
3.660583216842269033e-02	4.585726327520621908e+02
3.714532474180573529e-02	4.405932037471279159e+02
3.769248854291325224e-02	4.233224694021525352e+02
3.824742482585005710e-02	4.067434069950123217e+02
3.881023521735439685e-02	3.908194291802408884e+02
3.938102230810298920e-02	3.755252228627524573e+02
3.995988969661024709e-02	3.608358386002317388e+02
4.054694204896257953e-02	3.467272082552350412e+02
4.114228508229192394e-02	3.331762388896055995e+02
4.174602554739032662e-02	3.201607319879046258e+02
4.235827127107678197e-02	3.076591794118953089e+02
4.297913136521094857e-02	2.956512634394578072e+02
4.360871528194851243e-02	2.841176850983641771e+02
4.424713426984944187e-02	2.730394574174634954e+02
4.489450013490550034e-02	2.623982210818218732e+02
4.555092642223373262e-02	2.521764685494816831e+02
4.621652705799025873e-02	2.423577257160984004e+02
4.689141724366695241e-02	2.329260931838398960e+02
4.757571323182181733e-02	2.238660880118642353e+02
4.826953231125249294e-02	2.151629515983765089e+02
4.897299281176582114e-02	2.068025063511870201e+02
4.968621411303225655e-02	1.987711383801273826e+02
5.040931661261936064e-02	1.910557883485844854e+02
5.114242173141730213e-02	1.836439123159269684e+02
5.188565193271237747e-02	1.765234627289251250e+02
5.263913066498156212e-02	1.696828782603743377e+02
5.340298241527709211e-02	1.631110578116005172e+02
5.417733263720497100e-02	1.567973453128994947e+02
5.496230780136514976e-02	1.507315021484721171e+02
5.575803536200434063e-02	1.449037026991432242e+02
5.656464371775103001e-02	1.393045181910025576e+02
5.738226226861217749e-02	1.339248888217388469e+02
5.821102132625171482e-02	1.287561152533986331e+02
5.905105219362085517e-02	1.237898473693931578e+02
5.990248703959809295e-02	1.190180771190772759e+02
6.076545897656088907e-02	1.144331057376033982e+02
6.164010202928629778e-02	1.100275323037885329e+02
6.252655110838094277e-02	1.057942638064125305e+02
6.342494195993904349e-02	1.017264940500058970e+02
6.433541121471599011e-02	9.781767833150087199e+01
6.525809632876763966e-02	9.406152443288007703e+01
6.619313564136258821e-02	9.045199776842203221e+01
6.714066816568847740e-02	8.698330517043520160e+01
6.810083387770074492e-02	8.364990016101717174e+01
6.907377315289893460e-02	8.044646387149407474e+01
7.005962747703690929e-02	7.736784099020934491e+01
7.105853891718304227e-02	7.440909375695200367e+01
7.207065023628138334e-02	7.156550935306549377e+01
7.309610483050768548e-02	6.883254997693126143e+01
7.413504676915516622e-02	6.620585293649185132e+01
7.518762073358410680e-02	6.368123168553884739e+01
7.625397195868370559e-02	6.125466793262271636e+01
7.733424627308785326e-02	5.892229514318049155e+01
7.842859005115733473e-02	5.668041062443560207e+01
7.953715002726655103e-02	5.452546473549184469e+01
8.066007351172249651e-02	5.245402969810330518e+01
8.179750829655493827e-02	5.046281447535887565e+01
8.294960246279450833e-02	4.854867328546652061e+01
8.411650448900823140e-02	4.670858199178738346e+01
8.529836314617529613e-02	4.493963073478201409e+01
8.649532755107973425e-02	4.323902506602761520e+01
8.770754700870946052e-02	4.160408475804685935e+01
8.893517104442179300e-02	4.003223565617538071e+01
9.017834934487731213e-02	3.852100412977746657e+01
9.143723170616037399e-02	3.706801460491928424e+01
9.271196802328361686e-02	3.567098564185686627e+01
9.400270818550277019e-02	3.432772690686069694e+01
9.530960208956680557e-02	3.303613358056042415e+01
9.663279956660066061e-02	3.179418469073132769e+01
9.797245030087008144e-02	3.059993988428891143e+01
9.932870385044023642e-02	2.945153484903646302e+01
1.007017095105496862e-01	2.834717930744234948e+01
1.020916163363558976e-01	2.728515175455148878e+01
1.034985730912302559e-01	2.626380130644522382e+01
1.049227280136354745e-01	2.528154422688237091e+01
1.063642290406232593e-01	2.433685422332269255e+01
1.078232235751259704e-01	2.342826670691138702e+01
1.092998584210638363e-01	2.255437730141738939e+01
1.107942797984830530e-01	2.171383472493733180e+01
1.123066332432104686e-01	2.090534177315411668e+01
1.138370635020768268e-01	2.012765311878026964e+01
1.153857145471308132e-01	1.937957109175542669e+01
1.169527294695389963e-01	1.865994588573987301e+01
1.185382503704831697e-01	1.796767370942185948e+01
1.201424183726175487e-01	1.730169313786700158e+01
1.217653734956807288e-01	1.666098440901652467e+01
1.234072546185268487e-01	1.604456874655618037e+01
1.250681993284939175e-01	1.545150586562818873e+01
1.267483439731717787e-01	1.488089181824680551e+01
1.284478234579380374e-01	1.433185858599780360e+01
1.301667712660990184e-01	1.380357190100173703e+01
1.319053193413611269e-01	1.329523044899401185e+01
1.336635979732724300e-01	1.280606465583869458e+01
1.354417357991147819e-01	1.233533467435180597e+01
1.372398596455796926e-01	1.188233003338345739e+01
1.390580944760126392e-01	1.144636804640545336e+01
1.408965633397091799e-01	1.102679259781609744e+01
1.427553872114400157e-01	1.062297338240274236e+01
1.446346850089509639e-01	1.023430462845902511e+01
1.465345734002327371e-01	9.860204533825733364e+00
1.484551667866867986e-01	9.500114040725524234e+00
1.503965771904008930e-01	9.153495872362546137e+00
1.523589141573605255e-01	8.819833630492016852e+00
1.543422847258438257e-01	8.498631028633869988e+00
1.563467932365144031e-01	8.189411452700364080e+00
1.583725413355731304e-01	7.891716800087656303e+00
1.604196278140408161e-01	7.605106723306533922e+00
1.624881485814434479e-01	7.329158103715805339e+00
1.645781965032607486e-01	7.063464293161748841e+00
1.666898613846743149e-01	6.807634495284733411e+00
1.688232297970308771e-01	6.561293105134647696e+00
1.709783850708197217e-01	6.324079153367099693e+00
1.731554071127174854e-01	6.095645723606404331e+00
1.753543723939325061e-01	5.875659165580378485e+00
1.775753538426536882e-01	5.663799022329088828e+00
1.798184206337077040e-01	5.459757480681663111e+00
1.820836382892290217e-01	5.263238148520614779e+00
1.843710684711453718e-01	5.073956301568973259e+00
1.866807688664599563e-01	4.891638484187474489e+00
1.890127931772208891e-01	4.716021535344971483e+00
1.913671909892356582e-01	4.546852587821707203e+00
1.937440076380539389e-01	4.383888652195714108e+00
1.961432842039296520e-01	4.226895923682174150e+00
1.985650573806517494e-01	4.075649721363980404e+00
2.010093593434265635e-01	3.929934125318956806e+00
2.034762177478287581e-01	3.789541359414862587e+00
2.059656556004677841e-01	3.654271734841949559e+00
2.084776911306985558e-01	3.523933334194659039e+00
2.110123377923767141e-01	3.398341463994270395e+00
2.135696041381947297e-01	3.277318601764878991e+00
2.161494936973943903e-01	3.160694115520302994e+00
2.187520049787994858e-01	3.048303786271050697e+00
2.213771313508992034e-01	2.939989753421266894e+00
2.240248609278114589e-01	2.835600262891404100e+00
2.266951765719097678e-01	2.734989263611896426e+00
2.293880557818908372e-01	2.638016332312523193e+00
2.321034705891037997e-01	2.544546452002601988e+00
2.348413875679103702e-01	2.454449713220469675e+00
2.376017676856415906e-01	2.367601172346184946e+00
2.403845663151618073e-01	2.283880621915397313e+00
2.431897331280939711e-01	2.203172482187003123e+00
2.460172120063741086e-01	2.125365580195264670e+00
2.488669410816584382e-01	2.050352897126876961e+00
2.517388525996899773e-01	1.978031532052452857e+00
2.546328728789313822e-01	1.908302458293241743e+00
2.575489223532254623e-01	1.841070365397387221e+00
2.604869153840216889e-01	1.776243641150003105e+00
2.634467603050695828e-01	1.713734106296795012e+00
2.664283593988984733e-01	1.653456875171911644e+00
2.694316087965987205e-01	1.595330292305978226e+00
2.724563985248364406e-01	1.539275777256285060e+00
2.755026123949128602e-01	1.485217714198414640e+00
2.785701280546168390e-01	1.433083315998200824e+00
2.816588169361550764e-01	1.382802515551087241e+00
2.847685442009970092e-01	1.334307930921098784e+00
2.878991688140686844e-01	1.287534658202077464e+00
2.910505434321126184e-01	1.242420246725971289e+00
2.942225144903850564e-01	1.198904556096338725e+00
2.974149221625259631e-01	1.156929708295907799e+00
3.006276003201342473e-01	1.116440002182583546e+00
3.038603766235043468e-01	1.077381775393516428e+00
3.071130724912751186e-01	1.039703381167507823e+00
3.103855030707775020e-01	1.003355108884685709e+00
3.136774773444752640e-01	9.682890602152918191e-01
3.169887981101192631e-01	9.344591287325095808e-01
3.203192619632525551e-01	9.018209322992553068e-01
3.236686594177185516e-01	8.703317037837824399e-01
3.270367748826562559e-01	8.399502549969761755e-01
3.304233867324132823e-01	8.106369362810357249e-01
3.338282672911749294e-01	7.823535592597048449e-01
3.372511829711615228e-01	7.550633183493991041e-01
3.406918942806772543e-01	7.287307731549157452e-01
3.441501558384397752e-01	7.033217950865285895e-01
3.476257165212838784e-01	6.788034843768813165e-01
3.511183194860186263e-01	6.551441555696517760e-01
3.546277021997809031e-01	6.323132850803679927e-01
3.581535966062180387e-01	6.102814600010804114e-01
3.616957291028237154e-01	5.890203405565610506e-01
3.652538207071517884e-01	5.685026119077782880e-01
3.688275871059785715e-01	5.487019560303845189e-01
3.724167387244707861e-01	5.295930183639331323e-01
3.760209808502690820e-01	5.111513528707682941e-01
3.796400137528104235e-01	4.933534004350811353e-01
3.832735327013592208e-01	4.761764613614009600e-01
3.869212281691412625e-01	4.595986469224781490e-01
3.905827858840926758e-01	4.435988578744146649e-01
3.942578869537939901e-01	4.281567593596329324e-01
3.979462079710665012e-01	4.132527503394263224e-01
4.016474211669507910e-01	3.988679217127943932e-01
4.053611945060778821e-01	3.849840376080893578e-01
4.090871917878539099e-01	3.715835618733432377e-01
4.128250728333420771e-01	3.586495328083456058e-01
4.165744935878450406e-01	3.461656136005626383e-01
4.203351062183675046e-01	3.341160527732838226e-01
4.241065593329045313e-01	3.224856571762543811e-01
4.278884980222193435e-01	3.112597764515853127e-01
4.316805640907687147e-01	3.004242771043910132e-01
4.354823961590058023e-01	2.899655306283442369e-01
4.392936297734820750e-01	2.798703949224003451e-01
4.431138976336164714e-01	2.701261860476732446e-01
4.469428297024153895e-01	2.607206728933638695e-01
4.507800533127667708e-01	2.516420599534916480e-01
4.546251934092550573e-01	2.428789610339826266e-01
4.584778726596556719e-01	2.344203950843366246e-01
4.623377115641370549e-01	2.262557710093555663e-01
4.662043287045257167e-01	2.183748638835905920e-01
4.700773408572382350e-01	2.107678114662528412e-01
4.739563631051297854e-01	2.034251007569815584e-01
4.778410090909013253e-01	1.963375465782404017e-01
4.817308911311146136e-01	1.894962885708942613e-01
4.856256203305191477e-01	1.828927792695996812e-01
4.895248068360630311e-01	1.765187649501834266e-01
4.934280599517053556e-01	1.703662829378864429e-01
4.973349882552879353e-01	1.644276509019597932e-01
5.012451998492269967e-01	1.586954501071011214e-01
5.051583024760717411e-01	1.531625225484636033e-01
5.090739036380835802e-01	1.478219616011645920e-01
5.129916108405006003e-01	1.426670973289621003e-01
5.169110317080037875e-01	1.376914934343710095e-01
5.208317741070258577e-01	1.328889386691945174e-01
5.247534463881678990e-01	1.282534358689487453e-01
5.286756574514502871e-01	1.237791965244246228e-01
5.325980169837432054e-01	1.194606323250196195e-01
5.365201355551988405e-01	1.152923499970006510e-01
5.404416247724276312e-01	1.112691435699617037e-01
5.443620974738688778e-01	1.073859855109273731e-01
5.482811678445749237e-01	1.036380228786330099e-01
5.521984515675983918e-01	1.000205711897114852e-01
5.561135659748145388e-01	9.652910826294734681e-02
5.600261301763745925e-01	9.315926923908808555e-02
5.639357651908196711e-01	8.990683776774459346e-02
5.678420941987839532e-01	8.676774261580240399e-02
5.717447424772621467e-01	8.373805626378362510e-02
5.756433377069446466e-01	8.081398604694975396e-02
5.795375099934186869e-01	7.799186910636855818e-02
5.834268920881660048e-01	7.526816966879619486e-02
5.873111194176148242e-01	7.263947421255226300e-02
5.911898302939007088e-01	7.010248606115718206e-02
5.950626659999939116e-01	6.765402302475584384e-02
5.989292708592429682e-01	6.529101350415594807e-02
6.027892924401047070e-01	6.301049012275855565e-02
6.066423816226523824e-01	6.080958878024751713e-02
6.104881926629556199e-01	5.868554493780527015e-02
6.143263833863534806e-01	5.663568787312203007e-02
6.181566152465036712e-01	5.465743979467275332e-02
6.219785533776056585e-01	5.274831255764532434e-02
6.257918667815239866e-01	5.090590240148738788e-02
6.295962283750259347e-01	4.912788926362963299e-02
6.333913150317307394e-01	4.741203379920338329e-02
6.371768077608073177e-01	4.575617261217362897e-02
6.409523917430952622e-01	4.415821767454080476e-02
6.447177563637271902e-01	4.261615363727672134e-02
6.484725953799994613e-01	4.112803354964548325e-02
6.522166069472796757e-01	3.969197831146082517e-02
6.559494936435626977e-01	3.830617427140890763e-02
6.596709626238509427e-01	3.696886939338025341e-02
6.633807256370672922e-01	3.567837272762969247e-02
6.670784990439768691e-01	3.443305224540407078e-02
6.707640039553295352e-01	3.323133148278988036e-02
6.744369662412366129e-01	3.207168890065100614e-02
6.780971165438529624e-01	3.095265593247052693e-02
6.817441904071648295e-01	2.987281445347328424e-02
6.853779282283812835e-01	2.883079554296132802e-02
6.889980753785247547e-01	2.782527756282841477e-02
6.926043821809642065e-01	2.685498500162151678e-02
6.961966039419589247e-01	2.591868658386441149e-02
6.997745010366066554e-01	2.501519331553270220e-02
7.033378388765280098e-01	2.414335772139910782e-02
7.068863879538910266e-01	2.330207201207176032e-02
7.104199238912201064e-01	2.249026695770618006e-02
7.139382273738166251e-01	2.170691103106419176e-02
7.174410842262693988e-01	2.095100768327958982e-02
7.209282855014507163e-01	2.022159481046793481e-02
7.243996272939027259e-01	1.951774467451842382e-02
7.278549109183404253e-01	1.883856160099959057e-02
7.312939428023441657e-01	1.818318086426465308e-02
7.347165345651349710e-01	1.755076775638403017e-02
7.381225029817195527e-01	1.694051678941800934e-02
7.415116699373173192e-01	1.635165067519755294e-02
7.448838625111744438e-01	1.578341907877100353e-02
7.482389128549644663e-01	1.523509795402020264e-02
7.515766582818882435e-01	1.470598827389737150e-02
7.548969412067497720e-01	1.419541558591422802e-02
7.581996090844289604e-01	1.370272919435144843e-02
7.614845144774515795e-01	1.322730072363351335e-02
7.647515149910649734e-01	1.276852398212925330e-02
7.680004732025969005e-01	1.232581417373378001e-02
7.712312567261465635e-01	1.189860662702577239e-02
7.744437381239234197e-01	1.148635642777900111e-02
7.776377949068569162e-01	1.108853799495542261e-02
7.808133094397119445e-01	1.070464416707029957e-02
7.839701690011439128e-01	1.033418523880626216e-02
7.871082657013984685e-01	9.976688863839358601e-03
7.902274963982283129e-01	9.631699417998273657e-03
7.933277627512216323e-01	9.298776924164314436e-03
7.964089711346001854e-01	8.977497024014478855e-03
7.994710325504669202e-01	8.667450392776812965e-03
8.025138626748311577e-01	8.368241796533417570e-03
8.055373817699214012e-01	8.079490003919496607e-03
8.085415145949070848e-01	7.800827290345279698e-03
8.115261904519763814e-01	7.531898736207091362e-03
8.144913430393116993e-01	7.272361954972996270e-03
8.174369104867449387e-01	7.021886515759584967e-03
8.203628352609855234e-01	6.780153683260781855e-03
8.232690640962256889e-01	6.546855977146479912e-03
8.261555480000331020e-01	6.321696621060366242e-03
8.290222421514391593e-01	6.104389411660715928e-03
8.318691058383315129e-01	5.894658249850187083e-03
8.346961024582425503e-01	5.692236608873486176e-03
8.375031994243169464e-01	5.496867414922666437e-03
8.402903681001639979e-01	5.308302706905336336e-03
8.430575837797376071e-01	5.126303287670551032e-03
8.458048255554023731e-01	4.950638300690703500e-03
8.485320764128863047e-01	4.781084998083005681e-03
8.512393229582848608e-01	4.617428642969345111e-03
8.539265555555931586e-01	4.459461964306750403e-03
8.565937681450098706e-01	4.306985022978461301e-03
8.592409582250166711e-01	4.159804981344273657e-03
8.618681268040400134e-01	4.017735767451258502e-03
8.644752783033411436e-01	3.880597873647300289e-03
8.670624205561060505e-01	3.748218093328101099e-03
8.696295646851863737e-01	3.620429426015331180e-03
8.721767250558738471e-01	3.497070734367530888e-03
8.747039192651491213e-01	3.377986496762120944e-03
8.772111680197700601e-01	3.263026783946058711e-03
8.796984950818271809e-01	3.152046937787562376e-03
8.821659272668099794e-01	3.044907337651691671e-03
8.846134943156740427e-01	2.941473382667235143e-03
8.870412288430825631e-01	2.841615210451520386e-03
8.894491663371751899e-01	2.745207470931561918e-03
8.918373450276938508e-01	2.652129330258986856e-03
8.942058058391094688e-01	2.562264204590371849e-03
8.965545923896273139e-01	2.475499559327079806e-03
8.988837508571757562e-01	2.391726920746891326e-03
9.011933299364383032e-01	2.310841616406562188e-03
9.034833808439818315e-01	2.232742616864573110e-03
9.057539571660924160e-01	2.157332545740833253e-03
9.080051148440643205e-01	2.084517426803682381e-03
9.102369121536921792e-01	2.014206555796998858e-03
9.124494095767667901e-01	1.946312506426105650e-03
9.146426697713061493e-01	1.880750911890063503e-03
9.168167575576224859e-01	1.817440332668178189e-03
9.189717397982870573e-01	1.756302261908695419e-03
9.211076853649101670e-01	1.697260959830149520e-03
9.232246651047245622e-01	1.640243331596881893e-03
9.253227517510808076e-01	1.585178863068035029e-03
9.274020199075243553e-01	1.531999520481598176e-03
9.294625459587187999e-01	1.480639697777601498e-03
9.315044080178336294e-01	1.431036098841347113e-03
9.335276859094869817e-01	1.383127619322900093e-03
9.355324610950644937e-01	1.336855323721043969e-03
9.375188166046810601e-01	1.292162365955470266e-03
9.394868370275747393e-01	1.248993914372867027e-03
9.414366083827555576e-01	1.207297039645428838e-03
9.433682182174053521e-01	1.167020642122755091e-03
9.452817553888256397e-01	1.128115477463696465e-03
9.471773101164139286e-01	1.090534034096237326e-03
9.490549739068206980e-01	1.054230449211547918e-03
9.509148394942670279e-01	1.019160460305137180e-03
9.527570008610692920e-01	9.852813705553385443e-04
9.545815530556330808e-01	9.525520069097128837e-04
9.563885923085693186e-01	9.209326006724199640e-04
9.581782158761020796e-01	8.903848034110111451e-04
9.599505220154265217e-01	8.608716193091020801e-04
9.617056099987121298e-01	8.323573164994412790e-04
9.634435800010935358e-01	8.048074524054384636e-04
9.651645330731305483e-01	7.781887813912716440e-04
9.668685711543099082e-01	7.524691982866963834e-04
9.685557969621072516e-01	7.276177557634386575e-04
9.702263139685953774e-01	7.036045792636066261e-04
9.718802264170662841e-01	6.804008164180672157e-04
9.735176392072065754e-01	6.579786590844756162e-04
9.751386578816438888e-01	6.363112633256682096e-04
9.767433886259294651e-01	6.153726852874744340e-04
9.783319382222345206e-01	5.951379266373607330e-04
9.799044139069401638e-01	5.755828786077278516e-04
9.814609235132202292e-01	5.566842138309037197e-04
9.830015753351509789e-01	5.384194548612609033e-04
9.845264780348964573e-01	5.207669314911680340e-04
9.860357407580877531e-01	5.037056715041124226e-04
9.875294730153171274e-01	4.872154646320481035e-04
9.890077845933697986e-01	4.712768229540409783e-04
9.904707856666860044e-01	4.558708982340770001e-04
9.919185866484049319e-01	4.409795183590852364e-04
9.933512981946844844e-01	4.265851411627412685e-04
9.947690312268251400e-01	4.126708258657882638e-04
9.961718967932490232e-01	3.992202354929750988e-04
9.975600061564883214e-01	3.862175811546392831e-04
9.989334707045551820e-01	3.736476310489878676e-04
1.000292401902122430e+00	3.614956879324993577e-04
1.001636911345700209e+00	3.497475515886980810e-04
1.002967110643728565e+00	3.383895194546171535e-04
1.004283111470294365e+00	3.274083516143472370e-04
1.005585025512484076e+00	3.167912791121823375e-04
1.006872964388149327e+00	3.065259915869119017e-04
1.008147039703656711e+00	2.966005705224119193e-04
1.009407363053841156e+00	2.870035041729538500e-04
1.010654045878764729e+00	2.777237042416439610e-04
1.011887199563720197e+00	2.687504629929042153e-04
1.013106935301868683e+00	2.600734356312414631e-04
1.014313364213230262e+00	2.516826232463917584e-04
1.015506597205486639e+00	2.435683841584962699e-04
1.016686744994478309e+00	2.357214063801840764e-04
1.017853918132426427e+00	2.281326853070705354e-04
1.019008226910142589e+00	2.207935441232953557e-04
1.020149781369972253e+00	2.136955933532134523e-04
1.021278691346701573e+00	2.068307315591197296e-04
1.022395066317083101e+00	2.001911441595027028e-04
1.023499015534359957e+00	1.937692655135235965e-04
1.024590647941135080e+00	1.875578006520110602e-04
1.025670072086301676e+00	1.815497171612087072e-04
1.026737396250080980e+00	1.757381988814414706e-04
1.027792728342937556e+00	1.701166676850603121e-04
1.028836175897068106e+00	1.646787856444277402e-04
1.029867846040521728e+00	1.594184206190812426e-04
1.030887845561885507e+00	1.543296423094015000e-04
1.031896280799319943e+00	1.494067363570453384e-04
1.032893257663217934e+00	1.446441776767425200e-04
1.033878881678312434e+00	1.400366206229823531e-04
1.034853257889154499e+00	1.355789148910902095e-04
1.035816490875944851e+00	1.312660800016657737e-04
1.036768684797052531e+00	1.270932976443272058e-04
1.037709943299318871e+00	1.230559234432512621e-04
1.038640369539589603e+00	1.191494650766449003e-04
1.039560066225331481e+00	1.153695822979735784e-04
1.040469135482994023e+00	1.117120868171958651e-04
1.041367679001945712e+00	1.081729235304089334e-04
1.042255797905819348e+00	1.047481797074369814e-04
1.043133592793135778e+00	1.014340760734491943e-04
1.044001163739231242e+00	9.822695702307987476e-05
1.044858610252710873e+00	9.512329283052870941e-05
1.045706031309486139e+00	9.211967339080105027e-05
1.046543525298193389e+00	8.921280228100420299e-05
1.047371190072019287e+00	8.639949307460054228e-05
1.048189122885984981e+00	8.367666632218835989e-05
1.048997420442824069e+00	8.104135184757334644e-05
1.049796178804245361e+00	7.849067355410935373e-05
1.050585493533095605e+00	7.602184689645488398e-05
1.051365459527793700e+00	7.363218954919891683e-05
1.052136171105159335e+00	7.131910967415009143e-05
1.052897721978305778e+00	6.908009722970580920e-05
1.053650205247862237e+00	6.691272812907973419e-05
1.054393713411031941e+00	6.481465996175118905e-05
1.055128338325963755e+00	6.278362727713848767e-05
1.055854171268888697e+00	6.081743820686264602e-05
1.056571302866187612e+00	5.891397900781317551e-05
1.057279823106907157e+00	5.707120537105516653e-05
1.057979821384039454e+00	5.528713627970461073e-05
1.058671386439230311e+00	5.355986234117517906e-05
1.059354606362532092e+00	5.188753662236331876e-05
1.060029568648173992e+00	5.026836908894593019e-05
1.060696360126474280e+00	4.870063482865098271e-05
1.061355066971116923e+00	4.718266510400425062e-05
1.062005774757873500e+00	4.571284168389207664e-05
1.062648568389063852e+00	4.428960638580365982e-05
1.063283532110246954e+00	4.291145044624478056e-05
1.063910749563548475e+00	4.157691153547753431e-05
1.064530303715095938e+00	4.028458086424019369e-05
1.065142276869367466e+00	3.903309467231321248e-05
1.065746750734608561e+00	3.782113040888647807e-05
1.066343806325821708e+00	3.664741507394788571e-05
1.066933524012428247e+00	3.551071479130221491e-05
1.067515983552701941e+00	3.440983408744806445e-05
1.068091264021758358e+00	3.334362116391640767e-05
1.068659443845725088e+00	3.231096075346398912e-05
1.069220600837136104e+00	3.131077101903457095e-05
1.069774812134587139e+00	3.034200946218323949e-05
1.070322154230998191e+00	2.940366755268133492e-05
1.070862702987867898e+00	2.849476835626942964e-05
1.071396533605792456e+00	2.761436709768729758e-05
1.071923720667800950e+00	2.676155044729535283e-05
1.072444338084569626e+00	2.593543506223024159e-05
1.072958459153201316e+00	2.513516548171791036e-05
1.073466156524475856e+00	2.435991560340102465e-05
1.073967502189197232e+00	2.360888649010518131e-05
1.074462567538099655e+00	2.288130290577489501e-05
1.074951423310868126e+00	2.217641847266294057e-05
1.075434139580303761e+00	2.149350923591782697e-05
1.075910785876337705e+00	2.083187110228132248e-05
1.076381431029530766e+00	2.019082790235006398e-05
1.076846143265598466e+00	1.956972561394705278e-05
1.077304990183790556e+00	1.896792988241556780e-05
1.077758038752297143e+00	1.838482610015848998e-05
1.078205355355558392e+00	1.781981934962360327e-05
1.078647005728480490e+00	1.727233584536594884e-05
1.079083054997806101e+00	1.674182029553740258e-05
1.079513567688774378e+00	1.622773456703200027e-05
1.079938607698451847e+00	1.572955764377056780e-05
1.080358238351784239e+00	1.524678484725632748e-05
1.080772522347235975e+00	1.477892978998085953e-05
1.081181521770130161e+00	1.432552080859713153e-05
1.081585298149578156e+00	1.388609989257321933e-05
1.081983912391070612e+00	1.346022630675218709e-05
1.082377424797285270e+00	1.304747268167879729e-05
1.082765895126037936e+00	1.264742352272596125e-05
1.083149382517339721e+00	1.225967961699082471e-05
1.083527945520954328e+00	1.188385371387813257e-05
1.083901642137716337e+00	1.151956812970559423e-05
1.084270529810874795e+00	1.116646039018267392e-05
1.084634665324748504e+00	1.082418119750398708e-05
1.084994104985260721e+00	1.049238792633985349e-05
1.085348904507355439e+00	1.017075033168756420e-05
1.085699119032732973e+00	9.858951071491972018e-06
1.086044803134940784e+00	9.556680848608431708e-06
1.086386010884295761e+00	9.263640433436623616e-06
1.086722795719561319e+00	8.979541236258971258e-06
1.087055210613496747e+00	8.704102113671541017e-06
1.087383307947317634e+00	8.437052088541922281e-06
1.087707139565728509e+00	8.178128524415033672e-06
1.088026756815579033e+00	7.927076553311477577e-06
1.088342210448213887e+00	7.683650998796777773e-06
1.088653550738347908e+00	7.447612990195946213e-06
1.088960827408407050e+00	7.218731235174576807e-06
1.089264089677773661e+00	6.996781750346370140e-06
1.089563386244078780e+00	6.781548711082193096e-06
1.089858765261426443e+00	6.572823164054529175e-06
1.090150274406556763e+00	6.370400684903442345e-06
1.090437960861464939e+00	6.174084702082797984e-06
1.090721871251700392e+00	5.983686562239951885e-06
1.091002051729339728e+00	5.799020751050624910e-06
1.091278548002011961e+00	5.619907045196855761e-06
1.091551405217763282e+00	5.446173132941909103e-06
1.091820668088435031e+00	5.277652211384236022e-06
1.092086380772357979e+00	5.114181991132304524e-06
1.092348587031708007e+00	4.955604157976170085e-06
1.092607330100236807e+00	4.801766853998996861e-06
1.092862652741337648e+00	4.652522696089026643e-06
1.093114597280851141e+00	4.507727811026718211e-06
1.093363205559277906e+00	4.367244041019686181e-06
1.093608518943381958e+00	4.230936972463827070e-06
1.093850578390578088e+00	4.098676487402860067e-06
1.094089424330327853e+00	3.970337191725074434e-06
1.094325096810664144e+00	3.845795958328666189e-06
1.094557635417612529e+00	3.724933762940330640e-06
1.094787079288341847e+00	3.607636798021478064e-06
1.095013467101219273e+00	3.493793840429652810e-06
1.095236837145245001e+00	3.383296184320961532e-06
1.095457227256523280e+00	3.276039719058392160e-06
1.095674674821346839e+00	3.171923224657037567e-06
1.095889216858024540e+00	3.070847481714106022e-06
1.096100889927568822e+00	2.972717839385427046e-06
1.096309730163961493e+00	2.877441926863534858e-06
1.096515773339040267e+00	2.784929106617850108e-06
1.096719054782318903e+00	2.695092943190977299e-06
1.096919609408029572e+00	2.607849123774662708e-06
1.097117471773582320e+00	2.523114966356422472e-06
1.097312676008479038e+00	2.440811320746643424e-06
1.097505255842093019e+00	2.360860858590401679e-06
1.097695244662320047e+00	2.283188359814774785e-06
1.097882675398830443e+00	2.207721340492901140e-06
1.098067580668392385e+00	2.134388570785908605e-06
1.098249992675606634e+00	2.063121113132272693e-06
1.098429943252545948e+00	1.993852283971128250e-06
1.098607463874494927e+00	1.926516868754570291e-06
1.098782585628194974e+00	1.861051615652907594e-06
1.098955339254553021e+00	1.797394579456307942e-06
1.099125755137257965e+00	1.735485692409284124e-06
1.099293863279648731e+00	1.675266721424017450e-06
1.099459693346241274e+00	1.616680228144881361e-06
1.099623274669319750e+00	1.559670646488864328e-06
1.099784636176680319e+00	1.504183489561925962e-06
1.099943806546482827e+00	1.450164697266008846e-06
1.100100814046669706e+00	1.397562361943705364e-06
1.100255686628919261e+00	1.346325514434917900e-06
1.100408451912028740e+00	1.296403689684881966e-06
1.100559137182694824e+00	1.247747286636229675e-06
1.100707769411237047e+00	1.200307526702300591e-06
1.100854375221932857e+00	1.154036023996511818e-06
1.100998980960261164e+00	1.108884549081035905e-06
1.101141612626333810e+00	1.064805741659141901e-06
1.101282295898515562e+00	1.021752062021697453e-06
1.101421056182257274e+00	9.796754042596607549e-07
1.101557918552113824e+00	9.385279287696770034e-07
1.101692907764032503e+00	8.982609717840677206e-07
1.101826048315031947e+00	8.588243751953943529e-07
1.101957364382172511e+00	8.201672066499109576e-07
1.102086879829322630e+00	7.822365308223911253e-07
1.102214618275421110e+00	7.449763221554068719e-07
1.102340603022440746e+00	7.083279651374882377e-07
1.102464857074626270e+00	6.722282859764559858e-07
1.102587403196358951e+00	6.366080515067660001e-07
1.102708263846250869e+00	6.013912203319063587e-07
1.102827461190646119e+00	5.664918417958170408e-07
1.102945017174792541e+00	5.318103861592182847e-07
1.103060953431771241e+00	4.967283509868843057e-07
1.103175291327349150e+00	4.621223942765027489e-07
1.103288052000851671e+00	4.272981333020627207e-07
1.103399256297357356e+00	3.920262044212614517e-07
1.103508924801196445e+00	3.559954721397567809e-07
1.103617077874005314e+00	3.187581643237015162e-07
1.103723735601190192e+00	2.796324720650996606e-07
1.103828917814961397e+00	2.374979703471809088e-07
1.103932644114524964e+00	1.901435459184930166e-07
1.104034933842148014e+00	1.317714905548225681e-07
1.104135806118946572e+00	0.000000000000000000e+00
