# Data associated with arXiv:2110.09653
# 
# Scale-free J-factor angular distribution, J_S(theta), of a nfw1-1 dark matter distribution (see Eq. 8 and the surrounding discussion)
# 
# Published: 3/29/22, Jack Runburg, contact: runburg@hawaii.edu
# 
# 
# -----------------------------------------------------------------
# 
# 	 tilde theta 		 | 	 tilde J s-wave 		 | 	 tilde J p-wave 		 | 	 tilde J d-wave 		 | 	 tilde J sommerfeld 
# 
# -----------------------------------------------------------------
1.000000000000000021e-03	5.462778147972901024e+03	2.018206037491297309e+02	5.059510739558314185e+01	6.434950023282822076e+04
1.021192151037671062e-03	5.325859148682231535e+03	1.996938498074996460e+02	5.033165944709815420e+01	6.216090542365817964e+04
1.042833409340945643e-03	5.192402335686096194e+03	1.975851865366474271e+02	5.006868644926841938e+01	6.004764475741784554e+04
1.064933292458827233e-03	5.062223241297483582e+03	1.954933656820966235e+02	4.980608143995495141e+01	5.800533082337876112e+04
1.087501519637659123e-03	4.935262821033764340e+03	1.934185652457358060e+02	4.954386826144502010e+01	5.603191937770564255e+04
1.110548016095517111e-03	4.811485107334467102e+03	1.913612020944111691e+02	4.928209518356830188e+01	5.412602606509244652e+04
1.134082917387199208e-03	4.690835282955577895e+03	1.893214971161789890e+02	4.902079184250504085e+01	5.228581288479804789e+04
1.158116573861711456e-03	4.573149512083507034e+03	1.872984304169606276e+02	4.875986389067978166e+01	5.050750127799479378e+04
1.182659555214217667e-03	4.458374534428358857e+03	1.852919110834410219e+02	4.849932157117424936e+01	4.878922409164452256e+04
1.207722655134462354e-03	4.346479049462837793e+03	1.833022687163467026e+02	4.823921026347164798e+01	4.712969788454700029e+04
1.233316896053688856e-03	4.237409448073236490e+03	1.813296659894193397e+02	4.797955456471323288e+01	4.552724167131178547e+04
1.259453533992170365e-03	4.131020244015719982e+03	1.793731888516264803e+02	4.772026546968431404e+01	4.397859046226223290e+04
1.286144063509461061e-03	4.027263397132048340e+03	1.774330159705338872e+02	4.746136807579016903e+01	4.248241720763293415e+04
1.313400222759557485e-03	3.926111677337663423e+03	1.755094301112790447e+02	4.720290616242250792e+01	4.103742265681304707e+04
1.341233998653187541e-03	3.827513005678219997e+03	1.736023053717031246e+02	4.694488576010270009e+01	3.964211568739986251e+04
1.369657632129505243e-03	3.731338213027768234e+03	1.717107786736349340e+02	4.668722202447686698e+01	3.829362420983165066e+04
1.398683623539492566e-03	3.637543970209834697e+03	1.698350130603412538e+02	4.642993974108729560e+01	3.699070478720532992e+04
1.428324738143458596e-03	3.546106595110633862e+03	1.679754274619026546e+02	4.617309103016747684e+01	3.573240032783196511e+04
1.458594011725036863e-03	3.456975784107220534e+03	1.661320665334400246e+02	4.591668955188112733e+01	3.451744993251389678e+04
1.489504756324154782e-03	3.370036875189593047e+03	1.643038954507834148e+02	4.566063949512022901e+01	3.334327434994321084e+04
1.521070566091505720e-03	3.285250790738169599e+03	1.624909653216792549e+02	4.540495880843280929e+01	3.220875918157353226e+04
1.553305323267072666e-03	3.202596939120330717e+03	1.606936880352361072e+02	4.514970091828441667e+01	3.111309553896732541e+04
1.586223204285366938e-03	3.122026972387333899e+03	1.589120915638309270e+02	4.489487747422975872e+01	3.005504495205300918e+04
1.619838686010041055e-03	3.043439124497879220e+03	1.571454374004534600e+02	4.464041226379760730e+01	2.903260870168565452e+04
1.654166552100628336e-03	2.966798154396693462e+03	1.553937654452295760e+02	4.438632248604428554e+01	2.804472935736631553e+04
1.689221899514206692e-03	2.892086160864467274e+03	1.536572701416251618e+02	4.413264796101108800e+01	2.709072054057308560e+04
1.725020145144853453e-03	2.819256877491396608e+03	1.519359148088348093e+02	4.387939387895885091e+01	2.616941012943067835e+04
1.761577032603788440e-03	2.748220000170889762e+03	1.502290031979960077e+02	4.362648746788468657e+01	2.527905847753288617e+04
1.798908639143220224e-03	2.678943749727690829e+03	1.485366913462799516e+02	4.337395454652300941e+01	2.441879028558653590e+04
1.837031382726912916e-03	2.611412565586969322e+03	1.468593618845669369e+02	4.312184905170804683e+01	2.358810723103776763e+04
1.875962029250603357e-03	2.545582343528170441e+03	1.451967588805269145e+02	4.287015849170939674e+01	2.278587778747400444e+04
1.915717699915417882e-03	2.481372964962812148e+03	1.435481179567658216e+02	4.261880475307146554e+01	2.201059384444522220e+04
1.956315878757565116e-03	2.418755774492643013e+03	1.419136028653220762e+02	4.236781469105201836e+01	2.126151075438111366e+04
1.997774420337589726e-03	2.357717246477232493e+03	1.402936075070527124e+02	4.211724510436955882e+01	2.053813353497823482e+04
2.040111557592579582e-03	2.298215482179758510e+03	1.386880660768252085e+02	4.186709686514818429e+01	1.983956356417246570e+04
2.083345909854779961e-03	2.240179412648734797e+03	1.370962347301077386e+02	4.161729245149640377e+01	1.916447908823727630e+04
2.127496491040134757e-03	2.183583200960303202e+03	1.355180791590485683e+02	4.136784240217140507e+01	1.851222792682220461e+04
2.172582718010372237e-03	2.128415089594221172e+03	1.339539779958239194e+02	4.111880319877098344e+01	1.788233794362055414e+04
2.218624419112281976e-03	2.074635397648941307e+03	1.324038261406868742e+02	4.087017083130738371e+01	1.727402614367711794e+04
2.265641842897974604e-03	2.022181095289211953e+03	1.308670539593799447e+02	4.062188276388393149e+01	1.668615127736363502e+04
2.313655667029933423e-03	1.971028888529891219e+03	1.293437717966191087e+02	4.037396296449507815e+01	1.611820194583337252e+04
2.362687007374795686e-03	1.921168555127473383e+03	1.278341601020227216e+02	4.012645151049787984e+01	1.556972915743143858e+04
2.412757427289825233e-03	1.872562619256907738e+03	1.263380156143559105e+02	3.987933457134144533e+01	1.504003336929880788e+04
2.463888947106213784e-03	1.825155191271575177e+03	1.248548227721328345e+02	3.963255447104781837e+01	1.452812705777991505e+04
2.516104053813336943e-03	1.778925271322832032e+03	1.233847143871810346e+02	3.938613725585813086e+01	1.403354661875568490e+04
2.569425710948245768e-03	1.733863969444332952e+03	1.219280694512450509e+02	3.914014238717745542e+01	1.355596020374044747e+04
2.623877368694733318e-03	1.689935982138537383e+03	1.204845769402613627e+02	3.889454404666471277e+01	1.309471877586789742e+04
2.679482974196439188e-03	1.647091760190018249e+03	1.190536119185727699e+02	3.864927374215954359e+01	1.264897501623541029e+04
2.736266982088478034e-03	1.605312373511648957e+03	1.176353025706561510e+02	3.840435752063458352e+01	1.221829953670638315e+04
2.794254365252289707e-03	1.564590087447955966e+03	1.162300449545219578e+02	3.815985840905406690e+01	1.180243523081607418e+04
2.853470625798387814e-03	1.524891721929709547e+03	1.148376557164075535e+02	3.791576277522369764e+01	1.140078701946018373e+04
2.913941806281861776e-03	1.486173357221968217e+03	1.134575620171733021e+02	3.767200520943373476e+01	1.101265105735435100e+04
2.975694501155571117e-03	1.448417930237888640e+03	1.120897461945665867e+02	3.742859605836621029e+01	1.063763024337889692e+04
3.038755868466027146e-03	1.411618707572680705e+03	1.107345481299298768e+02	3.718559326490714767e+01	1.027551704119160968e+04
3.103153641797168783e-03	1.375744571425251706e+03	1.093917748730578552e+02	3.694298066530040359e+01	9.925761340332990585e+03
3.168916142467233243e-03	1.340756599162261409e+03	1.080610151462532968e+02	3.670071166706965471e+01	9.587778237407741472e+03
3.236072291984112663e-03	1.306639411815100630e+03	1.067423409776622520e+02	3.645880810482673695e+01	9.261229946371124242e+03
3.304651624764658874e-03	1.273387143273081620e+03	1.054359289605714025e+02	3.621731066954385625e+01	8.945916633804512458e+03
3.374684301123556836e-03	1.240970667162470818e+03	1.041415215078120298e+02	3.597619368369371529e+01	8.641356544052614481e+03
3.446201120537424525e-03	1.209355495913837103e+03	1.028587304595335468e+02	3.573541213676510608e+01	8.347039870000862720e+03
3.519233535190044709e-03	1.178527769629993372e+03	1.015876943617146111e+02	3.549499703883923019e+01	8.062691720291129968e+03
3.593813663804625805e-03	1.148482372845444615e+03	1.003287407672486182e+02	3.525500853790209277e+01	7.788135637147111993e+03
3.669974305769219299e-03	1.119192093045060574e+03	9.908144852903160427e+01	3.501539954100200447e+01	7.522935636435989181e+03
3.747748955561452412e-03	1.090626378066180905e+03	9.784540067234713945e+01	3.477611941715553456e+01	7.266646347786801925e+03
3.827171817478984984e-03	1.062772738112901152e+03	9.662072080270837660e+01	3.453719789041279142e+01	7.019043298783153659e+03
3.908277820682117681e-03	1.035626707126446718e+03	9.540777155056360925e+01	3.429870184890794604e+01	6.779962178192788087e+03
3.991102634555192957e-03	1.009162903952426177e+03	9.420628331981417602e+01	3.406060380034094948e+01	6.549043532368937122e+03
4.075682684393532908e-03	9.833542678067959741e+02	9.301576427842229577e+01	3.382284257939488725e+01	6.325879047487975186e+03
4.162055167422817371e-03	9.581895445449532644e+02	9.183624945026630826e+01	3.358543583028777135e+01	6.110271699774402805e+03
4.250258069157961290e-03	9.336648296333695498e+02	9.066809830898286293e+01	3.334845141677686087e+01	5.902083075677975103e+03
4.340330180108637088e-03	9.097564877228742262e+02	8.951103861301396591e+01	3.311185895690539382e+01	5.700999263436348883e+03
4.432311112838861061e-03	8.864405548542881661e+02	8.836476141290668807e+01	3.287562279783498553e+01	5.506682999791196380e+03
4.526241319388085715e-03	8.637068912490434514e+02	8.722922897901727879e+01	3.263975009051175391e+01	5.318945794998730889e+03
4.622162109061505458e-03	8.415520776343025773e+02	8.610468871680618008e+01	3.240429324328123073e+01	5.137664140193639469e+03
4.720115666597336779e-03	8.199541372997986173e+02	8.499087165483163631e+01	3.216922162582022793e+01	4.962558310275181611e+03
4.820145070719144588e-03	7.988918526341531106e+02	8.388750396408966026e+01	3.193450418655708134e+01	4.793348903987212907e+03
4.922294313081310678e-03	7.783560887036652503e+02	8.279469783264389093e+01	3.170017321611310379e+01	4.629876437926030121e+03
5.026608317615998724e-03	7.583438454780749680e+02	8.171262876403721975e+01	3.146627157452013535e+01	4.472036876763330838e+03
5.133132960290130720e-03	7.388347172858748308e+02	8.064092513182097832e+01	3.123275121408653732e+01	4.319559695895302866e+03
5.241915089281041530e-03	7.198099214804719850e+02	7.957933748903536753e+01	3.099958289802600575e+01	4.172215014303009411e+03
5.353002545579732367e-03	7.012612292566466294e+02	7.852798568401497903e+01	3.076680023687240961e+01	4.029861212879920913e+03
5.466444184030696055e-03	6.831860025978365911e+02	7.748717756892945374e+01	3.053447023485245637e+01	3.892427029051360023e+03
5.582289894817666839e-03	6.655653198232374734e+02	7.645646743028279957e+01	3.030252994227858210e+01	3.759661655827140748e+03
5.700590625404708227e-03	6.483825568168533664e+02	7.543555285642197816e+01	3.007094093602918150e+01	3.631361889186622648e+03
5.821398402942216249e-03	6.316303017334607830e+02	7.442454814921734396e+01	2.983973731501254179e+01	3.507403508998617326e+03
5.944766357147824969e-03	6.153062290516002122e+02	7.342378572578407159e+01	2.960899191536426045e+01	3.387730255567154927e+03
6.070748743672167193e-03	5.993928154423222168e+02	7.243291990258089186e+01	2.937865832783763409e+01	3.272126664441860157e+03
6.199400967959818945e-03	5.838753497971979414e+02	7.145159027440897148e+01	2.914868425744406366e+01	3.160411681708413653e+03
6.330779609615908021e-03	5.687471568239720909e+02	7.047985802963641788e+01	2.891909447872157202e+01	3.052479938919139386e+03
6.464942447289089879e-03	5.540061807433103240e+02	6.951803223060306891e+01	2.868995947354458664e+01	2.948271394299424173e+03
6.601948484081890736e-03	5.396362128143110795e+02	6.856582147083112488e+01	2.846124298196441416e+01	2.847607261671491869e+03
6.741857973499477616e-03	5.256242370001162953e+02	6.762296707262815687e+01	2.823291267774474278e+01	2.750333122974869184e+03
6.884732445948405985e-03	5.119642420129767970e+02	6.668944679411897880e+01	2.800497653331819237e+01	2.656357607310607818e+03
7.030634735796891313e-03	4.986544048922266938e+02	6.576552375214808421e+01	2.777749769832042048e+01	2.565620636487017691e+03
7.179629009008595825e-03	4.856797501697120651e+02	6.485089108064326524e+01	2.755043521249686478e+01	2.477967140349527654e+03
7.331780791361950343e-03	4.730287634647027630e+02	6.394539122574870760e+01	2.732377770202663569e+01	2.393265370555514892e+03
7.487156997267587974e-03	4.606960320301338356e+02	6.304902626808960520e+01	2.709753958465555357e+01	2.311440046892102146e+03
7.645825959196438613e-03	4.486799338628330247e+02	6.216197855327928323e+01	2.687176965867910639e+01	2.232435205478051103e+03
7.807857457731475631e-03	4.369666482681063826e+02	6.128392710382534148e+01	2.664642136218289892e+01	2.156113637237163402e+03
7.973322752256328111e-03	4.255459908656076209e+02	6.041472257084750908e+01	2.642148252556276589e+01	2.082361720206391055e+03
8.142294612294233985e-03	4.144130884309414569e+02	5.955445494688364505e+01	2.619698800733352684e+01	2.011115591807511919e+03
8.314847349511189298e-03	4.035664924147562260e+02	5.870326152148685139e+01	2.597297593655662240e+01	1.942327031419325522e+03
8.491056850397209546e-03	3.929934614927898906e+02	5.786077962315198420e+01	2.574939144592760698e+01	1.875872236736373907e+03
8.671000609640279119e-03	3.826849890098328615e+02	5.702687543311397178e+01	2.552622422894859611e+01	1.811656781489137757e+03
8.854757764207504128e-03	3.726366879537031878e+02	5.620164792018436373e+01	2.530351286838583036e+01	1.749621387159778124e+03
9.042409128148579806e-03	3.628472596360463740e+02	5.538531342236851884e+01	2.508131865915681757e+01	1.689730850914416578e+03
9.234037228136720080e-03	3.533049699094918310e+02	5.457742375598692774e+01	2.485956323334008289e+01	1.631869360450736167e+03
9.429726339762870002e-03	3.440018547245629748e+02	5.377785587256470734e+01	2.463824002676518532e+01	1.575957498082682378e+03
9.629562524599030379e-03	3.349339653024809991e+02	5.298671251852110942e+01	2.441738783331633300e+01	1.521943586631156222e+03
9.833633668047030499e-03	3.261001324332511331e+02	5.220423123876455662e+01	2.419707335656906011e+01	1.469800313902638209e+03
1.004202951798940403e-02	3.174895603340837624e+02	5.142997220864116770e+01	2.397721705757317068e+01	1.419422432658773005e+03
1.025484172425938229e-02	3.090952078094116473e+02	5.066378206978386345e+01	2.375780309211599928e+01	1.370742083922912570e+03
1.047216387894729824e-02	3.009135209295937443e+02	4.990575862862053924e+01	2.353887126945944175e+01	1.323713694893774118e+03
1.069409155756119272e-02	2.929434425194325513e+02	4.915616036385916487e+01	2.332049806187578156e+01	1.278316099805891099e+03
1.092072236105970547e-02	2.851750497939399338e+02	4.841458421332790607e+01	2.310260984887279179e+01	1.234455844281637610e+03
1.115215595877575537e-02	2.776021181543379726e+02	4.768083520409783915e+01	2.288517756712213469e+01	1.192073265161727022e+03
1.138849413224978825e-02	2.702214494662789548e+02	4.695501608591995790e+01	2.266824590764472447e+01	1.151129205605984225e+03
1.162984081999205582e-02	2.630320835596829738e+02	4.623737018100451479e+01	2.245188894144590819e+01	1.111604122396813636e+03
1.187630216319339981e-02	2.560249087381187110e+02	4.552753358111944948e+01	2.223604160371654004e+01	1.073419508310725405e+03
1.212798655240480798e-02	2.491944228455177495e+02	4.482531529705806150e+01	2.202067476985338956e+01	1.036521467790142651e+03
1.238500467520621366e-02	2.425377482941575806e+02	4.413078475748961438e+01	2.180582442522707609e+01	1.000875976635769348e+03
1.264746956488544717e-02	2.360540090522681282e+02	4.344418912511972053e+01	2.159157051940704264e+01	9.664659756719541974e+02
1.291549665014883955e-02	2.297348459975978585e+02	4.276518854997870278e+01	2.137785406259138909e+01	9.332229450776071644e+02
1.318920380588532899e-02	2.235753959673946554e+02	4.209360760566704585e+01	2.116464801484899638e+01	9.011003824336918342e+02
1.346871140500627631e-02	2.175730701379946481e+02	4.142949628867231127e+01	2.095198319836528000e+01	8.700701096169221955e+02
1.375414237138396570e-02	2.117270655700300779e+02	4.077307880957395270e+01	2.073993539118007945e+01	8.401143821189942855e+02
1.404562223391196511e-02	2.060297206130892391e+02	4.012404559015177341e+01	2.052845327354084404e+01	8.111752296384144074e+02
1.434327918171109106e-02	2.004767371427890623e+02	3.948222265557838995e+01	2.031750754132048442e+01	7.832113907611131935e+02
1.464724412050539583e-02	1.950657864176514238e+02	3.884765605422683166e+01	2.010712934772968552e+01	7.561998125883529838e+02
1.495765073019278586e-02	1.897961291846441441e+02	3.822056752048337813e+01	1.989739958568581812e+01	7.301234267892416483e+02
1.527463552363575450e-02	1.846607493927258759e+02	3.760064958960728632e+01	1.968826481242249926e+01	7.049318480521411630e+02
1.559833790669801906e-02	1.796558484648435012e+02	3.698773970193210658e+01	1.947969192206618061e+01	6.805903379028244444e+02
1.592890023955338338e-02	1.747793318986396116e+02	3.638186973556009463e+01	1.927170752506145845e+01	6.570774660457324217e+02
1.626646789929399317e-02	1.700305160274049570e+02	3.578326116505395760e+01	1.906439702406210657e+01	6.343796927437848581e+02
1.661118934386526108e-02	1.654029817873841068e+02	3.519160690611622755e+01	1.885770664024824583e+01	6.124522574453659445e+02
1.696321617735579643e-02	1.608933721114727007e+02	3.460675918058018397e+01	1.865160993554410851e+01	5.912647595200927526e+02
1.732270321667098503e-02	1.564998034448641988e+02	3.402876232912971943e+01	1.844614036564647108e+01	5.707991398816800483e+02
1.768980855961942850e-02	1.522216407809301870e+02	3.345782135875456476e+01	1.824137946884820849e+01	5.510435030524923832e+02
1.806469365444235767e-02	1.480530165034553534e+02	3.289362153687766721e+01	1.803726535591794189e+01	5.319586854247565952e+02
1.844752337081655841e-02	1.439909636778319850e+02	3.233602874526572890e+01	1.783377701916950642e+01	5.135180651376253991e+02
1.883846607236187159e-02	1.400337886727876651e+02	3.178509773694784712e+01	1.763095301944628446e+01	4.957060714489903717e+02
1.923769369068539445e-02	1.361808992843559167e+02	3.124102704852393231e+01	1.742887889172284943e+01	4.785130293680699083e+02
1.964538180099485026e-02	1.324269367148992274e+02	3.070349359784375309e+01	1.722748759791450723e+01	4.619032809256172527e+02
2.006170969931423895e-02	1.287692786820199160e+02	3.017237214426736358e+01	1.702675497622449541e+01	4.458550991897861877e+02
2.048686048133601528e-02	1.252064025524545485e+02	2.964772261387179952e+01	1.682672130879884520e+01	4.303541588010303371e+02
2.092102112294418406e-02	1.217377538673302837e+02	2.912973812522414008e+01	1.662747408438791652e+01	4.153925984367642741e+02
2.136438256244391209e-02	1.183584429095093640e+02	2.861807535204954434e+01	1.642893355845238190e+01	4.009382726370217256e+02
2.181713978453380873e-02	1.150661517966877767e+02	2.811263520702411967e+01	1.623108512696693140e+01	3.869734287439553668e+02
2.227949190605761978e-02	1.118595118107805604e+02	2.761349908699758160e+01	1.603398379861949152e+01	3.734854508494251490e+02
2.275164226357336353e-02	1.087380019398563746e+02	2.712082478287719312e+01	1.583770610252786959e+01	3.604672049836503334e+02
2.323379850277806913e-02	1.056971644963270620e+02	2.663426143081517239e+01	1.564216561424070306e+01	3.478899636108070581e+02
2.372617266982774559e-02	1.027349503729866598e+02	2.615375446875386345e+01	1.544736700653822048e+01	3.357392678396134329e+02
2.422898130459259780e-02	9.985012938701234475e+01	2.567938437286764142e+01	1.525336599340591626e+01	3.240043432499333562e+02
2.474244553588843265e-02	9.704221029846183910e+01	2.521127644413056146e+01	1.506022868820801008e+01	3.126784171669571606e+02
2.526679117872631872e-02	9.430713296868334794e+01	2.474907492112700425e+01	1.486785924338632903e+01	3.017359672844316947e+02
2.580224883362318075e-02	9.164308555551406243e+01	2.429277390268331516e+01	1.467628557881883467e+01	2.911653590350368859e+02
2.634905398801689475e-02	8.904896253296672626e+01	2.384243698104897291e+01	1.448555378500802782e+01	2.809571637823532342e+02
2.690744711983068457e-02	8.652429930749755727e+01	2.339812567892323614e+01	1.429570134468834119e+01	2.711047307410258895e+02
2.747767380323228384e-02	8.406540123923271324e+01	2.295955533229658840e+01	1.410666492220199864e+01	2.615861776187942382e+02
2.805998481663422514e-02	8.167066587945780043e+01	2.252673393149265735e+01	1.391848189728316498e+01	2.523918025092443145e+02
2.865463625298309350e-02	7.933909986565009831e+01	2.209967405641457106e+01	1.373117538500359025e+01	2.435128182421250642e+02
2.926188963238583740e-02	7.707026256564562061e+01	2.167844706265774946e+01	1.354479034004875793e+01	2.349435525062134786e+02
2.988201201712300387e-02	7.486079509104732210e+01	2.126281745983748195e+01	1.335928607318716921e+01	2.266653336577964808e+02
3.051527612909937445e-02	7.270927974769213620e+01	2.085276436275510292e+01	1.317468465328282079e+01	2.186694072767092223e+02
3.116196046978347151e-02	7.061482406940736212e+01	2.044826372266175341e+01	1.299098807712061721e+01	2.109477644947940291e+02
3.182234944268905880e-02	6.857700910046106912e+01	2.004943676787590690e+01	1.280826927561845530e+01	2.034961837435591860e+02
3.249673347845206950e-02	6.659278412226568378e+01	1.965604852692278115e+01	1.262648323727560040e+01	1.962983338134021096e+02
3.318540916255835471e-02	6.466089440605551886e+01	1.926801789948694932e+01	1.244561678047629805e+01	1.893456927599341384e+02
3.388867936577820428e-02	6.278053823696086511e+01	1.888538299945369658e+01	1.226571194098361239e+01	1.826321396572786568e+02
3.460685337736497946e-02	6.095131637911369893e+01	1.850827865696148677e+01	1.208685785268894541e+01	1.761541424412625076e+02
3.534024704107661952e-02	5.917046073388170413e+01	1.813640907373079969e+01	1.190896806423578269e+01	1.698966765388161377e+02
3.608918289407971741e-02	5.743686029175824359e+01	1.776973090949798362e+01	1.173205140831227311e+01	1.638526561046371057e+02
3.685399030879719234e-02	5.574979494469842223e+01	1.740831539582847043e+01	1.155616699289916305e+01	1.580172993382918776e+02
3.763500563776207147e-02	5.410888349068974890e+01	1.705222552889217624e+01	1.138136187936209254e+01	1.523868637910847497e+02
3.843257236154112161e-02	5.251161683121524959e+01	1.670118026733369376e+01	1.120755314828361371e+01	1.469482175902226402e+02
3.924704123979310538e-02	5.095701065634691673e+01	1.635520088393548122e+01	1.103479020025008772e+01	1.416958802480586144e+02
4.007877046552850431e-02	4.944441823876411490e+01	1.601429939294898475e+01	1.086310188427426837e+01	1.366250333704849425e+02
4.092812582263813392e-02	4.797347496176224269e+01	1.567852927266678265e+01	1.069253376854766735e+01	1.317324228803526864e+02
4.179548084676026898e-02	4.654190888304339779e+01	1.534768981807250121e+01	1.052304964965962419e+01	1.270072315981603737e+02
4.268121698955689575e-02	4.514884737654404745e+01	1.502172843832480886e+01	1.035464370059990280e+01	1.224441141789402536e+02
4.358572378647117967e-02	4.379370967251153957e+01	1.470065637382989365e+01	1.018734514613869635e+01	1.180388144376344570e+02
4.450939902804028347e-02	4.247614649187118374e+01	1.438458387029256080e+01	1.002124194638368060e+01	1.137890907634039479e+02
4.545264893483848267e-02	4.119410289388786595e+01	1.407325246489725856e+01	9.856253387712644809e+00	1.096849296873813984e+02
4.641588833612779463e-02	3.994680466478662595e+01	1.376663085028766176e+01	9.692394325412701406e+00	1.057217965674417854e+02
4.739954085229469011e-02	3.873373031799005162e+01	1.346478158016226168e+01	9.529729881622397869e+00	1.018964983478363422e+02
4.840403908115278181e-02	3.755454482385139414e+01	1.316772940464728592e+01	9.368287062937023180e+00	9.820636711122972429e+01
4.942982478819387543e-02	3.640739165503423180e+01	1.287524847191035526e+01	9.208002078461049678e+00	9.464281981640205288e+01
5.047734910087089966e-02	3.529158329301046848e+01	1.258735256981083417e+01	9.048919841875774139e+00	9.120244910408813155e+01
5.154707270699779992e-02	3.420665153249784396e+01	1.230403031865770025e+01	8.891056963363899612e+00	8.788182505727152716e+01
5.263946605735428386e-02	3.315227463512591299e+01	1.202535317546596616e+01	8.734480800707393300e+00	8.467896950254925059e+01
5.375500957258409762e-02	3.212677736701488840e+01	1.175110928116634668e+01	8.579129573018514421e+00	8.158642250089009451e+01
5.489419385447772554e-02	3.112954856419783312e+01	1.148125635857922155e+01	8.425004564290592413e+00	7.860084415778584344e+01
5.605751990173300781e-02	3.016016789592959313e+01	1.121584085094680994e+01	8.272164637369485263e+00	7.571978776184512583e+01
5.724549933028778848e-02	2.921832608049602698e+01	1.095490761489555176e+01	8.120662816720040311e+00	7.294126253168650464e+01
5.845865459832211286e-02	2.830251341347168648e+01	1.069822519344676515e+01	7.970417407596983139e+00	7.025853509772480265e+01
5.969751923602879817e-02	2.741218596287990295e+01	1.044581747339819344e+01	7.821482338665597389e+00	6.766925882821404059e+01
6.096263808025296355e-02	2.654696641754400233e+01	1.019766473756208391e+01	7.673861867253298108e+00	6.517081470947928779e+01
6.225456751410456124e-02	2.570655719508246406e+01	9.953822320504329468e+00	7.527620833025499003e+00	6.276150455693613850e+01
6.357387571164835327e-02	2.488959964210525300e+01	9.714096663243235952e+00	7.382701104713427220e+00	6.043575423991887874e+01
6.492114288777969811e-02	2.409560900495761260e+01	9.478459454609248880e+00	7.239115409399953016e+00	5.819117424161262875e+01
6.629696155339574737e-02	2.332424663202558790e+01	9.246952582517289798e+00	7.096920685751849867e+00	5.602592003294169132e+01
6.770193677597398374e-02	2.257522595042541980e+01	9.019578658893465217e+00	6.956138462191470140e+00	5.393806455482224749e+01
6.913668644567325106e-02	2.184732607055916631e+01	8.796161536664536484e+00	6.816719546368174676e+00	5.192295964318562085e+01
7.060184154707406512e-02	2.114011431162303722e+01	8.576697842180633913e+00	6.678695817010924074e+00	4.997863145957455799e+01
7.209804643667737378e-02	2.045328677258281047e+01	8.361183169251663827e+00	6.542088778090114687e+00	4.810316905022396838e+01
7.362595912628441819e-02	1.978656724423780133e+01	8.149659285258865182e+00	6.406954335389320576e+00	4.629516880914795962e+01
7.518625157238204015e-02	1.913886042942478483e+01	7.941930197182512252e+00	6.273218826277622284e+00	4.455047219957103977e+01
7.677960997166025092e-02	1.850977944772358441e+01	7.737995452189763590e+00	6.140916880811498224e+00	4.286725896160542959e+01
7.840673506279315086e-02	1.789905165701049938e+01	7.537869041957191207e+00	6.010086683698093957e+00	4.124413678225923263e+01
8.006834243461452560e-02	1.730641057713117803e+01	7.341554926851529217e+00	5.880754365451486443e+00	3.967959082071091359e+01
8.176516284082480102e-02	1.673087538953431874e+01	7.148896434476944783e+00	5.752872539006439467e+00	3.817022706479002636e+01
8.349794252136732986e-02	1.617209947178232099e+01	6.959866938299811068e+00	5.626452715101052604e+00	3.671424542589500106e+01
8.526744353061486981e-02	1.562983833916443643e+01	6.774499737783212794e+00	5.501550482939572717e+00	3.531067912935699127e+01
8.707444407251174745e-02	1.510383456963277560e+01	6.592778937179123666e+00	5.378176407184268371e+00	3.395797794723252849e+01
8.891973884281766105e-02	1.459321173183819376e+01	6.414560194646169222e+00	5.256287416561706394e+00	3.265325595118206081e+01
9.080413937860487561e-02	1.409765855113998434e+01	6.239826519086728140e+00	5.135904241359204647e+00	3.139505822607114283e+01
9.272847441516200717e-02	1.361695598310118882e+01	6.068584850533433439e+00	5.017056339253120001e+00	3.018234688270539579e+01
9.469359025046093781e-02	1.315085485898845086e+01	5.900842566739696871e+00	4.899778218673786157e+00	2.901395820498401434e+01
9.670035111734798239e-02	1.269857408654998032e+01	5.736442145792456593e+00	4.784009968637329635e+00	2.788723560497221499e+01
9.874963956362264872e-02	1.225983335264134588e+01	5.575378804098487961e+00	4.669779885553749565e+00	2.680102435916224479e+01
1.008423568401705106e-01	1.183443690562403994e+01	5.417648080209207961e+00	4.557106869888105649e+00	2.575430523575020558e+01
1.029794232973221257e-01	1.142214224375297249e+01	5.263259001519648983e+00	4.446031951562628315e+00	2.474618104822298648e+01
1.051617787896111378e-01	1.102225618439361376e+01	5.112058076655946692e+00	4.336489281836311882e+00	2.377419836202783188e+01
1.073903830891107247e-01	1.063452523326132138e+01	4.964042165064192602e+00	4.228506714852477089e+00	2.283749429859347302e+01
1.096662163075285135e-01	1.025877481831590288e+01	4.819205006485924869e+00	4.122103691987303975e+00	2.193513063037939759e+01
1.119902793272475605e-01	9.894768251760423183e+00	4.677547320340277537e+00	4.017315579032758599e+00	2.106623515249630074e+01
1.143635942415015677e-01	9.541892869689622358e+00	4.538924541243927635e+00	3.914072272844477229e+00	2.022879427366682137e+01
1.167872048038782751e-01	9.199918544762004657e+00	4.403335490214317360e+00	3.812408752103397802e+00	1.942198658610633544e+01
1.192621768873494831e-01	8.868689208416434155e+00	4.270771976091593203e+00	3.712340848942456528e+00	1.864503824513301211e+01
1.217895989530276418e-01	8.547975578979345457e+00	4.141223078259466561e+00	3.613888600721882227e+00	1.789713117446845914e+01
1.243705825288575900e-01	8.237236385756700585e+00	4.014562653436074768e+00	3.517000565478392460e+00	1.717656425995069114e+01
1.270062626984522769e-01	7.936262627136707160e+00	3.890780587385597844e+00	3.421696240864095184e+00	1.648258168760904496e+01
1.296977986002878502e-01	7.644914411235431473e+00	3.769868045308769400e+00	3.327990387991914378e+00	1.581456533040116597e+01
1.324463739374786009e-01	7.362971091729535900e+00	3.651812597066435018e+00	3.235906671145146074e+00	1.517172087038254702e+01
1.352531974983535168e-01	7.089954682589265644e+00	3.536492278187488569e+00	3.145384841797640441e+00	1.455262259632073629e+01
1.381195036880665805e-01	6.825675296329510644e+00	3.423894872545024448e+00	3.056445025823514960e+00	1.395659637932097397e+01
1.410465530714722360e-01	6.570007198181960106e+00	3.314016636814796968e+00	2.969106308724456245e+00	1.338308839123064686e+01
1.440356329275057634e-01	6.322739302587175203e+00	3.206833679837191031e+00	2.883377730085343149e+00	1.283145102499931767e+01
1.470880578153118678e-01	6.083449706406097945e+00	3.102237080487967535e+00	2.799209250877795707e+00	1.230037751568865723e+01
1.502051701523716420e-01	5.851965832187381977e+00	3.000206503068272301e+00	2.716608218144003217e+00	1.178932772710812138e+01
1.533883408048797858e-01	5.628174357072377454e+00	2.900743097569751239e+00	2.635599150164724236e+00	1.129782182381601707e+01
1.566389696906345663e-01	5.411874423880568052e+00	2.803814301002223175e+00	2.556182301589328354e+00	1.082522335830709714e+01
1.599584863947036695e-01	5.202693820563210281e+00	2.709323425165607979e+00	2.478312392380527029e+00	1.037049715535878747e+01
1.633483507981373095e-01	5.000475665001750336e+00	2.617244263758345291e+00	2.401990056172925936e+00	9.933081257897143246e+00
1.668100537200059019e-01	4.805117540628750739e+00	2.527581031378894671e+00	2.327241576375403298e+00	9.512643828573050797e+00
1.703451175730422984e-01	4.616429273270759914e+00	2.440293335305101952e+00	2.254058392196755189e+00	9.108552236131901125e+00
1.739550970331800450e-01	4.434082672117692248e+00	2.355289752599188713e+00	2.182393042748635992e+00	8.719924286792389623e+00
1.776415797232799298e-01	4.257935106693011562e+00	2.272551905239940773e+00	2.112255522256708762e+00	8.346315641478108560e+00
1.814061869113461622e-01	4.087893772971719741e+00	2.192070755208682886e+00	2.043654341693023735e+00	7.987367736390089235e+00
1.852505742235391883e-01	3.923779457094140444e+00	2.113812377080206417e+00	1.976587281004557273e+00	7.642571957593459864e+00
1.891764323722997243e-01	3.765302963101960998e+00	2.037688550656456599e+00	1.911004603727853413e+00	7.311156160937944293e+00
1.931854878999012814e-01	3.612334622910981619e+00	1.963677247579926677e+00	1.846909449449495311e+00	6.992705760001563853e+00
1.972795039377621684e-01	3.464790138573687450e+00	1.891773598313140070e+00	1.784315008791352852e+00	6.686964748049604168e+00
2.014602809818480389e-01	3.322501386124291578e+00	1.821936291924288964e+00	1.723208295842550086e+00	6.393424794590440996e+00
2.057296576845067948e-01	3.185213711492921096e+00	1.754085975592396762e+00	1.663544374820644878e+00	6.111442507986486028e+00
2.100895116630852322e-01	3.052809259820914445e+00	1.688199788065823048e+00	1.605322507878593985e+00	5.840674208524179178e+00
2.145417603256798700e-01	2.925211295574100756e+00	1.624269485199686835e+00	1.548551811391669197e+00	5.580854344238204590e+00
2.190883617143895290e-01	2.802262793146954145e+00	1.562253841377157393e+00	1.493216282585036581e+00	5.331574411658816182e+00
2.237313153664367560e-01	2.683739697909313104e+00	1.502079609729008780e+00	1.439273189227173733e+00	5.092263467939695865e+00
2.284726631935388719e-01	2.569534943605516375e+00	1.443720178475484506e+00	1.386714643184834062e+00	4.862605305001518552e+00
2.333144903799153069e-01	2.459578557302287916e+00	1.387171276137569409e+00	1.335553973530993366e+00	4.642409886215355108e+00
2.382589262993237145e-01	2.353724519303664664e+00	1.332385956213065104e+00	1.285765459511660103e+00	4.431274734956582861e+00
2.433081454515323150e-01	2.251775885614015760e+00	1.279297372013640466e+00	1.237308847907370613e+00	4.228718119037056411e+00
2.484643684186368384e-01	2.153635466054195646e+00	1.227882858667207699e+00	1.190179347430855961e+00	4.034493956257846570e+00
2.537298628416438939e-01	2.059239373959811381e+00	1.178129083634447349e+00	1.144376962970497402e+00	3.848388821554980410e+00
2.591069444177515613e-01	1.968452420629544175e+00	1.129995148718755171e+00	1.099881563827369346e+00	3.670078174177910046e+00
2.645979779187619951e-01	1.881101686463166001e+00	1.083416148940945289e+00	1.056649711914987799e+00	3.499145680889712118e+00
2.702053782310787078e-01	1.797099043787048434e+00	1.038369542535543921e+00	1.014674568016734391e+00	3.335362781803327348e+00
2.759316114177428059e-01	1.716386122490564770e+00	9.948419780708067650e-01	9.739551989738127746e-01	3.178552982993093412e+00
2.817791958029755572e-01	1.638838321449212376e+00	9.527923794412546110e-01	9.344684356348885723e-01	3.028435152970190281e+00
2.877507030797054055e-01	1.564304015698700479e+00	9.121614373018497313e-01	8.961731021056439372e-01	2.884640142091638104e+00
2.938487594405665426e-01	1.492703413440832128e+00	8.729247465550161733e-01	8.590577875909434225e-01	2.746969200353594598e+00
3.000760467328633108e-01	1.423983181736505177e+00	8.350693861565234855e-01	8.231202453748115433e-01	2.615284365876468620e+00
3.064353036380134121e-01	1.358029006952535145e+00	7.985540043788071918e-01	7.883347432141363242e-01	2.489312264687740583e+00
3.129293268759847368e-01	1.294708143890084040e+00	7.633246046296930931e-01	7.546619460993325701e-01	2.368753346840495322e+00
3.195609724352570513e-01	1.233948485280223606e+00	7.293569677782946181e-01	7.220888542145408318e-01	2.253436560839574110e+00
3.263331568288500573e-01	1.175701331945082417e+00	6.966374524977542171e-01	6.906109380624010363e-01	2.143227237696443854e+00
3.332488583769670498e-01	1.119862309761629593e+00	6.651259910638661621e-01	6.602012041085587590e-01	2.037895162560402706e+00
3.403111185168231634e-01	1.066315415907750141e+00	6.347723699742239267e-01	6.308210066745323363e-01	1.937184808620306509e+00
3.475230431402304698e-01	1.014995641183526365e+00	6.055533580158454221e-01	6.024564345734640947e-01	1.840940837053487877e+00
3.548878039595292910e-01	9.658585782701794020e-01	5.774549763603099573e-01	5.751013492390888437e-01	1.749050103158879876e+00
3.624086399024666338e-01	9.188094047344811388e-01	5.504385905652052768e-01	5.487277793022923289e-01	1.661312774848951346e+00
3.700888585366366446e-01	8.737469663944904541e-01	5.244572449396427416e-01	5.232974620098282958e-01	1.577503027042873596e+00
3.779318375241043637e-01	8.306128199555258274e-01	4.994903295865604220e-01	4.987982035344005194e-01	1.497492059949878440e+00
3.859410261068597081e-01	7.893665578213947542e-01	4.755218090292023247e-01	4.752192928596430943e-01	1.421178524925430509e+00
3.941199466237500504e-01	7.499224871035560236e-01	4.525152250185323632e-01	4.525333946180625233e-01	1.348386634578563337e+00
4.024721960595590287e-01	7.121926219187730833e-01	4.304288415649509258e-01	4.307054871909269944e-01	1.278926383680073053e+00
4.110014476269163164e-01	6.761245980025347713e-01	4.092408350521928306e-01	4.097198051698018317e-01	1.212680744665241672e+00
4.197114523817274123e-01	6.416817534442150750e-01	3.889383444428385905e-01	3.895689408209347393e-01	1.149571709868753899e+00
4.286060408728412652e-01	6.087870735623085450e-01	3.694833493148089731e-01	3.702201643726675262e-01	1.089434092138711785e+00
4.376891248266767120e-01	5.773642469769758589e-01	3.508409587843720479e-01	3.516452178866366074e-01	1.032113416587662869e+00
4.469646988675492483e-01	5.473665382642772803e-01	3.329890331136374781e-01	3.338256544800963233e-01	9.775071500393057722e-01
4.564368422744575216e-01	5.187608052549179671e-01	3.159139521217372848e-01	3.167518496818058082e-01	9.255418562118933323e-01
4.661097207750954374e-01	4.914782354875115722e-01	2.995829773950233754e-01	3.003961647924680567e-01	8.760833824397675773e-01
4.759875883778879602e-01	4.654528608285667945e-01	2.839616246403987576e-01	2.847274228688517206e-01	8.289917149479746339e-01
4.860747892428489703e-01	4.406431539672684417e-01	2.690309186795108998e-01	2.697302815557951483e-01	7.841829128648633018e-01
4.963757595920870180e-01	4.170192858359313415e-01	2.547783432411344084e-01	2.553956171784481088e-01	7.415953862274656805e-01
5.068950296608012440e-01	3.945201497088862141e-01	2.411711093489382618e-01	2.416928992686435962e-01	7.011056249859268785e-01
5.176372256896176749e-01	3.730889311626378047e-01	2.281803396558760855e-01	2.285964005455607684e-01	6.626015080032743310e-01
5.286070719591531297e-01	3.526889134019837724e-01	2.157884156515903207e-01	2.160912315456826327e-01	6.260102682296836418e-01
5.398093928676924724e-01	3.332933859164723400e-01	2.039817313621542783e-01	2.041653501252137792e-01	5.912733623950767736e-01
5.512491150528981976e-01	3.148484349956814921e-01	1.927317246602914813e-01	1.927922749413732983e-01	5.582885150574760091e-01
5.629312695584811621e-01	2.973053339031796471e-01	1.820127085700526948e-01	1.819483710749381922e-01	5.269621298776118179e-01
5.748609940467923618e-01	2.806317971641144604e-01	1.718074473621983567e-01	1.716177566104659380e-01	4.972278457006010788e-01
5.870435350582976497e-01	2.648040443305293423e-01	1.621040559825236427e-01	1.617899541442291145e-01	4.690377712177740133e-01
5.994842503189414806e-01	2.497748303834203820e-01	1.528766798718690367e-01	1.524403723296644531e-01	4.423031806551429024e-01
6.121886110964055439e-01	2.355025584348601486e-01	1.441022108711143557e-01	1.435468584564541517e-01	4.169455755875585701e-01
6.251622046063020077e-01	2.219590096105369392e-01	1.357650536444476863e-01	1.350945961941985851e-01	3.929082396704692282e-01
6.384107364693620834e-01	2.091231470243192780e-01	1.278543912428913021e-01	1.270737578341652463e-01	3.701504250615393898e-01
6.519400332206916060e-01	1.969538632429851110e-01	1.203471397795344566e-01	1.194619468757582847e-01	3.485960244319150081e-01
6.657560448722088520e-01	1.854158284862413575e-01	1.132228478167989771e-01	1.122390031867787491e-01	3.281777660196916746e-01
6.798648475293831428e-01	1.744845381213361302e-01	1.064676465050782284e-01	1.053914178494971682e-01	3.088494308701868474e-01
6.942726460634290886e-01	1.641415113687703653e-01	1.000715018287781227e-01	9.890964678699001866e-02	2.905756949621954854e-01
7.089857768401280902e-01	1.543512457923503223e-01	9.401379171435587934e-02	9.277320822247936416e-02	2.732910656534640603e-01
7.240107105064845783e-01	1.450839005319904673e-01	8.827719000579101194e-02	8.696493948467354240e-02	2.569403978682913703e-01
7.393540548364295750e-01	1.363183438054735852e-01	8.284936532878689475e-02	8.147257259978418764e-02	2.414838342530976067e-01
7.550225576368376768e-01	1.280384612945079381e-01	7.772100281592614346e-02	7.628680330617793048e-02	2.268912457124761528e-01
7.710231097151263313e-01	1.202138271671022579e-01	7.287402415984095549e-02	7.138943533492966842e-02	2.131071350523036922e-01
7.873627479097432547e-01	1.128193869661039128e-01	6.829366090591991456e-02	6.676563612748794008e-02	2.000864398127787658e-01
8.040486581848822478e-01	1.058370514984872113e-01	6.396921629608461057e-02	6.240461236482688218e-02	1.877959751186565607e-01
8.210881787907730045e-01	9.925288079554141218e-02	5.989229825311803701e-02	5.829778242136393618e-02	1.762093407277835477e-01
8.384888034909533383e-01	9.304100729884091925e-02	5.604722595662000456e-02	5.442916768881036343e-02	1.652799014113381371e-01
8.562581848579297050e-01	8.718052915209607845e-02	5.242129797999408453e-02	5.078575185121712160e-02	1.549701616439965735e-01
8.744041376386801900e-01	8.165608131308221829e-02	4.900522691734440078e-02	4.735803153052393910e-02	1.452522968058848063e-01
8.929346421914835519e-01	7.645570468234230699e-02	4.579179070324883305e-02	4.413859660473846980e-02	1.361045553307087541e-01
9.118578479955742333e-01	7.155758742850698573e-02	4.276759848327995467e-02	4.111366376595450289e-02	1.274883303616384522e-01
9.311820772351820930e-01	6.694440956236635820e-02	3.992197441489026694e-02	3.827220778191330747e-02	1.193728245829695084e-01
9.509158284595223831e-01	6.260322510360208370e-02	3.724690774318793751e-02	3.560594892557313734e-02	1.117345584283941373e-01
9.710677803203476843e-01	5.852386267604350184e-02	3.473606188534848760e-02	3.310822816794861678e-02	1.045552190133785947e-01
9.916467953887124764e-01	5.468808499044290616e-02	3.237808715406121501e-02	3.076731415851965273e-02	9.780252037165523826e-02
1.012661924052612461e+00	5.108164166582250532e-02	3.016411791100374190e-02	2.857402716552051233e-02	9.145134995524528687e-02
1.034122408497234025e+00	4.769371587646735466e-02	2.808736813912138253e-02	2.652125241014343868e-02	8.548254614240853588e-02
1.056037686769547568e+00	4.451573352273226897e-02	2.614248026734778546e-02	2.460338641238957180e-02	7.988092041797766052e-02
1.078417396929040706e+00	4.153257698265445941e-02	2.431993999980140361e-02	2.281054757876626801e-02	7.461985224066462752e-02
1.101271381286411888e+00	3.873260786956997381e-02	2.261240397747942693e-02	2.113507219437150281e-02	6.967889399741933332e-02
1.124609690732098155e+00	3.610686578971004229e-02	2.101419518775770115e-02	1.957100128201559944e-02	6.504231917191174994e-02
1.148442589156521310e+00	3.364818872800567906e-02	1.952078304989588245e-02	1.811356275056899903e-02	6.069764988715319748e-02
1.172780557964020254e+00	3.134415440837663019e-02	1.812431580590929958e-02	1.675460517143704739e-02	5.662312118551622586e-02
1.197634300682437924e+00	2.918533009617752319e-02	1.681882609227533174e-02	1.548791986504983141e-02	5.280226083174555107e-02
1.223014747670394531e+00	2.716435815558405908e-02	1.559958579833024134e-02	1.430851283573762213e-02	4.922217062624253264e-02
1.248933060924324545e+00	2.527531130629132733e-02	1.446281227347696874e-02	1.321239812481213478e-02	4.587254009780798031e-02
1.275400638987373769e+00	2.350807213278290758e-02	1.340210228633434940e-02	1.219295147588492396e-02	4.273573479397202446e-02
1.302429121962336289e+00	2.185505531646174393e-02	1.241261860747018900e-02	1.124512727688611533e-02	3.979854933663692224e-02
1.330030396630823342e+00	2.031027293392179828e-02	1.149052578623661024e-02	1.036491263798409307e-02	3.705055947735174521e-02
1.358216601680917401e+00	1.886886527357974075e-02	1.063268736390618301e-02	9.548983602563468343e-03	3.448336422889012459e-02
1.387000133045610317e+00	1.752266534030215428e-02	9.833944587842192303e-03	8.792041735954166104e-03	3.208275444786563846e-02
1.416393649354382722e+00	1.626562202374643579e-02	9.090424966083870614e-03	8.090060231079675840e-03	2.983819959715355852e-02
1.446410077500298819e+00	1.509290577408831623e-02	8.399033144358903497e-03	7.439807802689282767e-03	2.774133975412926972e-02
1.477062618325094778e+00	1.400056943235623505e-02	7.757237926141021672e-03	6.838638716115773633e-03	2.578539292829449409e-02
1.508364752424737887e+00	1.298207913055352686e-02	7.160889372709770308e-03	6.282289937936201725e-03	2.395897476682654764e-02
1.540330246078020826e+00	1.203264662407445805e-02	6.606955752568539030e-03	5.767651699057906554e-03	2.225380040207347934e-02
1.572973157300799230e+00	1.114841164943991027e-02	6.092962315629978261e-03	5.292154048431129201e-03	2.066318990685631421e-02
1.606307842028519950e+00	1.032619818147348205e-02	5.616859269409819194e-03	4.853658232187646991e-03	1.918166754689399484e-02
1.640348960429783842e+00	9.560825359843099988e-03	5.175395772992343046e-03	4.448874130624822822e-03	1.780024177271888330e-02
1.675111483353698638e+00	8.848535031622419347e-03	4.766181115660403540e-03	4.075355736958900278e-03	1.651237003717649296e-02
1.710610698913865635e+00	8.186269366417831331e-03	4.387266586536465139e-03	3.731104778966054698e-03	1.531274433904991281e-02
1.746862219211904321e+00	7.571496518722698084e-03	4.037024145274512206e-03	3.414436388216076767e-03	1.419700950647227559e-02
1.783881987203444153e+00	7.000144740164299453e-03	3.712918211183806067e-03	3.122815555289333318e-03	1.315808628709540934e-02
1.821686283709640364e+00	6.469288354435899155e-03	3.413102998533030889e-03	2.854373757013435771e-03	1.219088659143888198e-02
1.860291734577268707e+00	5.976526745264530011e-03	3.136063494940338845e-03	2.607577940623118269e-03	1.129125930409122409e-02
1.899715317990559260e+00	5.519860093403917978e-03	2.880529333037738608e-03	2.381131683033065310e-03	1.045577790377827561e-02
1.939974371937992492e+00	5.096116292791978523e-03	2.644534725327469561e-03	2.173091237549360216e-03	9.678879412088727333e-03
1.981086601837313665e+00	4.703036177729484624e-03	2.426663536480040857e-03	1.982041840802706897e-03	8.956606343994319777e-03
2.023070088322156401e+00	4.338751697589221697e-03	2.225749153328908988e-03	1.806820450170111472e-03	8.285724785849770194e-03
2.065943295193674256e+00	4.001697507812764301e-03	2.040802615007069557e-03	1.646429848656260318e-03	7.663525747876603553e-03
2.109725077540682392e+00	3.689423663663391004e-03	1.870330635229727019e-03	1.499419434249570646e-03	7.085719487237555729e-03
2.154434690031884259e+00	3.400199654092877968e-03	1.713263654166792592e-03	1.364737555987914977e-03	6.549281982637700922e-03
2.200091795383838367e+00	3.132584454673668396e-03	1.568707823725230951e-03	1.241505744741239117e-03	6.051683731184057287e-03
2.246716473008353532e+00	2.885363627788734790e-03	1.435903400796391394e-03	1.128969982428741940e-03	5.590818886061891396e-03
2.294329227843169949e+00	2.656660993976951886e-03	1.313723215448381722e-03	1.026054629593272250e-03	5.163384043352589776e-03
2.342950999369765697e+00	2.445161460587895897e-03	1.201366932263869987e-03	9.319867306960774199e-04	4.767072493924330925e-03
2.392603170822269476e+00	2.249762866387582105e-03	1.098160441788183011e-03	8.461148412523266131e-04	4.399952692061369526e-03
2.443307578591545681e+00	2.069531136930574406e-03	1.003526728686505260e-03	7.678776044322680513e-04	4.060378431676117499e-03
2.495086521828544068e+00	1.903041381430297350e-03	9.166226988210642414e-04	6.964852278564165116e-04	3.745827263269352250e-03
2.547962772251191943e+00	1.749301946962609653e-03	8.368555761167004170e-04	6.313767054940545680e-04	3.454553013871944356e-03
2.601959584159102334e+00	1.607476849853982370e-03	7.637209770845940736e-04	5.720734074452574203e-04	3.185077891453473239e-03
2.657100704660517732e+00	1.476853670478303930e-03	6.967874865375431456e-04	5.181649017618546356e-04	2.936139708177729502e-03
2.713410384115983121e+00	1.356358994463277134e-03	6.354306794415296019e-04	4.690780420110221539e-04	2.705821545110478205e-03
2.770913386803353973e+00	1.245250718428289778e-03	5.792150337322321801e-04	4.244098526824039005e-04	2.492808042473552456e-03
2.829635001808795014e+00	1.142899876383240889e-03	5.277660399402138306e-04	3.838114520397701060e-04	2.295973457147260349e-03
2.889601054148607684e+00	1.048767508603396089e-03	4.807655248768844371e-04	3.469878705381061095e-04	2.114365573350305595e-03
2.950837916126738403e+00	9.620513263018827662e-04	4.377555693942643896e-04	3.135277703162147548e-04	1.946539153350024037e-03
3.013372518932980082e+00	8.822000635967796201e-04	3.984171368503056413e-04	2.831422051516186821e-04	1.791502263338752218e-03
3.077232364486974792e+00	8.087442142811492691e-04	3.624774302653147972e-04	2.555834362339596362e-04	1.648412306882252607e-03
3.142445537533192557e+00	7.412792313565768699e-04	3.297033637238477909e-04	2.306404930696586981e-04	1.516550900628378272e-03
3.209040717992251324e+00	6.792100318073320203e-04	2.997612613192910270e-04	2.080208646422167424e-04	1.394826828825440406e-03
3.277047193573979555e+00	6.221300310124446009e-04	2.724207913842642157e-04	1.875207865285521882e-04	1.282502575656105067e-03
3.346494872657771680e+00	5.696914085124110639e-04	2.474860117211696029e-04	1.689673960661565531e-04	1.178955807898818134e-03
3.417414297445926952e+00	5.215927886559217942e-04	2.247850764555566448e-04	1.522083112323507946e-04	1.083638154987201074e-03
3.489836657395697816e+00	4.773960247651413209e-04	2.040787129354789428e-04	1.370396245239055859e-04	9.957418112380804747e-04
3.563793802936028321e+00	4.368033042985465780e-04	1.852030156279377954e-04	1.233202789576748359e-04	9.147270454789310041e-04
3.639318259474964901e+00	3.995588335979040275e-04	1.680156252361783250e-04	1.109273738751631052e-04	8.401208232264158280e-04
3.716443241703908829e+00	3.654397110123404845e-04	1.523933844623432169e-04	9.975520557957632119e-05	7.715160412371226345e-04
3.795202668205029717e+00	3.341256249531073886e-04	1.381659017755086118e-04	8.966232483569548856e-05	7.083185014797497518e-04
3.875631176368202979e+00	3.053998784034100489e-04	1.252159317883648091e-04	8.055039056869730391e-05	6.501251317047166724e-04
3.957764137624104617e+00	2.790756739887498413e-04	1.134432860079338936e-04	7.233586787157277531e-05	5.965922119945107687e-04
4.041637673000112230e+00	2.549892816880335294e-04	1.027590135897685214e-04	6.494402370772865837e-05	5.474170935419442850e-04
4.127288669005872102e+00	2.329081305000489860e-04	9.304288470241932330e-05	5.827824036939249460e-05	5.021605461709077387e-04
4.214754793855508552e+00	2.126755446216712264e-04	8.421270152446332969e-05	5.227165207117749824e-05	4.605286575589714990e-04
4.304074514033643162e+00	1.941560281654113171e-04	7.619685505174281595e-05	4.686585872468731161e-05	4.222672525679372008e-04
4.395287111212434539e+00	1.772300996511636320e-04	6.893325228812421490e-05	4.201081511730243720e-05	3.871550281059259278e-04
4.488432699527177050e+00	1.617299991634498630e-04	6.233700383072166549e-05	3.764004316171755274e-05	3.548696604398267492e-04
4.583552243217979161e+00	1.475431328713439527e-04	5.635067558674713647e-05	3.370820797804628037e-05	3.251984515732375832e-04
4.680687574645305382e+00	1.345718477214520050e-04	5.092448293346997696e-05	3.017620353376998093e-05	2.979552236207306322e-04
4.779881412687339015e+00	1.227294917006942091e-04	4.601421974104019359e-05	2.700924209777491087e-05	2.729757744949903929e-04
4.881177381527165515e+00	1.118958131933974381e-04	4.156118087382564604e-05	2.416298863192344092e-05	2.500275396518784107e-04
4.984620029838152888e+00	1.019903636691742469e-04	3.752537210996623700e-05	2.160685195948383589e-05	2.289555739395459874e-04
5.090254850375883322e+00	9.294319445763483034e-05	3.387225137818830866e-05	1.931450325881674227e-05	2.096258628123302218e-04
5.198128299985286915e+00	8.469182951299084115e-05	3.057088907598764306e-05	1.726248776247051809e-05	1.919170118504825626e-04
5.308287820031761584e+00	7.715058836900689490e-05	2.758077247638617498e-05	1.542117657418144440e-05	1.756613910458329735e-04
5.420781857265304815e+00	7.026230451425452312e-05	2.487436518040449351e-05	1.377022093850248052e-05	1.607470670266135458e-04
5.535659885126738011e+00	6.397716574228442697e-05	2.242780651902339108e-05	1.229203343785139206e-05	1.470773469567957469e-04
5.652972425505520704e+00	5.825037434227566262e-05	2.021968391847137641e-05	1.097096252369404035e-05	1.345642134929337210e-04
5.772771070958623518e+00	5.302123193603131359e-05	1.822214500254217898e-05	9.787299006831106477e-06	1.230863312090843358e-04
5.895108507400270703e+00	4.824932613714902368e-05	1.641635687558880692e-05	8.727599883474655861e-06	1.125636739122879527e-04
6.020038537272556667e+00	4.389938078891227096e-05	1.478604632692115097e-05	7.780330782422464385e-06	1.029269654781547234e-04
6.147616103207036886e+00	3.993943950085915285e-05	1.331635248030163911e-05	6.934953842240192866e-06	9.411203200621257709e-05
6.277897312187818990e+00	3.632673735333999068e-05	1.198837919077343888e-05	6.178622239057629061e-06	8.603230913476972246e-05
6.410939460226692255e+00	3.303284502283201332e-05	1.078928902164034004e-05	5.502480634743422282e-06	7.863040828047682086e-05
6.546801057561175696e+00	3.003291179145815520e-05	9.708056364762715010e-06	4.899023248304191204e-06	7.185666167321472491e-05
6.685541854386596761e+00	2.730425096572693759e-05	8.734428359850858814e-06	4.361210746885044054e-06	6.566490832118004406e-05
6.827222867133428963e+00	2.481689029135017441e-05	7.855655402821078823e-06	3.880711370243053900e-06	5.999333763898189066e-05
6.971906405301561804e+00	2.255092179598299520e-05	7.063077623020165327e-06	3.451776479289083076e-06	5.480116408282410259e-05
7.119656098863218929e+00	2.048892638836964861e-05	6.349158228937212954e-06	3.069037303585330758e-06	5.005281207236297582e-05
7.270536926246596643e+00	1.861486957029586756e-05	5.707023370800337313e-06	2.729189754061117189e-06	4.571531805917784347e-05
7.424615242912579127e+00	1.690785038894334437e-05	5.128050081272106528e-06	2.425600607599404446e-06	4.174465014588017161e-05
7.581958810536977289e+00	1.535398764518150291e-05	4.606430933374380025e-06	2.154960836397583643e-06	3.811206969957930279e-05
7.742636826811277295e+00	1.394112903476633897e-05	4.137076682831633537e-06	1.913729820023994491e-06	3.479209982730993323e-05
7.906719955874896399e+00	1.265798828802431795e-05	3.715348721844027515e-06	1.699915732773599976e-06	3.176119319827755595e-05
8.074280359392364659e+00	1.149006007136543713e-05	3.335473230235506671e-06	1.509095777321639494e-06	2.898828816805444918e-05
8.245391728289099831e+00	1.042770411465744031e-05	2.993577924526200567e-06	1.339208157553022382e-06	2.645291892728593225e-05
8.420129315159766037e+00	9.462480607844649493e-06	2.685787205290678245e-06	1.187728470863470698e-06	2.413723441160211454e-05
8.598569967363353328e+00	8.586474514806932245e-06	2.410385578437323772e-06	1.054098072391967027e-06	2.202428768241061297e-05
8.780792160819700598e+00	7.789666209582617071e-06	2.162122135638051234e-06	9.347566249636220790e-07	2.009222567150853247e-05
8.966876034522190508e+00	7.065385214141923847e-06	1.938895996649487141e-06	8.282317455512582826e-07	1.832674134982890748e-05
9.156903425781846906e+00	6.407414481119018468e-06	1.738127692414616281e-06	7.342091212214084260e-07	1.671508313515558447e-05
9.350957906218383187e+00	5.811363361662109914e-06	1.558655100319925372e-06	6.508574696837497409e-07	1.524528296542344734e-05
9.549124818513869073e+00	5.269200272310051773e-06	1.397012523104875101e-06	5.761797510519833766e-07	1.390204651681756532e-05
9.751491313945386707e+00	4.776705825307919133e-06	1.251799085063555624e-06	5.101003476143109458e-07	1.267519502003702332e-05
9.958146390713055851e+00	4.329639548246274735e-06	1.121459382506309729e-06	4.520543029651023682e-07	1.155546365194908275e-05
1.016918093308028581e+01	3.924807924674383536e-06	1.004773918296001105e-06	3.997753362084466748e-07	1.053553046095602928e-05
1.038468775134352740e+01	3.556832021487542833e-06	8.998970538702232882e-07	3.537366970989410441e-07	9.603475709480467068e-06
1.060476162264905220e+01	3.222770181050461584e-06	8.053893830178619919e-07	3.129533060029025518e-07	8.752602716347862843e-06
1.082949933267470577e+01	2.919866451990670409e-06	7.213824287359072916e-07	2.768242276685580701e-07	7.976703544796445966e-06
1.105899971819510696e+01	2.645434986565775419e-06	6.458238210349381362e-07	2.447798045367347910e-07	7.269702824872909924e-06
1.129336371054865928e+01	2.396266258682658191e-06	5.776283780074478654e-07	2.163722416188140289e-07	6.624172516610278634e-06
1.153269438002595848e+01	2.170190401981685568e-06	5.167044482508988911e-07	1.912499274448235562e-07	6.035098719115126331e-06
1.177709698119876869e+01	1.965323585885820657e-06	4.622769865352120148e-07	1.688791195663703747e-07	5.498230249688114396e-06
1.202667899920963279e+01	1.779803049402850813e-06	4.134891803216677188e-07	1.492960029711627367e-07	5.009177828282208377e-06
1.228155019704247053e+01	1.611450297103485363e-06	3.697576341503077340e-07	1.318394204793623171e-07	4.562841988955508240e-06
1.254182266379493349e+01	1.458781525709493554e-06	3.306333610312984028e-07	1.164328434329350770e-07	4.155731777313980976e-06
1.280761086397376225e+01	1.320512875613972795e-06	2.956086785390968789e-07	1.026854459769817465e-07	3.784828185932827880e-06
1.307903168783481007e+01	1.195356957642566662e-06	2.642217593952555315e-07	9.058955543420868266e-08	3.447109179956799041e-06
1.335620450278989146e+01	1.081839231094383896e-06	2.361101790772133286e-07	8.002941661428926576e-08	3.138981516228481851e-06
1.363925120590300821e+01	9.785363366783454055e-07	2.109996137182996582e-07	7.070021847239967258e-08	2.858050708829483404e-06
1.392829627749924271e+01	8.858107515556988107e-07	1.883833230778215562e-07	6.219827091005516202e-08	2.602205679666982755e-06
1.422346683590943783e+01	8.015406164639676179e-07	1.683878255983497245e-07	5.491616408178321435e-08	2.369311453257816350e-06
1.452489269337533528e+01	7.247034919656745050e-07	1.503678075071428999e-07	4.847541634585221714e-08	2.156914553688590572e-06
1.483270641313931115e+01	6.555404326531703306e-07	1.343002363745387132e-07	4.279078674509053401e-08	1.963319086448181544e-06
1.514704336774399174e+01	5.933050216896304042e-07	1.197934298888730534e-07	3.761518209914423514e-08	1.787091213038460381e-06
1.546804179856737527e+01	5.362655275269748221e-07	1.068905101515417481e-07	3.318508741581298059e-08	1.626711038900137935e-06
1.579584287661962527e+01	4.849254904412038321e-07	9.551212794924650346e-08	2.927106078267488145e-08	1.480491269723353261e-06
1.613059076462826624e+01	4.384962295494873142e-07	8.535035563796808723e-08	2.581867995815008236e-08	1.347262379478305538e-06
1.647243268043913034e+01	3.963403992428143083e-07	7.597134532000149690e-08	2.267866685356755186e-08	1.226025590689519406e-06
1.682151896176083383e+01	3.584430353250289586e-07	6.785615001560000144e-08	1.999293188521587260e-08	1.115720186548862236e-06
1.717800313228151410e+01	3.240050458925528945e-07	6.060023292703280816e-08	1.762170514782819930e-08	1.015180590872633180e-06
1.754204196918641045e+01	2.927511644340926442e-07	5.412534398897579380e-08	1.553259040733380579e-08	9.232430878915969672e-07
1.791379557210657580e+01	2.646046182262545142e-07	4.815111105177218020e-08	1.363312069945692530e-08	8.402980638795854707e-07
1.829342743352862044e+01	2.390972262138679439e-07	4.298594820064543773e-08	1.201032975981805955e-08	7.645201346186660115e-07
1.868110451069663469e+01	2.161789799437103725e-07	3.837035739905874481e-08	1.057867250437848846e-08	6.950728789215774587e-07
1.907699729903783492e+01	1.952338854195727870e-07	3.425339480993411740e-08	9.317913627824248195e-09	6.320995525677884374e-07
1.948127990714428748e+01	1.764013906081993331e-07	3.045781298051837831e-08	8.173155195486948540e-09	5.749400034630213983e-07
1.989413013334363711e+01	1.593250737677893414e-07	2.717700625958638664e-08	7.195188554939174640e-09	5.230381639033017269e-07
2.031572954389253738e+01	1.438934451784904914e-07	2.424730947835419188e-08	6.333295875945323476e-09	4.756532505742778938e-07
2.074626355282718393e+01	1.301371370692500156e-07	2.163578867991134621e-08	5.574971554697274469e-09	4.324390320822686132e-07
2.118592150350598402e+01	1.174302738278026104e-07	1.922857689096455939e-08	4.886507227950674693e-09	3.932389294214797553e-07
2.163489675188052530e+01	1.060103603846184740e-07	1.714968250135210719e-08	4.299178473703235122e-09	3.576882625273341427e-07
2.209338675153079734e+01	9.583522878781114726e-08	1.529383024873282629e-08	3.781694178611253920e-09	3.252043893147139399e-07
2.256159314050291798e+01	8.665102834017619568e-08	1.364042322399098826e-08	3.326719138415057179e-09	2.955687355737592697e-07
2.303972182998693796e+01	7.805665247327701594e-08	1.211748969555976148e-08	2.914185959951846962e-09	2.687144590609000847e-07
2.352798309487394945e+01	7.054882418297378296e-08	1.080245715702166559e-08	2.562225130543866879e-09	2.442458046520309338e-07
2.402659166623228870e+01	6.376133009427303687e-08	9.629321913892129240e-09	2.252451267334621907e-09	2.221416098314460746e-07
2.453576682574353285e+01	5.763693876287927961e-08	8.584789430916118069e-09	1.980332142913898334e-09	2.018311446218392017e-07
2.505573250213976877e+01	5.190676350491245881e-08	7.622683021307391422e-09	1.733551977223252504e-09	1.834462519804029676e-07
2.558671736968459953e+01	4.690272434201003796e-08	6.792671790456487673e-09	1.523320943227987884e-09	1.666870464282071010e-07
2.612895494874115698e+01	4.238009575742120263e-08	6.052495595998502392e-09	1.338370632312078706e-09	1.514576055671640783e-07
2.668268370847132687e+01	3.830061371651227626e-08	5.393653392829129631e-09	1.175943582859786094e-09	1.378072128625497562e-07
2.724814717171165412e+01	3.448420668939483416e-08	4.787215869689592973e-09	1.028822513162143754e-09	1.251090625728305139e-07
2.782559402207125743e+01	3.115249764180510573e-08	4.264228059864648343e-09	9.035400930288568006e-10	1.136350541143821468e-07
2.841527821329990999e+01	2.814211990334721114e-08	3.797954435762590326e-09	7.933434428086267256e-10	1.033554350388322960e-07
2.901745908097360527e+01	2.542753383458574629e-08	3.383282714119457265e-09	6.967087283291348617e-10	9.402447701536687694e-08
2.963240145654703639e+01	2.288825669457643842e-08	3.001617007860071699e-09	6.091795595084336147e-10	8.522583456339356719e-08
3.026037578382308624e+01	2.067216193182729119e-08	2.672551421763334368e-09	5.346569506876670401e-10	7.750108962065948006e-08
3.090165823789054755e+01	1.867030029140620806e-08	2.379447482137721353e-09	4.692150558405465633e-10	7.047762021298032221e-08
3.155653084658241525e+01	1.686565203143274932e-08	2.118812157147292867e-09	4.118240301997324711e-10	6.410312187941229428e-08
3.222528161450811979e+01	1.517767112147005980e-08	1.878976613645768413e-09	3.598598635373511731e-10	5.809160792117411711e-08
3.290820464971425707e+01	1.370496043972907280e-08	1.672370818242247421e-09	3.156796085815159021e-10	5.281629811766255468e-08
3.360560029302952501e+01	1.237492665339731738e-08	1.488368459831215932e-09	2.768840418399848815e-10	4.801967183194388268e-08
3.431777525015100849e+01	1.117624450431468869e-08	1.324797261619436637e-09	2.428720245215713835e-10	4.366735095902976336e-08
3.504504272652905428e+01	1.005510729745042173e-08	1.174371592356564359e-09	2.121118439052662709e-10	3.956290669188113296e-08
3.578772256511129513e+01	9.077226432062144426e-09	1.044839504980106151e-09	1.859727244422413619e-10	3.596237713748403434e-08
3.654614138700539883e+01	8.194272251698490037e-09	9.294814329530144595e-10	1.630156737754819014e-10	3.268830362864084295e-08
3.732063273512289925e+01	7.398719179738346160e-09	8.270092686188331385e-10	1.429139804657675904e-10	2.971862402546359930e-08
3.811153722086707774e+01	6.654647510728882441e-09	7.328134150947639703e-10	1.247493731000644544e-10	2.691800668428187137e-08
3.891920267392951160e+01	6.005826524219736099e-09	6.516911807929625642e-10	1.093057439867254126e-10	2.446117777805738343e-08
3.974398429526115706e+01	5.420104367494769938e-09	5.794914795766312897e-10	9.575654010616420515e-11	2.222774104231830114e-08
4.058624481328516254e+01	4.892486849603147441e-09	5.154009420533356103e-10	8.390597006386910731e-11	2.020259645227415464e-08
4.144635464342010778e+01	4.399009756329038468e-09	4.564816272413487094e-10	7.319531514395815163e-11	1.829237706124626939e-08
4.232469205098434628e+01	3.968813758454829787e-09	4.057578318613146322e-10	6.409330272841183679e-11	1.661691733088214722e-08
4.322164331755172384e+01	3.580524022823246093e-09	3.606385853862452262e-10	5.611526082831098691e-11	1.509410240275668419e-08
4.413760291083362119e+01	3.230830303008588848e-09	3.206136609039412783e-10	4.914503771803751444e-11	1.371376961583526003e-08
4.507297365816076251e+01	2.903753362880247135e-09	2.838051585536851659e-10	4.284100783745577633e-11	1.241137669266155841e-08
4.602816692364147144e+01	2.618686559832795118e-09	2.521366060158002225e-10	3.748922606557304054e-11	1.126933664922712095e-08
4.700360278907441369e+01	2.361428471661961971e-09	2.239830180588265348e-10	3.280278462774585830e-11	1.023156509674720214e-08
4.799971023869517950e+01	2.129787486540807741e-09	1.990106850623525587e-10	2.870832155158887732e-11	9.290880051703093010e-09
4.901692734783804895e+01	1.913113859871401594e-09	1.760493648282844302e-10	2.500674586046397033e-11	8.403264059773016351e-09
5.005570147559598126e+01	1.724309353576486619e-09	1.563040194343730569e-10	2.186668764433422988e-11	7.625083335168203007e-09
5.111648946156338980e+01	1.553943759811244530e-09	1.387595623588414575e-10	1.911948781809152496e-11	6.918090089766152143e-09
5.219975782674825382e+01	1.400567560553836030e-09	1.231971579270514064e-10	1.671881806312235378e-11	6.277165740274363188e-09
5.330598297874255564e+01	1.257085922750759629e-09	1.088923990626870363e-10	1.454999135591134028e-11	5.672378655969123270e-09
5.443565142123959077e+01	1.132079149797826534e-09	9.659589770973883829e-11	1.271127079671729726e-11	5.142231412414334871e-09
5.558925996799251124e+01	1.019288285595431710e-09	8.567362017867628137e-11	1.110350302482092289e-11	4.660593578633368749e-09
5.676731596130657209e+01	9.177554280695657503e-10	7.598920989457015405e-11	9.699496236249370635e-12	4.224026767011988115e-09
5.797033749516177181e+01	8.227555844348975428e-10	6.708744441919452827e-11	8.431290062063271002e-12	3.811949706714129246e-09
5.919885364306400533e+01	7.399932833069356127e-10	5.943746122963070667e-11	7.356583444543720905e-12	3.450740756345348644e-09
6.045340469072480261e+01	6.653159637858477016e-10	5.264266943217069056e-11	6.416954198326956163e-12	3.122514574800104789e-09
6.173454237367209174e+01	5.980908710591801634e-10	4.662386592624433591e-11	5.597963447077405380e-12	2.825122570830113312e-09
6.304283011989645757e+01	5.351718886550713942e-10	4.108963824566301449e-11	4.857905939856950913e-12	2.544247712102231666e-09
6.437884329763940627e+01	4.803502571652616784e-10	3.633371710445683212e-11	4.230854798111081610e-12	2.297978060755794927e-09
6.574316946843353549e+01	4.308714667778358127e-10	3.210923121830589629e-11	3.682668814315981552e-12	2.074116573880850287e-09
6.713640864550379206e+01	3.863172373429666512e-10	2.836758152011621929e-11	3.205073693627532543e-12	1.871227417334318705e-09
6.855917355764610477e+01	3.445924967935962418e-10	2.492841646675319923e-11	2.774032754010905103e-12	1.679508101081296430e-09
7.001208991869765441e+01	3.082154205791878992e-10	2.197144628088676807e-11	2.408643934264064571e-12	1.511286507923101087e-09
7.149579670271769771e+01	2.753582961735658780e-10	1.934348750437843639e-11	2.089097389583208491e-12	1.358219838475238539e-09
7.301094642500031284e+01	2.457433388102690832e-10	1.701392777799398781e-11	1.810476797216407736e-12	1.219319805862115907e-09
7.455820542904223203e+01	2.179738230265146941e-10	1.487336243465324070e-11	1.559448285767906623e-12	1.087941559039990300e-09
7.613825417959219521e+01	1.937196795614918346e-10	1.303119432175518008e-11	1.346609232866232980e-12	9.724647883132159904e-10
7.775178756191070306e+01	1.717654583440943591e-10	1.139083564642458599e-11	1.160132917130249593e-12	8.671173127311337758e-10
7.939951518737163383e+01	1.519227926059336963e-10	9.933483249646096809e-12	9.972419131988030227e-13	7.712141731828381061e-10
8.108216170554010205e+01	1.332553410940707332e-10	8.590420615634304888e-12	8.500899035308310556e-13	6.801829902568681222e-10
8.280046712286477373e+01	1.168630558884940412e-10	7.431128394339275859e-12	7.252093944257166430e-13	5.997354259932937085e-10
8.455518712812224180e+01	1.019276013491141319e-10	6.394115972580309624e-12	6.154867906810500702e-13	5.258669684346424892e-10
8.634709342475994731e+01	8.830650017131073237e-11	5.465374042727078362e-12	5.189435435977108532e-13	4.579495583740581777e-10
8.817697407028136070e+01	7.534969648840970633e-11	4.601012151664952237e-12	4.309602498861285279e-13	3.927420084971801139e-10
9.004563382282356088e+01	6.374577383594839971e-11	3.841606399425941267e-12	3.550898982408074631e-13	3.338867899676291576e-10
9.195389449507966617e+01	5.288283230847139502e-11	3.145909625870837470e-12	2.870168907409706766e-13	2.783291420469260522e-10
9.390259531572145590e+01	4.253951803578537995e-11	2.498800198739210270e-12	2.251045784894561489e-13	2.249409189799765889e-10
9.589259329848152902e+01	3.201236662781638813e-11	1.857560770342501457e-12	1.653088541534361181e-13	1.700851056916078193e-10
9.792476361905691817e+01	2.099059328632105962e-11	1.203366065333542226e-12	1.058109270072755911e-13	1.120207800079232553e-10
