# Data associated with arXiv:2110.09653
# 
# Scale-free velocity distribution, f(E), of a nfw0-9 dark matter distribution (see Eq. 13 and the surrounding discussion)
# 
# Published: 3/29/22, Jack Runburg, contact: runburg@hawaii.edu
# 
# 
# -----------------------------------------------------------------
# 
# 	 tilde E 		 | 		 tilde f
# 
# -----------------------------------------------------------------
1.368946620424845740e-06	1.275652137179578613e+12
1.394420332386403939e-06	1.228517597249230957e+12
1.420368064666615536e-06	1.181620863978131836e+12
1.446798637828209431e-06	1.135160774302865479e+12
1.473721036562959315e-06	1.089838500309582642e+12
1.501144412745557630e-06	1.044771528119236694e+12
1.529078088544358883e-06	1.001057796102791504e+12
1.557531559589945890e-06	9.591730729915136719e+11
1.586514498202695032e-06	9.190408629559030762e+11
1.616036756680360787e-06	8.805877773859036865e+11
1.646108370646820065e-06	8.437435915075546875e+11
1.676739562463157315e-06	8.084409882593768311e+11
1.707940744702157469e-06	7.746154663928823242e+11
1.739722523687499067e-06	7.422052242539709473e+11
1.772095703098732830e-06	7.111510450159724121e+11
1.805071287643385487e-06	6.813961905089775391e+11
1.838660486797344185e-06	6.528862959931571045e+11
1.872874718614826782e-06	6.255692715879517822e+11
1.907725613609274629e-06	5.993952069782926025e+11
1.943225018706384183e-06	5.743162793603104248e+11
1.979385001270750868e-06	5.502866679778021240e+11
2.016217853207355073e-06	5.272624688998499146e+11
2.053736095139414941e-06	5.052016146392546997e+11
2.091952480663925638e-06	4.840637987137964478e+11
2.130880000686362318e-06	4.638103996793226318e+11
2.170531887836073145e-06	4.444044138812647705e+11
2.210921620963746836e-06	4.258103847037594604e+11
2.252062929722620849e-06	4.079943391915725098e+11
2.293969799234843914e-06	3.909237263629459839e+11
2.336656474844725929e-06	3.745673566052014160e+11
2.380137466960331700e-06	3.588953455676809692e+11
2.424427555985224397e-06	3.438790592578232422e+11
2.469541797341904138e-06	3.294910618141507568e+11
2.515495526588690826e-06	3.157050651302234497e+11
2.562304364631862190e-06	3.024958812649712524e+11
2.609984223034659366e-06	2.898393759000847168e+11
2.658551309425151806e-06	2.777124246852902222e+11
2.708022133004608157e-06	2.660928707175243530e+11
2.758413510158428423e-06	2.549594843100335388e+11
2.809742570171390358e-06	2.442919237707826538e+11
2.862026761049215436e-06	2.340706988011969604e+11
2.915283855448494467e-06	2.242771342788036804e+11
2.969531956716821527e-06	2.148933368034903870e+11
3.024789505045397763e-06	2.059021614237796021e+11
3.081075283735976599e-06	1.972871806576344604e+11
3.138408425584487734e-06	1.890326542395989075e+11
3.196808419383341045e-06	1.811235005665915222e+11
3.256295116544683822e-06	1.735452690902942810e+11
3.316888737846930531e-06	1.662841137804529114e+11
3.378609880306682663e-06	1.593267679499564209e+11
3.441479524178590382e-06	1.526605203028285217e+11
3.505519040085303601e-06	1.462731908461967163e+11
3.570750196280157357e-06	1.401531101647732239e+11
3.637195166044882290e-06	1.342890947625526733e+11
3.704876535224906726e-06	1.286704323571387482e+11
3.773817309904912170e-06	1.232868567102367096e+11
3.844040924227028301e-06	1.181285316897847900e+11
3.915571248354588462e-06	1.131860326771493988e+11
3.988432596583875779e-06	1.084503293809684753e+11
4.062649735606880860e-06	1.039127693904748840e+11
4.138247892927655361e-06	9.956506226780319214e+10
4.215252765435217149e-06	9.539926455260446167e+10
4.293690528135985652e-06	9.140776494300332642e+10
4.373587843048519729e-06	8.758327080539553833e+10
4.454971868263825069e-06	8.391879450548532104e+10
4.537870267174033115e-06	8.040764085566824341e+10
4.622311217872869269e-06	7.704339474520994568e+10
4.708323422730867390e-06	7.381990950832357788e+10
4.795936118148657720e-06	7.073129561450608826e+10
4.885179084491777356e-06	6.777191002167907715e+10
4.976082656210075467e-06	6.493634575657408905e+10
5.068677732145509640e-06	6.221942205426487732e+10
5.162995786031464007e-06	5.961617495388360596e+10
5.259068877187506669e-06	5.712184819263983154e+10
5.356929661412934736e-06	5.473188446829515076e+10
5.456611402082903402e-06	5.244191720524298096e+10
5.558147981451045546e-06	5.024776251511128235e+10
5.661573912162106385e-06	4.814541155300708008e+10
5.766924348978865601e-06	4.613102322414826202e+10
5.874235100726957845e-06	4.420091702617510986e+10
5.983542642462013134e-06	4.235156686332125092e+10
6.094884127862933868e-06	4.057959355617093658e+10
6.208297401855641893e-06	3.888175978819089508e+10
6.323821013471709484e-06	3.725496347712747192e+10
6.441494228945909534e-06	3.569623240964296722e+10
6.561357045057541820e-06	3.420271871361227417e+10
6.683450202719624826e-06	3.277169366817885971e+10
6.807815200820992125e-06	3.140054275698078156e+10
6.934494310325643679e-06	3.008676074578981781e+10
7.063530588634267380e-06	2.882794738198696899e+10
7.194967894212961384e-06	2.762180273145423508e+10
7.328850901493732881e-06	2.646612312976577759e+10
7.465225116052315465e-06	2.535879709198180008e+10
7.604136890067940040e-06	2.429780150136820602e+10
7.745633438070804720e-06	2.328119786932310486e+10
7.889762852982182736e-06	2.230712883151861572e+10
8.036574122452746940e-06	2.137381473277826309e+10
8.186117145504879180e-06	2.047955037696076584e+10
8.338442749484090797e-06	1.962270190579810715e+10
8.493602707325946809e-06	1.880170383682510757e+10
8.651649755143686919e-06	1.801505617129492569e+10
8.812637610143126516e-06	1.726132169563434982e+10
8.976620988870439921e-06	1.653912330677013969e+10
9.143655625799175247e-06	1.584714153169836235e+10
9.313798292263024726e-06	1.518411209784043694e+10
9.487106815740272943e-06	1.454882364916057014e+10
9.663640099497053317e-06	1.394011548362606812e+10
9.843458142595475871e-06	1.335687548142154312e+10
1.002662206027397687e-05	1.279803805339175797e+10
1.021319410470634469e-05	1.226258219287954330e+10
1.040323768614661664e-05	1.174952961537591171e+10
1.059681739446726500e-05	1.125794295879149437e+10
1.079399902109739953e-05	1.078692409250981712e+10
1.099484958136912121e-05	1.033561245767935562e+10
1.119943733727888824e-05	9.903183505492490768e+09
1.140783182067228506e-05	9.488847175039163589e+09
1.162010385685951603e-05	9.091846480304166794e+09
1.183632558866980288e-05	8.711456090470392227e+09
1.205657050095313064e-05	8.346981036030780792e+09
1.228091344553699261e-05	7.997755415472076416e+09
1.250943066664739585e-05	7.663141196541046143e+09
1.274219982680187228e-05	7.342527033975677490e+09
1.297930003318412970e-05	7.035327172019269943e+09
1.322081186450858437e-05	6.740980354349323273e+09
1.346681739838411946e-05	6.458948808838289261e+09
1.371740023918667152e-05	6.188717267431462288e+09
1.397264554644931339e-05	5.929792020284848213e+09
1.423264006378040286e-05	5.681700011430999756e+09
1.449747214831858421e-05	5.443987981075105667e+09
1.476723180073559135e-05	5.216221632494727135e+09
1.504201069579623604e-05	4.997984839845027924e+09
1.532190221348620632e-05	4.788878888251792908e+09
1.560700147071857137e-05	4.588521746031122208e+09
1.589740535362890489e-05	4.396547363382238388e+09
1.619321255047094632e-05	4.212605008736913204e+09
1.649452358512289147e-05	4.036358624485960960e+09
1.680144085121676573e-05	3.867486212495761395e+09
1.711406864690121865e-05	3.705679249228199959e+09
1.743251321025074697e-05	3.550642117609148502e+09
1.775688275533219827e-05	3.402091570856659889e+09
1.808728750894153856e-05	3.259756210673738956e+09
1.842383974802306755e-05	3.123375999593236446e+09
1.876665383778336357e-05	2.992701771681414604e+09
1.911584627051373091e-05	2.867494795296563148e+09
1.947153570513320109e-05	2.747526320673434258e+09
1.983384300746633864e-05	2.632577171648550034e+09
2.020289129126897362e-05	2.522437342555556297e+09
2.057880596001591812e-05	2.416905615320839405e+09
2.096171474946484619e-05	2.315789186443901539e+09
2.135174777101030651e-05	2.218903323689979076e+09
2.174903755584338860e-05	2.126071024866196871e+09
2.215371909993086645e-05	2.037122684079713106e+09
2.256592990982991630e-05	1.951895805956497431e+09
2.298581004935346234e-05	1.870234684637438297e+09
2.341350218710192512e-05	1.791990131237978697e+09
2.384915164487770719e-05	1.717019198896674633e+09
2.429290644699813668e-05	1.645184921869849443e+09
2.474491737052457528e-05	1.576356063985744953e+09
2.520533799642342507e-05	1.510406881425070524e+09
2.567432476167727263e-05	1.447216891000166655e+09
2.615203701236327685e-05	1.386670650193593979e+09
2.663863705771681207e-05	1.328657546750990152e+09
2.713429022519888247e-05	1.273071596464146852e+09
2.763916491658508526e-05	1.219811249485285759e+09
2.815343266509645831e-05	1.168779204412912607e+09
2.867726819358972211e-05	1.119882231644250870e+09
2.921084947382836277e-05	1.073031002540643930e+09
2.975435778685289279e-05	1.028139922801736116e+09
3.030797778447190245e-05	9.851269842985482216e+08
3.087189755189409843e-05	9.439136068358058929e+08
3.144630867152206849e-05	9.044244987466796637e+08
3.203140628793055050e-05	8.665875187241580486e+08
3.262738917404921967e-05	8.303335434371750355e+08
3.323445979857440533e-05	7.955963422554472685e+08
3.385282439463055068e-05	7.623124547969381809e+08
3.448269302970584041e-05	7.304210767155005932e+08
3.512427967688521178e-05	6.998639469367886782e+08
3.577780228740398498e-05	6.705852424083657265e+08
3.644348286454830965e-05	6.425314756488740444e+08
3.712154753892490461e-05	6.156513972396885157e+08
3.781222664512803606e-05	5.898959012552293539e+08
3.851575479982717999e-05	5.652179372499197721e+08
3.923237098130331435e-05	5.415724228628610373e+08
3.996231861045985480e-05	5.189161620291203260e+08
4.070584563333552904e-05	4.972077659525449872e+08
4.146320460514741951e-05	4.764075769256457090e+08
4.223465277589132701e-05	4.564775991751142740e+08
4.302045217753001612e-05	4.373814223906430006e+08
4.382086971279670505e-05	4.190841627327784300e+08
4.463617724564510622e-05	4.015523948733752370e+08
4.546665169337571119e-05	3.847540920839679837e+08
4.631257512046941610e-05	3.686585675081274509e+08
4.717423483416032269e-05	3.532364184332379699e+08
4.805192348177879066e-05	3.384594721711301208e+08
4.894593914989932081e-05	3.243007347247237563e+08
4.985658546532429735e-05	3.107343415915737748e+08
5.078417169793925285e-05	2.977355103047183156e+08
5.172901286547336111e-05	2.852804954021779299e+08
5.269142984020027233e-05	2.733465447370647192e+08
5.367174945761582169e-05	2.619118583289755583e+08
5.467030462712742066e-05	2.509555480861293375e+08
5.568743444479489450e-05	2.404575998633543253e+08
5.672348430815746701e-05	2.303988369885509908e+08
5.777880603318786851e-05	2.207608850455317795e+08
5.885375797341141281e-05	2.115261383767993152e+08
5.994870514123036830e-05	2.026777279847442508e+08
6.106401933149454534e-05	1.941994906158635914e+08
6.220007924735801875e-05	1.860759391831193864e+08
6.335727062846708830e-05	1.782922346689942777e+08
6.453598638151843386e-05	1.708341588520923853e+08
6.573662671323485165e-05	1.636880885256856680e+08
6.695959926580040151e-05	1.568409701189715266e+08
6.820531925480166039e-05	1.502802964422398508e+08
6.947420960972105217e-05	1.439940836583262384e+08
7.076670111702769558e-05	1.379708491363355815e+08
7.208323256591678177e-05	1.321995907059652209e+08
7.342425089674223205e-05	1.266697665562804192e+08
7.479021135219524681e-05	1.213712759401912093e+08
7.618157763127780552e-05	1.162944406149058044e+08
7.759882204612256348e-05	1.114299873506591171e+08
7.904242568171232519e-05	1.067690308329011351e+08
8.051287855855021472e-05	1.023030575357583463e+08
8.201067979833833084e-05	9.802391007520215213e+07
8.353633779271596644e-05	9.392377241773627698e+07
8.509037037511691509e-05	8.999515544367936254e+07
8.667330499580117237e-05	8.623088347444592416e+07
8.828567890012018892e-05	8.262408091837543249e+07
8.992803931007496742e-05	7.916816005637589097e+07
9.160094360922571316e-05	7.585680852036589384e+07
9.330495953101855099e-05	7.268397815855495632e+07
9.504066535058652745e-05	6.964387388683630526e+07
9.680865008009321645e-05	6.673094312381596863e+07
9.860951366768125651e-05	6.393986541798594594e+07
1.004438672000925928e-04	6.126554304761160910e+07
1.023123331090284173e-04	5.870309153942526877e+07
1.042155453813144411e-04	5.624783075292163342e+07
1.061541497729465546e-04	5.389527637191456556e+07
1.081288040270806511e-04	5.164113168523600698e+07
1.101401780960462241e-04	4.948127976879875362e+07
1.121889543674510243e-04	4.741177583823017031e+07
1.142758278944555183e-04	4.542884029893402010e+07
1.164015066302926489e-04	4.352885157559020817e+07
1.185667116671076666e-04	4.170833964578875154e+07
1.207721774792026279e-04	3.996397965895637870e+07
1.230186521707583359e-04	3.829258585632912070e+07
1.253068977281241749e-04	3.669110576910610497e+07
1.276376902767504705e-04	3.515661463571161032e+07
1.300118203428548972e-04	3.368631003988279402e+07
1.324300931199062672e-04	3.227750684122684598e+07
1.348933287400115285e-04	3.092763220215503499e+07
1.374023625503019105e-04	2.963422094290993735e+07
1.399580453943996420e-04	2.839491101006596908e+07
1.425612438990682927e-04	2.720743917340682074e+07
1.452128407661317151e-04	2.606963688216574490e+07
1.479137350697638245e-04	2.497942631678369269e+07
1.506648425592438162e-04	2.393481658649112284e+07
1.534670959672772153e-04	2.293390007469433546e+07
1.563214453239841328e-04	2.197484899974460900e+07
1.592288582766551513e-04	2.105591200563026965e+07
1.621903204153851328e-04	2.017541104752165824e+07
1.652068356046844486e-04	1.933173826291381195e+07
1.682794263211820167e-04	1.852335305495705828e+07
1.714091339975274818e-04	1.774877928293444216e+07
1.745970193726057015e-04	1.700660254318431392e+07
1.778441628481787625e-04	1.629546764411032386e+07
1.811516648520681758e-04	1.561407604856410250e+07
1.845206462080035590e-04	1.496118356312916428e+07
1.879522485122478274e-04	1.433559802883533575e+07
1.914476345171306764e-04	1.373617719415606186e+07
1.950079885216098627e-04	1.316182654652674869e+07
1.986345167689888434e-04	1.261149740531490743e+07
2.023284478519216903e-04	1.208418493649151921e+07
2.060910331248307211e-04	1.157892634685872495e+07
2.099235471238807492e-04	1.109479912750373594e+07
2.138272879946349870e-04	1.063091935176342167e+07
2.178035779275392953e-04	1.018644007832808048e+07
2.218537636013712805e-04	9.760549796383928508e+06
2.259792166347996572e-04	9.352470942635823041e+06
2.301813340461980216e-04	8.961458478502815589e+06
2.344615387218642276e-04	8.586798532837800682e+06
2.388212798927917058e-04	8.227807123632112518e+06
2.432620336201510726e-04	7.883828836479278281e+06
2.477853032896357968e-04	7.554235706312087364e+06
2.523926201148308959e-04	7.238426030734204687e+06
2.570855436497664222e-04	6.935823279751074500e+06
2.618656623108204053e-04	6.645875038887704723e+06
2.667345939081404113e-04	6.368052002560308203e+06
2.716939861867483552e-04	6.101847035154514015e+06
2.767455173775084103e-04	5.846774105185709894e+06
2.818908967581287730e-04	5.602367683688033372e+06
2.871318652243805172e-04	5.368181597349928692e+06
2.924701958717117775e-04	5.143788367667237297e+06
2.979076945874440719e-04	4.928778401912137866e+06
3.034462006537413654e-04	4.722759237630934455e+06
3.090875873615398753e-04	4.525354828440980054e+06
3.148337626356334496e-04	4.336204864817851223e+06
3.206866696711176980e-04	4.154964101566875819e+06
3.266482875813873812e-04	3.981301741982587613e+06
3.327206320578969599e-04	3.814900821694970597e+06
3.389057560418909528e-04	3.655457638843076304e+06
3.452057504083147640e-04	3.502681194381751120e+06
3.516227446621243377e-04	3.356292660979429726e+06
3.581589076472086624e-04	3.216024875988027547e+06
3.648164482681542161e-04	3.081621852124688681e+06
3.715976162250727460e-04	2.952838309316904750e+06
3.785047027617233196e-04	2.829439227391209453e+06
3.855400414271650008e-04	2.711199417142152321e+06
3.927060088511745580e-04	2.597903110220207833e+06
4.000050255336758576e-04	2.489343561356041580e+06
4.074395566484184943e-04	2.385322674865079578e+06
4.150121128611643467e-04	2.285650642013746314e+06
4.227252511626319680e-04	2.190145588663017843e+06
4.305815757164543575e-04	2.098633253521618433e+06
4.385837387224181282e-04	2.010946663350117393e+06
4.467344412952442795e-04	1.926925826427384280e+06
4.550364343591887790e-04	1.846417446120278677e+06
4.634925195587279363e-04	1.769274635539982002e+06
4.721055501856208651e-04	1.695356653467509896e+06
4.808784321226224740e-04	1.624528642616980942e+06
4.898141248041411799e-04	1.556661390089889057e+06
4.989156421941344077e-04	1.491631084891828010e+06
5.081860537815376978e-04	1.429319096095595043e+06
5.176284855935350121e-04	1.369611753152558347e+06
5.272461212269690962e-04	1.312400139911887469e+06
5.370422028982145589e-04	1.257579899521219311e+06
5.470200325118252131e-04	1.205051033340616152e+06
5.571829727482796374e-04	1.154717730070509017e+06
5.675344481711514129e-04	1.106488184210249688e+06
5.780779463540384024e-04	1.060274429351186380e+06
5.888170190275874996e-04	1.015992180055119563e+06
5.997552832469602762e-04	9.735606736018108204e+05
6.108964225800811573e-04	9.329025267746684840e+05
6.222441883170318775e-04	8.939435923121530795e+05
6.338024007009433877e-04	8.566128236929733539e+05
6.455749501807529767e-04	8.208421463884172263e+05
6.575657986861956680e-04	7.865663323400646914e+05
6.697789809254063283e-04	7.537228817519183503e+05
6.822186057055162943e-04	7.222519086366175907e+05
6.948888572766222542e-04	6.920960318158358568e+05
7.077939966995351519e-04	6.632002687524777139e+05
7.209383632376917305e-04	6.355119391742020380e+05
7.343263757736500329e-04	6.089805627567754127e+05
7.479625342505609106e-04	5.835577607791811461e+05
7.618514212852777346e-04	5.591971953703467734e+05
7.759977030969093109e-04	5.358544758779614931e+05
7.904061318435825004e-04	5.134870399686667952e+05
8.050815466403369713e-04	4.920541089356240700e+05
8.200288752598001735e-04	4.715166230631002691e+05
8.352531357325414111e-04	4.518371500961127458e+05
8.507594379754576360e-04	4.329798232276595663e+05
8.665529854486483897e-04	4.149102754522730247e+05
8.826390768412532535e-04	3.975955768527102191e+05
8.990231077867087998e-04	3.810041746619494515e+05
9.157105726079269210e-04	3.651058353382056230e+05
9.327070660928620449e-04	3.498715896569483448e+05
9.500182853009686785e-04	3.352736797551990021e+05
9.676500314010459550e-04	3.212855083602349623e+05
9.856082115409746380e-04	3.078815905637780088e+05
1.003898840749865590e-03	2.950375068244037102e+05
1.022528043873122128e-03	2.827298588164540124e+05
1.041502057540964754e-03	2.709362264707781724e+05
1.060827232170934902e-03	2.596351272955937602e+05
1.080510034004923681e-03	2.488059768093360181e+05
1.100557047181268929e-03	2.384290513069271401e+05
1.120974975842478714e-03	2.284854519424830505e+05
1.141770646279135527e-03	2.189570696953824663e+05
1.162951009110557753e-03	2.098265528803231718e+05
1.184523141502774601e-03	2.010772752044777735e+05
1.206494249424415596e-03	1.926933055655891076e+05
1.228871669941093356e-03	1.846593788025655085e+05
1.251662873548868614e-03	1.769608681065149140e+05
1.274875466547409613e-03	1.695837581016094773e+05
1.298517193453445004e-03	1.625146193210501806e+05
1.322595939455137792e-03	1.557405837556617043e+05
1.347119732907979452e-03	1.492493213257308525e+05
1.372096747872861896e-03	1.430290174632216804e+05
1.397535306696941161e-03	1.370683514274004847e+05
1.423443882637944434e-03	1.313564758333318459e+05
1.449831102532564853e-03	1.258829966077671706e+05
1.476705749509604152e-03	1.206379543066444312e+05
1.504076765748526678e-03	1.156118058030605898e+05
1.531953255284076824e-03	1.107954067959732929e+05
1.560344486857658756e-03	1.061799943640239071e+05
1.589259896958824907e-03	1.017571732986379357e+05
1.618709092221374494e-03	9.751890021784222336e+04
1.648701853218088442e-03	9.345746549170473008e+04
1.679248136990073303e-03	8.956548203771607950e+04
1.710358080267341532e-03	8.583587273841896967e+04
1.742042002615204130e-03	8.226185573799166013e+04
1.774310409632329872e-03	7.883693265079088451e+04
1.807173996201168024e-03	7.555487668941839365e+04
1.840643649791465089e-03	7.240972131419446669e+04
1.874730453817615231e-03	6.939574927655691863e+04
1.909445691050580757e-03	6.650748237086535664e+04
1.944800847085116462e-03	6.373967127906125097e+04
1.980807613863068244e-03	6.108728606186647812e+04
2.017477893253461808e-03	5.854550695549524971e+04
2.054823800690173344e-03	5.610971565298604401e+04
2.092857668867924206e-03	5.377548679874333902e+04
2.131592051497362226e-03	5.153857999648289115e+04
2.171039727120003138e-03	4.939493197373230942e+04
2.211213702983799278e-03	4.734064934087826259e+04
2.252127218980118795e-03	4.537200131372317264e+04
2.293793751642876546e-03	4.348541301642104372e+04
2.336227018210644980e-03	4.167745895278381067e+04
2.379440980752485762e-03	3.994485672695679386e+04
2.423449850358299230e-03	3.828446095170942863e+04
2.468268091394468407e-03	3.669325823284994840e+04
2.513910425825581236e-03	3.516836018184731802e+04
2.560391837603027704e-03	3.370699970352846140e+04
2.607727577121212153e-03	3.230652508234284323e+04
2.655933165742222542e-03	3.096439547941978890e+04
2.705024400389687434e-03	2.967817609570906643e+04
2.755017358212628192e-03	2.844553390584036970e+04
2.805928401320065789e-03	2.726423331412599509e+04
2.857774181587164567e-03	2.613213211099373802e+04
2.910571645533696194e-03	2.504717758357875209e+04
2.964338039275543710e-03	2.400740271212437801e+04
3.019090913550072711e-03	2.301092268756058183e+04
3.074848128816065271e-03	2.205593138373640977e+04
3.131627860429013737e-03	2.114069813141472332e+04
3.189448603892479969e-03	2.026356452112665283e+04
3.248329180186275943e-03	1.942294141190773007e+04
3.308288741172203846e-03	1.861730594323991318e+04
3.369346775225194861e-03	1.784519897544004198e+04
3.431523112227840861e-03	1.710522237428922381e+04
3.494837930037885884e-03	1.639603617976521491e+04
3.559311759678379997e-03	1.571635640490173319e+04
3.624965491270914966e-03	1.506495277889068893e+04
3.691820379921294248e-03	1.444064635607410128e+04
3.759898051687528189e-03	1.384230740474097547e+04
3.829220509630785856e-03	1.326885336828786967e+04
3.899810139949873387e-03	1.271924687607709893e+04
3.971689718199894990e-03	1.219249387076486164e+04
4.044882415595607052e-03	1.168764177619634393e+04
4.119411805400057316e-03	1.120377780500209519e+04
4.195301869399003548e-03	1.074002724982081418e+04
4.272577004461639884e-03	1.029555192194839765e+04
4.351262029188115305e-03	9.869548612158481774e+03
4.431382190644242783e-03	9.461247638019416627e+03
4.512963171183914310e-03	9.069911438189203182e+03
4.596031095359527988e-03	8.694833231269361931e+03
4.680612536920849588e-03	8.335335729428536069e+03
4.766734525902611291e-03	7.990769909676505449e+03
4.854424555801150308e-03	7.660513826369370690e+03
4.943710590840365814e-03	7.343971490588486631e+03
5.034621073327162459e-03	7.040571776205474634e+03
5.127184931096625924e-03	6.749767385350175573e+03
5.221431585047047602e-03	6.471033852926921099e+03
5.317390956764844398e-03	6.203868595388874382e+03
5.415093476239529746e-03	5.947789991918852138e+03
5.514570089668598823e-03	5.702336511024204810e+03
5.615852267352424224e-03	5.467065872487469278e+03
5.718972011678905357e-03	5.241554246064655672e+03
5.823961865197860299e-03	5.025395474650875258e+03
5.930854918784834832e-03	4.818200340695877458e+03
6.039684819894101421e-03	4.619595858606424372e+03
6.150485780900501187e-03	4.429224591307390256e+03
6.263292587529702138e-03	4.246744014473747484e+03
6.378140607376471191e-03	4.071825876388836150e+03
6.495065798510263506e-03	3.904155617308699675e+03
6.614104718167700646e-03	3.743431787783256368e+03
6.735294531531095356e-03	3.589365507732809419e+03
6.858673020592318675e-03	3.441679934577899985e+03
6.984278593101113375e-03	3.300109763276908780e+03
7.112150291743048365e-03	3.164400755947331618e+03
7.242327802689383504e-03	3.034309274802136315e+03
7.374851465611963024e-03	2.909601819208603956e+03
7.509762282429725995e-03	2.790054620652052108e+03
7.647101926791711850e-03	2.675453243682186894e+03
7.786912753508999120e-03	2.565592185152401726e+03
7.929237808062485418e-03	2.460274499842370005e+03
8.074120836184837252e-03	2.359311450289961613e+03
8.221606293514845468e-03	2.262522160161820466e+03
8.371739355322363116e-03	2.169733287861254666e+03
8.524565926301644336e-03	2.080778712723734770e+03
8.680132650431188202e-03	1.995499224825761758e+03
8.838486920897619878e-03	1.913742256318628506e+03
8.999676890081310596e-03	1.835361585114801528e+03
9.163751479601151689e-03	1.760217077974590211e+03
9.330760390415776540e-03	1.688174436571237493e+03
9.500754112978491289e-03	1.619104954228969973e+03
9.673783937442712033e-03	1.552885280853665563e+03
9.849901963914980269e-03	1.489397200944934639e+03
1.002916111275210971e-02	1.428527419455481549e+03
1.021161513489896207e-02	1.370167355823755315e+03
1.039731862226328865e-02	1.314212947398688357e+03
1.058632701812364622e-02	1.260564462609727570e+03
1.077869662756655161e-02	1.209126317820903751e+03
1.097448462794841165e-02	1.159806906740296881e+03
1.117374907937803905e-02	1.112518432831715927e+03
1.137654893521502023e-02	1.067176751657912746e+03
1.158294405257913676e-02	1.023701218329659014e+03
1.179299520286578896e-02	9.820145411000680724e+02
1.200676408226220189e-02	9.420426421030717847e+02
1.222431332225895097e-02	9.037145236452613517e+02
1.244570650015097701e-02	8.669621392040096453e+02
1.267100814952235553e-02	8.317202705790449500e+02
1.290028377070847471e-02	7.979264105179490798e+02
1.313359984122925220e-02	7.655206490706619888e+02
1.337102382618673285e-02	7.344455663162317478e+02
1.361262418862008508e-02	7.046461269043846869e+02
1.385847039981080893e-02	6.760695834360766412e+02
1.410863294953079196e-02	6.486653775117267742e+02
1.436318335622515513e-02	6.223850523931788530e+02
1.462219417712230969e-02	5.971821622640103442e+02
1.488573901840482480e-02	5.730121906741458133e+02
1.515389254459828527e-02	5.498324702853240069e+02
1.542673048920906349e-02	5.276021033281925838e+02
1.570432966394046462e-02	5.062818896706668852e+02
1.598676796843197592e-02	4.858342569821228381e+02
1.627412439974583805e-02	4.662231913084544317e+02
1.656647906171614462e-02	4.474141733966326910e+02
1.686391317414982771e-02	4.293741155771849662e+02
1.716650908186866109e-02	4.120713029201590984e+02
1.747435026358126059e-02	3.954753355645198667e+02
1.778752134057348319e-02	3.795570741049583035e+02
1.810610808520539405e-02	3.642885878770533736e+02
1.843019742920257512e-02	3.496431031885690572e+02
1.875987747172931652e-02	3.355949564811490404e+02
1.909523748723065961e-02	3.221195476976003533e+02
1.943636793303005553e-02	3.091932962133196270e+02
1.978336045666903228e-02	2.967935976987456570e+02
2.013630790297471843e-02	2.848987850693012547e+02
2.049530432060257812e-02	2.734880880197708279e+02
2.086044496920173505e-02	2.625415959816575082e+02
2.123182632486961610e-02	2.520402226278179398e+02
2.160954608630239956e-02	2.419656716485911545e+02
2.199370318088680887e-02	2.323004048030278454e+02
2.238439776728999575e-02	2.230276091176180557e+02
2.278173124455840082e-02	2.141311668074977206e+02
2.318580625127278708e-02	2.055956269146596469e+02
2.359672667505894467e-02	1.974061775251819881e+02
2.401459765007268182e-02	1.895486190097496433e+02
2.443952556649517729e-02	1.820093381504728995e+02
2.487161806712565038e-02	1.747752861936067177e+02
2.531098405213800390e-02	1.678339522619254751e+02
2.575773368329827354e-02	1.611733418116352254e+02
2.621197837855164178e-02	1.547819563286726918e+02
2.667383082034662650e-02	1.486487719458820891e+02
2.714340494831544298e-02	1.427632210679168452e+02
2.762081596184637333e-02	1.371151713374298708e+02
2.810618032202962316e-02	1.316949072908227265e+02
2.859961574313465288e-02	1.264931168632363665e+02
2.910124119346010549e-02	1.215008708176097230e+02
2.961117689544644216e-02	1.167096070602417655e+02
3.012954431483790343e-02	1.121111184528261475e+02
3.065646616019461132e-02	1.076975355033451223e+02
3.119206637860889170e-02	1.034613121224369223e+02
3.173647014579290132e-02	9.939521456477481820e+01
3.228980386063934338e-02	9.549230617811143418e+01
3.285219514140434033e-02	9.174593522152916591e+01
3.342377280993634459e-02	8.814972515958403676e+01
3.400466688706049040e-02	8.469756189133094892e+01
3.459500857996397616e-02	8.138358188548698990e+01
3.519493027503865779e-02	7.820216307111384424e+01
3.580456551828351680e-02	7.514791493084260310e+01
3.642404901064579675e-02	7.221566816456495985e+01
3.705351658631085565e-02	6.940046637364106630e+01
3.769310520100414841e-02	6.669755693724228252e+01
3.834295291826922414e-02	6.410238140907958382e+01
3.900319888585902089e-02	6.161056941012869714e+01
3.967398332425715185e-02	5.921792982569039054e+01
4.035544750087324828e-02	5.692044386380044330e+01
4.104773371146495931e-02	5.471425640451879957e+01
4.175098527097177020e-02	5.259567077987602346e+01
4.246534645935243907e-02	5.056114362783532101e+01
4.319096253071216807e-02	4.860727514985698861e+01
4.392797967079708349e-02	4.673080455734879024e+01
4.467654497151973131e-02	4.492860567706381403e+01
4.543680640698949391e-02	4.319767961180712490e+01
4.620891280274224550e-02	4.153515045228920144e+01
4.699301380120670529e-02	3.993826007710836024e+01
4.778925983751192152e-02	3.840436293725309014e+01
4.859780209685499175e-02	3.693092171547453262e+01
4.941879248968913951e-02	3.551550277371151765e+01
5.025238360632459239e-02	3.415577163080815382e+01
5.109872868341287094e-02	3.284948984606673861e+01
5.195798156896012238e-02	3.159451070914549575e+01
5.283029665396022506e-02	3.038877377324233109e+01
5.371582890978102154e-02	2.923030117990873933e+01
5.461473373947287047e-02	2.811719893195861886e+01
5.552716699310391441e-02	2.704764991459533263e+01
5.645328491654320879e-02	2.601990929377092598e+01
5.739324409149605677e-02	2.503230413615730754e+01
5.834720139265590216e-02	2.408322962676826151e+01
5.931531393302659494e-02	2.317114599259633678e+01
6.029773901726791230e-02	2.229457606221700061e+01
6.129463407797733354e-02	2.145210297719413006e+01
6.230615662232935614e-02	2.064236732001119634e+01
6.333246418231651409e-02	1.986406466255376912e+01
6.437371424321383651e-02	1.911594379322037440e+01
6.543006418826256831e-02	1.839680414582064216e+01
6.650167124081061976e-02	1.770549369832638931e+01
6.758869238989514971e-02	1.704090733606680175e+01
6.869128432963168829e-02	1.640198459498284222e+01
6.980960339628798639e-02	1.578770783822671753e+01
7.094380548927176067e-02	1.519710078067584824e+01
7.209404600560381793e-02	1.462922652810118329e+01
7.326047977172248094e-02	1.408318599423538942e+01
7.444326095906018959e-02	1.355811647432159717e+01
7.564254302027845211e-02	1.305319004961333107e+01
7.685847860199999937e-02	1.256761225438694929e+01
7.809121947092938221e-02	1.210062061655907684e+01
7.934091643659406390e-02	1.165148336494248937e+01
8.060771926214334304e-02	1.121949828328206422e+01
8.189177658479691868e-02	1.080399125954603790e+01
8.319323584551639728e-02	1.040431531628303574e+01
8.451224316728039865e-02	1.001984971793005208e+01
8.584894330461925738e-02	9.649998463632091017e+00
8.720347953671996055e-02	9.294189406704889578e+00
8.857599358207983442e-02	8.951873478302454501e+00
8.996662550299000527e-02	8.622523593174735268e+00
9.137551362047170722e-02	8.305633755865459378e+00
9.280279441189684397e-02	8.000718235755732266e+00
9.424860242571787838e-02	7.707310727060686872e+00
9.571307017552817265e-02	7.424963558861969126e+00
9.719632805421053734e-02	7.153246927496803131e+00
9.869850422447487559e-02	6.891748208360394479e+00
1.002197245328674963e-01	6.640071337717398769e+00
1.017601123800382229e-01	6.397835848383869539e+00
1.033197886980864455e-01	6.164676257930879366e+00
1.048988717495818457e-01	5.940241987006628754e+00
1.064974770837354978e-01	5.724196378098072024e+00
1.081157174233075835e-01	5.516215942522593174e+00
1.097537025676328104e-01	5.315990078872185443e+00
1.114115392786196590e-01	5.123220549532633505e+00
1.130893311834847009e-01	4.937620898458375152e+00
1.147871786771693797e-01	4.758916005983493847e+00
1.165051788072740818e-01	4.586841640256591468e+00
1.182434251773914619e-01	4.421144010536760760e+00
1.200020078472298080e-01	4.261579316595950573e+00
1.217810132209678070e-01	4.107913406357877051e+00
1.235805239484671775e-01	3.959921329451236538e+00
1.254006188292231538e-01	3.817386973172701037e+00
1.272413726982754012e-01	3.680102754913030960e+00
1.291028563312752175e-01	3.547869223761938695e+00
1.309851363494475840e-01	3.420494741242582570e+00
1.328882751079515090e-01	3.297795205058735579e+00
1.348123306033057189e-01	3.179593707882097942e+00
1.367573563806054049e-01	3.065720245542804978e+00
1.387234014258942605e-01	2.956011485393732041e+00
1.407105100746416093e-01	2.850310446136341103e+00
1.427187219298634568e-01	2.748466249094349667e+00
1.447480717473142164e-01	2.650333930482374090e+00
1.467985893637739903e-01	2.555774130899966856e+00
1.488702995953137265e-01	2.464652915223636054e+00
1.509632221588412815e-01	2.376841541702218397e+00
1.530773715810943847e-01	2.292216254221649763e+00
1.552127571178857079e-01	2.210658091073629539e+00
1.573693826719187727e-01	2.132052680536153932e+00
1.595472467149225970e-01	2.056290070487900579e+00
1.617463422122958072e-01	1.983264546942466788e+00
1.639666565446693813e-01	1.912874465194240425e+00
1.662081714450499015e-01	1.845022088631178558e+00
1.684708629208800101e-01	1.779613433574990466e+00
1.707547011991748798e-01	1.716558120057471770e+00
1.730596506529618328e-01	1.655769229903347739e+00
1.753856697541864018e-01	1.597163165724385658e+00
1.777327110065573534e-01	1.540659529236203085e+00
1.801007208979339691e-01	1.486180984464496424e+00
1.824896398560932331e-01	1.433653137955606782e+00
1.848994021909687591e-01	1.383004428064302349e+00
1.873299360672910918e-01	1.334166009707638878e+00
1.897811634526875013e-01	1.287071651936702477e+00
1.922530000892375412e-01	1.241657627411688170e+00
1.947453554688892419e-01	1.197862616285956250e+00
1.972581327944009366e-01	1.155627619755377200e+00
1.997912289631325333e-01	1.114895859821513069e+00
2.023445345548390006e-01	1.075612691689055822e+00
2.049179338044227194e-01	1.037725531237372545e+00
2.075113045991717475e-01	1.001183764072049343e+00
2.101245184771368124e-01	9.659386692611434677e-01
2.127574406157703435e-01	9.319433541002115629e-01
2.154099298396953410e-01	8.991526745262686804e-01
2.180818386351352500e-01	8.675231665952146676e-01
2.207730131484235692e-01	8.370129903334103671e-01
2.234832932115913551e-01	8.075818607437060814e-01
2.262125123591405551e-01	7.791909847527633826e-01
2.289604978613433983e-01	7.518030078013312467e-01
2.317270707405107433e-01	7.253819589841995485e-01
2.345120458216988502e-01	6.998931947610649296e-01
2.373152317578378356e-01	6.753033517840262290e-01
2.401364310801321900e-01	6.515802944169429844e-01
2.429754402489784915e-01	6.286930671734881626e-01
2.458320497036118879e-01	6.066118507629856271e-01
2.487060439201051742e-01	5.853079205497299098e-01
2.515972014695659342e-01	5.647535838673668485e-01
2.545052950930706270e-01	5.449222189916456127e-01
2.574300917633461916e-01	5.257881153279355679e-01
2.603713527675502459e-01	5.073265188009977722e-01
2.633288337825379077e-01	4.895135755237295938e-01
2.663022849604060882e-01	4.723262989194244588e-01
2.692914510132554673e-01	4.557425359019705025e-01
2.722960713105103125e-01	4.397409345155570692e-01
2.753158799731763584e-01	4.243009155111200359e-01
2.783506059689193624e-01	4.094026429989574001e-01
2.813999732261497355e-01	3.950269956881306554e-01
2.844637007298114750e-01	3.811555407892079361e-01
2.875415026457261991e-01	3.677705079204962590e-01
2.906330884237119383e-01	3.548547655248429078e-01
2.937381629214168566e-01	3.423917956093173731e-01
2.968564265315030704e-01	3.303656708950700183e-01
2.999875752958468533e-01	3.187610349700654155e-01
3.031313010394002805e-01	3.075630791546032361e-01
3.062872915069995150e-01	2.967575224017421909e-01
3.094552304838726897e-01	2.863305928952094570e-01
3.126347979489437212e-01	2.762690082603175279e-01
3.158256701990544979e-01	2.665599586557187428e-01
3.190275199998570121e-01	2.571910890234730962e-01
3.222400167257599701e-01	2.481504813357898742e-01
3.254628265145125821e-01	2.394266395909558087e-01
3.286956124036201632e-01	2.310084754358596448e-01
3.319380344849823250e-01	2.228852917635084918e-01
3.351897500664117180e-01	2.150467683422095377e-01
3.384504138101976922e-01	2.074829498885501222e-01
3.417196778954564307e-01	2.001842313668392437e-01
3.449971921807259978e-01	1.931413452612756043e-01
3.482826043483274181e-01	1.863453508486506705e-01
3.515755600697034189e-01	1.797876210306272315e-01
3.548757031706625265e-01	1.734598310885149264e-01
3.581826757785382953e-01	1.673539491050532457e-01
3.614961184894016077e-01	1.614622242391597629e-01
3.648156705342535111e-01	1.557771768763636100e-01
3.681409699264227564e-01	1.502915895775087940e-01
3.714716536357111076e-01	1.449984969096047849e-01
3.748073577443201687e-01	1.398911769780773195e-01
3.781477176016918018e-01	1.349631429377128322e-01
3.814923679962481384e-01	1.302081341289432204e-01
3.848409433033910809e-01	1.256201084231529652e-01
3.881930776540369887e-01	1.211932343402356838e-01
3.915484050866523402e-01	1.169218836544514140e-01
3.949065597071729772e-01	1.128006243198837466e-01
3.982671758438005027e-01	1.088242134404353162e-01
4.016298882027638517e-01	1.049875905629807094e-01
4.049943320228140409e-01	1.012858714628611934e-01
4.083601432218763039e-01	9.771434187105727809e-02
4.117269585565704326e-01	9.426845141466996814e-02
4.150944157599200657e-01	9.094380801505598522e-02
4.184621536998714419e-01	8.773617228531295498e-02
4.218298125114569586e-01	8.464145222634088250e-02
4.251970337531082444e-01	8.165569806905770278e-02
4.285634605326479329e-01	7.877509730782100705e-02
4.319287376611893881e-01	7.599596986888823569e-02
4.352925117746410111e-01	7.331476376977431875e-02
4.386544314735623673e-01	7.072805028928595694e-02
4.420141474605532306e-01	6.823251974772627515e-02
4.453713126553096036e-01	6.582497776642454168e-02
4.487255823269805655e-01	6.350234082793863866e-02
4.520766142237713781e-01	6.126163243769071343e-02
4.554240686789715609e-01	5.909997986819218868e-02
4.587676087351560406e-01	5.701461009444764444e-02
4.621069002653279134e-01	5.500284638389121156e-02
4.654416120694347958e-01	5.306210535740930878e-02
4.687714159904580735e-01	5.118989335792388518e-02
4.720959870240936107e-01	4.938380338249220153e-02
4.754150034089823507e-01	4.764151241060053665e-02
4.787281467306829796e-01	4.596077814323112215e-02
4.820351020247048424e-01	4.433943626546951039e-02
4.853355578534418457e-01	4.277539806165507608e-02
4.886292064027419890e-01	4.126664746890135183e-02
4.919157435742425033e-01	3.981123857818825995e-02
4.951948690527985253e-01	3.840729352809794245e-02
4.984662863929729681e-01	3.705299983168869327e-02
5.017297031007090791e-01	3.574660816601950980e-02
5.049848306918313101e-01	3.448643044241582467e-02
5.082313847659984951e-01	3.327083739722868500e-02
5.114690850852124937e-01	3.209825657209888772e-02
5.146976556110030021e-01	3.096717063352568203e-02
5.179168245850515051e-01	2.987611524239515079e-02
5.211263245694308655e-01	2.882367724101272607e-02
5.243258925096173639e-01	2.780849292023478483e-02
5.275152697762806042e-01	2.682924629677339509e-02
5.306942022137702830e-01	2.588466750491828436e-02
5.338624401810810882e-01	2.497353114433598434e-02
5.370197385919169841e-01	2.409465475847183402e-02
5.401658569516143427e-01	2.324689738043472093e-02
5.433005593844366654e-01	2.242915807424370259e-02
5.464236146726678678e-01	2.164037453188365212e-02
5.495347962719854262e-01	2.087952175148855352e-02
5.526338823471501627e-01	2.014561075620060343e-02
5.557206557795946189e-01	1.943768732691282530e-02
5.587949041990866172e-01	1.875483078046795773e-02
5.618564199855967667e-01	1.809615288597159199e-02
5.649050002870108500e-01	1.746079664177257670e-02
5.679404470341152811e-01	1.684793520939203981e-02
5.709625669329968511e-01	1.625677091231910940e-02
5.739711714857959057e-01	1.568653416576614584e-02
5.769660769761967289e-01	1.513648258817353910e-02
5.799471044749696658e-01	1.460589993849144980e-02
5.829140798430634263e-01	1.409409524480607911e-02
5.858668337109134150e-01	1.360040199623840061e-02
5.888052014770278619e-01	1.312417720445302818e-02
5.917290233041903047e-01	1.266480056269152221e-02
5.946381440911556737e-01	1.222167378204946052e-02
5.975324134653735575e-01	1.179421970291130543e-02
6.004116857704354659e-01	1.138188155598119852e-02
6.032758200342490662e-01	1.098412234645611968e-02
6.061246799554912412e-01	1.060042409470551145e-02
6.089581338754266326e-01	1.023028713602368474e-02
6.117760547615207489e-01	9.873229528787325418e-03
6.145783201656638273e-01	9.528786460066654071e-03
6.173648122023814855e-01	9.196509584325336661e-03
6.201354175244014888e-01	8.875966442930054504e-03
6.228900272761371815e-01	8.566739976791810929e-03
6.256285370668536183e-01	8.268427918795485942e-03
6.283508469408563002e-01	7.980642277912180713e-03
6.310568613255275183e-01	7.703008881525893851e-03
6.337464890071100587e-01	7.435166837405781867e-03
6.364196430833070073e-01	7.176768077183384720e-03
6.390762409246116826e-01	6.927476940473015557e-03
6.417162041262004513e-01	6.686969704879220169e-03
6.443394584743987741e-01	6.454934164431197670e-03
6.469459338913549074e-01	6.231069223978799587e-03
6.495355643979988658e-01	6.015084511804538389e-03
6.521082880622267597e-01	5.806699997341248885e-03
6.546640469532715167e-01	5.605645631984063418e-03
6.572027870894489032e-01	5.411660994029900487e-03
6.597244583945616192e-01	5.224494924751943957e-03
6.622290146455549475e-01	5.043905233115383337e-03
6.647164134159671001e-01	4.869658363085415699e-03
6.671866160356042519e-01	4.701529082248475690e-03
6.696395875249325780e-01	4.539300189446787703e-03
6.720752965566687553e-01	4.382762231044881260e-03
6.744937153891833459e-01	4.231713238117180281e-03
6.768948198186001131e-01	4.085958434844483983e-03
6.792785891305748169e-01	3.945309986897426770e-03
6.816450060334506844e-01	3.809586787209881271e-03
6.839940566095784602e-01	3.678614177592638267e-03
6.863257302663724468e-01	3.552223721882886119e-03
6.886400196678934549e-01	3.430253021186796102e-03
6.909369206857549628e-01	3.312545458324045889e-03
6.932164323498425373e-01	3.198949998313150005e-03
6.954785567786929690e-01	3.089321018638524225e-03
6.977232991303463638e-01	2.983518081545791061e-03
6.999506675530300370e-01	2.881405753479395707e-03
7.021606731147476133e-01	2.782853454235215910e-03
7.043533297550196304e-01	2.687735255364040367e-03
7.065286542332545050e-01	2.595929715477380325e-03
7.086866660616588653e-01	2.507319742038460666e-03
7.108273874544538407e-01	2.421792411339448049e-03
7.129508432796065609e-01	2.339238821479414435e-03
7.150570609884077111e-01	2.259553976271768804e-03
7.171460705676286906e-01	2.182636612355769775e-03
7.192179044909648988e-01	2.108389072052156785e-03
7.212725976496560110e-01	2.036717196544671118e-03
7.233101873052530939e-01	1.967530177920540167e-03
7.253307130412171011e-01	1.900740436958735626e-03
7.273342166954687160e-01	1.836263533897600480e-03
7.293207423115458665e-01	1.774018027360973982e-03
7.312903360983614709e-01	1.713925371958942637e-03
7.332430463521485420e-01	1.655909834263346670e-03
7.351789234255560190e-01	1.599898373768445002e-03
7.370980196604169921e-01	1.545820550161878127e-03
7.390003893465131313e-01	1.493608429569190117e-03
7.408860886632567810e-01	1.443196498198521605e-03
7.427551756315510234e-01	1.394521573530268978e-03
7.446077100619340472e-01	1.347522719885250238e-03
7.464437535054276873e-01	1.302141169556077227e-03
7.482633692050018048e-01	1.258320243077813141e-03
7.500666220411292828e-01	1.216005278477528834e-03
7.518535784924484933e-01	1.175143552687123736e-03
7.536243065765704241e-01	1.135684218252820199e-03
7.553788758144460713e-01	1.097578230673320167e-03
7.571173571717101369e-01	1.060778289066669974e-03
7.588398230236037545e-01	1.025238768350647577e-03
7.605463470977863460e-01	9.909156643830960461e-04
7.622370044413395718e-01	9.577665303621096761e-04
7.639118713644019731e-01	9.257504298634490134e-04
7.655710254009112647e-01	8.948278715261716006e-04
7.672145452730942949e-01	8.649607602753365144e-04
7.688425108332995750e-01	8.361123585625742380e-04
7.704550030307375508e-01	8.082472231869841954e-04
7.720521038747049092e-01	7.813311612852827815e-04
7.736338963814715086e-01	7.553311980117296620e-04
7.752004645387583492e-01	7.302155184164392130e-04
7.767518932762572659e-01	7.059534280800748010e-04
7.782882684077447877e-01	6.825153243752089512e-04
7.798096766049926742e-01	6.598726453724931178e-04
7.813162053609187252e-01	6.379978337278540725e-04
7.828079429439955828e-01	6.168643093210984200e-04
7.842849783643333073e-01	5.964464268881806627e-04
7.857474013465004514e-01	5.767194405878860045e-04
7.871953022808427791e-01	5.576594811455837242e-04
7.886287721930907990e-01	5.392435187668243252e-04
7.900479027191312786e-01	5.214493272957547356e-04
7.914527860579114726e-01	5.042554702389047839e-04
7.928435149432836448e-01	4.876412596704863688e-04
7.942201826197130554e-01	4.715867333435354411e-04
7.955828827983070228e-01	4.560726330624156606e-04
7.969317096278279999e-01	4.410803739758421002e-04
7.982667576791485642e-01	4.265920205002863078e-04
7.995881218919216327e-01	4.125902680208850051e-04
8.008958975639889344e-01	3.990584191448534146e-04
8.021901803093741679e-01	3.859803590088403571e-04
8.034710660424506656e-01	3.733405348068684414e-04
8.047386509404912402e-01	3.611239401764005231e-04
8.059930314207028879e-01	3.493160916988654750e-04
8.072343041150230603e-01	3.379030108741818382e-04
8.084625658412923910e-01	3.268712079797625437e-04
8.096779135808834793e-01	3.162076629993384167e-04
8.108804444501217512e-01	3.058998098366527544e-04
8.120702556823334861e-01	2.959355199013801309e-04
8.132474445950718112e-01	2.863030872190967043e-04
8.144121085794894244e-01	2.769912120805858181e-04
8.155643450626349766e-01	2.679889872599568743e-04
8.167042515024147686e-01	2.592858853539074240e-04
8.178319253503298913e-01	2.508717444268947520e-04
8.189474640382122805e-01	2.427367547458886320e-04
8.200509649630548514e-01	2.348714457098672833e-04
8.211425254525333006e-01	2.272666759243832527e-04
8.222222427627460251e-01	2.199136193591772739e-04
8.232902140454159134e-01	2.128037572521889755e-04
8.243465363330297890e-01	2.059288637973713564e-04
8.253913065308048358e-01	1.992809967158211545e-04
8.264246213834688382e-01	1.928524903309201022e-04
8.274465774656099004e-01	1.866359417021150682e-04
8.284572711742271833e-01	1.806242022292272307e-04
8.294567986943197635e-01	1.748103719835756035e-04
8.304452559951579493e-01	1.691877875963124732e-04
8.314227388180004397e-01	1.637500131204156113e-04
8.323893426491834058e-01	1.584908370094829726e-04
8.333451627160400887e-01	1.534042597676807786e-04
8.342902939674865515e-01	1.484844869146428794e-04
8.352248310691791078e-01	1.437259229276926684e-04
8.361488683764445318e-01	1.391231660256635975e-04
8.370624999300251279e-01	1.346709977755349745e-04
8.379658194508063929e-01	1.303643775730854823e-04
8.388589203113147041e-01	1.261984398277640263e-04
8.397418955340655300e-01	1.221684834767236896e-04
8.406148377881629274e-01	1.182699677012104527e-04
8.414778393575068627e-01	1.144985083529695289e-04
8.423309921512677212e-01	1.108498690006575203e-04
8.431743876861260700e-01	1.073199581840694083e-04
8.440081170685576062e-01	1.039048247528043950e-04
8.448322709997483360e-01	1.006006506051064026e-04
8.456469397590231640e-01	9.740374795234792724e-05
8.464522131914125058e-01	9.431055517434754423e-05
8.472481807084770722e-01	9.131763045101275894e-05
8.480349312742159196e-01	8.842164884959719234e-05
8.488125534002923800e-01	8.561939872236141026e-05
8.495811351340922801e-01	8.290777698609999591e-05
8.503407640586009286e-01	8.028378522816073605e-05
8.510915272812948906e-01	7.774452694728286619e-05
8.518335114245561002e-01	7.528720349057497563e-05
8.525668026306859604e-01	7.290911007828947685e-05
8.532914865413289141e-01	7.060763417581026463e-05
8.540076483015852649e-01	6.838025104859276823e-05
8.547153725554561543e-01	6.622452037309732261e-05
8.554147434318253307e-01	6.413808469891037602e-05
8.561058445510982828e-01	6.211866549541709200e-05
8.567887590108783646e-01	6.016406139346705366e-05
8.574635693841826667e-01	5.827214443537680617e-05
8.581303577239661751e-01	5.644085788352780158e-05
8.587892055440318195e-01	5.466821488738884721e-05
8.594401938245783690e-01	5.295229458145122301e-05
8.600834030152921805e-01	5.129123969294927308e-05
8.607189130142892663e-01	4.968325684882919798e-05
8.613468031789652812e-01	4.812661155703581978e-05
8.619671523229335275e-01	4.661962673066096880e-05
8.625800387066432373e-01	4.516068250868320402e-05
8.631855400363750430e-01	4.374821242252054093e-05
8.637837334695586122e-01	4.238070207411474366e-05
8.643746956036509888e-01	4.105668805280583299e-05
8.649585024757431295e-01	3.977475518024310307e-05
8.655352295716743916e-01	3.853353498710979368e-05
8.661049518075030207e-01	3.733170574075485673e-05
8.666677435383851602e-01	3.616798858971128066e-05
8.672236785609771514e-01	3.504114700476266387e-05
8.677728301028366786e-01	3.394998606615359191e-05
8.683152708254081587e-01	3.289335018763000433e-05
8.688510728296130470e-01	3.187012173714535296e-05
8.693803076456920742e-01	3.087922072093083128e-05
8.699030462333341429e-01	2.991960237902355351e-05
8.704193589984066115e-01	2.899025595651756929e-05
8.709293157663872131e-01	2.809020488654048002e-05
8.714329858047360489e-01	2.721850466263346939e-05
8.719304378070915629e-01	2.637424173361336993e-05
8.724217399068199263e-01	2.555653252735086387e-05
8.729069596695436806e-01	2.476452248480197043e-05
8.733861640936297910e-01	2.399738560810639695e-05
8.738594196163356198e-01	2.325432243736463777e-05
8.743267921092094941e-01	2.253456004765788521e-05
8.747883468820565334e-01	2.183735092671214929e-05
8.752441486805719872e-01	2.116197185782614837e-05
8.756942616958005576e-01	2.050772335853949519e-05
8.761387495505796874e-01	1.987392900185249722e-05
8.765776753192806581e-01	1.925993422834709726e-05
8.770111015113686292e-01	1.866510599354157535e-05
8.774390900889521561e-01	1.808883187361583301e-05
8.778617024534461910e-01	1.753051929901279098e-05
8.782789994628354968e-01	1.698959516069836951e-05
8.786910414177169226e-01	1.646550526618923858e-05
8.790978880700008880e-01	1.595771297472658017e-05
8.794995986390805598e-01	1.546569889462448734e-05
8.798962317820392398e-01	1.498896147729412276e-05
8.802878456225350368e-01	1.452701477965554541e-05
8.806744977497922289e-01	1.407938823139859297e-05
8.810562452056320826e-01	1.364562749007611675e-05
8.814331444990803899e-01	1.322529229118917159e-05
8.818052516141683395e-01	1.281795639852815251e-05
8.821726219938049729e-01	1.242320809803181568e-05
8.825353105564147649e-01	1.204064846056829261e-05
8.828933716999282089e-01	1.166989133734957228e-05
8.832468592925786233e-01	1.131056346783689344e-05
8.835958266824186502e-01	1.096230339189615935e-05
8.839403267067657000e-01	1.062476101490761585e-05
8.842804116813639537e-01	1.029759794032508958e-05
8.846161334098547879e-01	9.980486494514604614e-06
8.849475431924369584e-01	9.673109307485267466e-06
8.852746918170488755e-01	9.375159574924033892e-06
8.855976295672133292e-01	9.086340082230257503e-06
8.859164062331957856e-01	8.806363058439184584e-06
8.862310710995398022e-01	8.534950308299422094e-06
8.865416729561421683e-01	8.271832175925558490e-06
8.868482601112037678e-01	8.016747565610669572e-06
8.871508803712829794e-01	7.769443961081339101e-06
8.874495810679309260e-01	7.529676905578978849e-06
8.877444090407571320e-01	7.297209573180024240e-06
8.880354106580370388e-01	7.071812734392807742e-06
8.883226318071342220e-01	6.853264444189062279e-06
8.886061179034947521e-01	6.641349830794490614e-06
8.888859138933025150e-01	6.435860714510710974e-06
8.891620642574982192e-01	6.236595698401918820e-06
8.894346130078819579e-01	6.043359754896951074e-06
8.897036037032794997e-01	5.855963747067511300e-06
8.899690794436521113e-01	5.674224758635705054e-06
8.902310828702666434e-01	5.497965690584343016e-06
8.904896561822436274e-01	5.327014840625519890e-06
8.907448411249671016e-01	5.161205929367949882e-06
8.909966790053798213e-01	5.000378014722654300e-06
8.912452106854147349e-01	4.844375190004989601e-06
8.914904765922239127e-01	4.693046349714842548e-06
8.917325167215118809e-01	4.546245151489752519e-06
8.919713706325979041e-01	4.403829817536207576e-06
8.922070774672310467e-01	4.265662901521857506e-06
8.924396759350180508e-01	4.131611506005725506e-06
8.926692043254774722e-01	4.001546636735829288e-06
8.928957005212553311e-01	3.875343167407465595e-06
8.931192019795556325e-01	3.752880257773249977e-06
8.933397457505262151e-01	3.634040456044894084e-06
8.935573684869558830e-01	3.518709893178338628e-06
8.937721064244840141e-01	3.406778503732430434e-06
8.939839954050339266e-01	3.298139348164054435e-06
8.941930708790308824e-01	3.192688689429501072e-06
8.943993678930594049e-01	3.090326220461478067e-06
8.946029211108161849e-01	2.990954504794363550e-06
8.948037648066831107e-01	2.894478940103550024e-06
8.950019328750692393e-01	2.800807876114856949e-06
8.951974588270124045e-01	2.709852478580466462e-06
8.953903757948573627e-01	2.621526435602863082e-06
8.955807165462803532e-01	2.535745918951527638e-06
8.957685134704252983e-01	2.452429764735907719e-06
8.959537985906866897e-01	2.371499036341245405e-06
8.961366035745528258e-01	2.292877003620718670e-06
8.963169597188249682e-01	2.216489339170697310e-06
8.964948979703725174e-01	2.142263597840767648e-06
8.966704489239004650e-01	2.070129419354160124e-06
8.968436428163421015e-01	2.000018526435017896e-06
8.970145095440057448e-01	1.931864282560410879e-06
8.971830786589535256e-01	1.865601911071735459e-06
8.973493793671122321e-01	1.801168381933494237e-06
8.975134405443639940e-01	1.738502191715873035e-06
8.976752907253968683e-01	1.677543390661160554e-06
8.978349581189085660e-01	1.618233433412321733e-06
8.979924706041834126e-01	1.560515126969650868e-06
8.981478557348582248e-01	1.504332551156210624e-06
8.983011407454140063e-01	1.449630972886750081e-06
8.984523525458874005e-01	1.396356697326719270e-06
8.986015177394734987e-01	1.344456943603767187e-06
8.987486626102418885e-01	1.293879871629097456e-06
8.988938131337482762e-01	1.244574320396491180e-06
8.990369949831481522e-01	1.196489673013257145e-06
8.991782335247923141e-01	1.149575828376622355e-06
8.993175538266424685e-01	1.103782929398805914e-06
8.994549806588076901e-01	1.059061274836547603e-06
8.995905384954078210e-01	1.015360979751061003e-06
8.997242515244328054e-01	9.726317676492619233e-07
8.998561436396206314e-01	9.308228422958147216e-07
8.999862384502440582e-01	8.898822277658394959e-07
9.001145592916391935e-01	8.497565571876156386e-07
9.002411292059974146e-01	8.103906461211877103e-07
9.003659709661708810e-01	7.717265831786279544e-07
9.004891070746481319e-01	7.337029806351370369e-07
9.006105597557870768e-01	6.962541979982629330e-07
9.007303509657643703e-01	6.593086152952443428e-07
9.008485024058616730e-01	6.227869715291693854e-07
9.009650355007398081e-01	5.866000584551632363e-07
9.010799714214428047e-01	5.506450453045510100e-07
9.011933310853683654e-01	5.148006207223185192e-07
9.013051351505008135e-01	4.784157925602357974e-07
9.014154040213288033e-01	4.423302552012938226e-07
9.015241578620349916e-01	4.057867715335756159e-07
9.016314165814677262e-01	3.684632667166391013e-07
9.017371998472201167e-01	3.298964885726432694e-07
9.018415270892589097e-01	2.893806164722995088e-07
9.019444174943015424e-01	2.457570534555331034e-07
9.020458900130964297e-01	1.967391249239632047e-07
9.021459633701763847e-01	1.363303438942047190e-07
9.022446560494590262e-01	0.000000000000000000e+00
