# Data associated with arXiv:2110.09653
# 
# Scale-free J-factor angular distribution, J_S(theta), of a nfw0-9 dark matter distribution (see Eq. 8 and the surrounding discussion)
# 
# Published: 3/29/22, Jack Runburg, contact: runburg@hawaii.edu
# 
# 
# -----------------------------------------------------------------
# 
# 	 tilde theta 		 | 	 tilde J s-wave 		 | 	 tilde J p-wave 		 | 	 tilde J d-wave 		 | 	 tilde J sommerfeld 
# 
# -----------------------------------------------------------------
1.000000000000000021e-03	4.488759434218181354e+02	1.646679044071032649e+01	5.236558727929133461e+00	7.837528623313498429e+03
1.021192151037671062e-03	4.412062047157250504e+02	1.639282916426040160e+01	5.224235438080603977e+00	7.619261131647735965e+03
1.042833409340945643e-03	4.336668506289342986e+02	1.631885009185766222e+01	5.211882349453778929e+00	7.407158615521897445e+03
1.064933292458827233e-03	4.262511970582773984e+02	1.624482861767566177e+01	5.199495347832046477e+00	7.200889590757766200e+03
1.087501519637659123e-03	4.189582071976465727e+02	1.617077099398454720e+01	5.187075098857508060e+00	7.000332709251539200e+03
1.110548016095517111e-03	4.117878999406668186e+02	1.609669009925906025e+01	5.174623269869226050e+00	6.805391605543559308e+03
1.134082917387199208e-03	4.047393971031395949e+02	1.602259386176416101e+01	5.162140773260031956e+00	6.615963375619271574e+03
1.158116573861711456e-03	3.978065876671017804e+02	1.594845827890854473e+01	5.149623570791267646e+00	6.431743451948740585e+03
1.182659555214217667e-03	3.909885087435560536e+02	1.587428976133956660e+01	5.137072335937673095e+00	6.252620342501405503e+03
1.207722655134462354e-03	3.842852380251963496e+02	1.580010160677289477e+01	5.124488803891997790e+00	6.078524752958585850e+03
1.233316896053688856e-03	3.776957577882160990e+02	1.572590053878841410e+01	5.111873685655578647e+00	5.909341247864582328e+03
1.259453533992170365e-03	3.712144827748864486e+02	1.565166317703936194e+01	5.099223018733886725e+00	5.744812631435197545e+03
1.286144063509461061e-03	3.648405189014822554e+02	1.557739604261305111e+01	5.086537478441432114e+00	5.584834392819778259e+03
1.313400222759557485e-03	3.585739933145196687e+02	1.550311335366074772e+01	5.073818882203974923e+00	5.429357229406946317e+03
1.341233998653187541e-03	3.524137731117708654e+02	1.542882029896657770e+01	5.061067736973362763e+00	5.278262981263297661e+03
1.369657632129505243e-03	3.463547552599922597e+02	1.535449423283407100e+01	5.048280161466029980e+00	5.131323101498946016e+03
1.398683623539492566e-03	3.403961097228566359e+02	1.528014195806876074e+01	5.035456840333831785e+00	4.988453025444116065e+03
1.428324738143458596e-03	3.345380048039222061e+02	1.520577766046559454e+01	5.022599638240183850e+00	4.849588828564355026e+03
1.458594011725036863e-03	3.287792140848152940e+02	1.513140548082980708e+01	5.009708865218101437e+00	4.714639891845240527e+03
1.489504756324154782e-03	3.231150766921052764e+02	1.505700399939683543e+01	4.996780732957738280e+00	4.583401782943762555e+03
1.521070566091505720e-03	3.175448222197179575e+02	1.498257981352271884e+01	4.983815923285683347e+00	4.455794961601603973e+03
1.553305323267072666e-03	3.120686527648314268e+02	1.490814750898014474e+01	4.970816366263290931e+00	4.331773576558194691e+03
1.586223204285366938e-03	3.066852676040935535e+02	1.483371028609305498e+01	4.957782173711527740e+00	4.211242509574509313e+03
1.619838686010041055e-03	3.013904111980561424e+02	1.475924717037119649e+01	4.944709626460698892e+00	4.094026876233822350e+03
1.654166552100628336e-03	2.961833686377416939e+02	1.468476507412281151e+01	4.931599417320803092e+00	3.980054233400484463e+03
1.689221899514206692e-03	2.910643693152437663e+02	1.461027889587851547e+01	4.918453533189911298e+00	3.869287904022893599e+03
1.725020145144853453e-03	2.860320551850840047e+02	1.453579099054999801e+01	4.905271901490510622e+00	3.761638286298438743e+03
1.761577032603788440e-03	2.810825421923570957e+02	1.446128108530991163e+01	4.892050883140228734e+00	3.656949058188718482e+03
1.798908639143220224e-03	2.762151670695380403e+02	1.438675593645805506e+01	4.878791160466994903e+00	3.555160296003180065e+03
1.837031382726912916e-03	2.714301807742713777e+02	1.431223084495861464e+01	4.865494781380336420e+00	3.456227196061671293e+03
1.875962029250603357e-03	2.667261829224352709e+02	1.423770707956383852e+01	4.852161478196832078e+00	3.360077087697977277e+03
1.915717699915417882e-03	2.620996298191207075e+02	1.416316499037194809e+01	4.838787678785272384e+00	3.266569568305763823e+03
1.956315878757565116e-03	2.575499062558224637e+02	1.408861177525455943e+01	4.825374085119999101e+00	3.175649206778237385e+03
1.997774420337589726e-03	2.530772797109642624e+02	1.401406329020109531e+01	4.811922814836417039e+00	3.087286928865561094e+03
2.040111557592579582e-03	2.486803206464779805e+02	1.393951916482731690e+01	4.798433367189818277e+00	3.001404595029946904e+03
2.083345909854779961e-03	2.443557971197078302e+02	1.386496077875414734e+01	4.784902261346232422e+00	2.917883408683107518e+03
2.127496491040134757e-03	2.401031386351065748e+02	1.379039542135753571e+01	4.771330194176931272e+00	2.836673723837628131e+03
2.172582718010372237e-03	2.359226247813306827e+02	1.371583920564836667e+01	4.757719334020418245e+00	2.757749694925670610e+03
2.218624419112281976e-03	2.318128084079189364e+02	1.364129073906168976e+01	4.744068984093562591e+00	2.681039867528782906e+03
2.265641842897974604e-03	2.277707430470354097e+02	1.356673247187867482e+01	4.730375759917421874e+00	2.606439507429138303e+03
2.313655667029933423e-03	2.237958998028360895e+02	1.349217157761105135e+01	4.716640357369540126e+00	2.533907431354767596e+03
2.362687007374795686e-03	2.198885665224125887e+02	1.341762471018452807e+01	4.702865024079404321e+00	2.463412247324017699e+03
2.412757427289825233e-03	2.160472885100265046e+02	1.334308906787626725e+01	4.689048838936393793e+00	2.394894398002525577e+03
2.463888947106213784e-03	2.122693806352650370e+02	1.326854768505548776e+01	4.675188480951804060e+00	2.328258979983501831e+03
2.516104053813336943e-03	2.085543526929267557e+02	1.319400828386682356e+01	4.661284672514408811e+00	2.263466460353642105e+03
2.569425710948245768e-03	2.049024974433992838e+02	1.311948766380900722e+01	4.647339694212143435e+00	2.200499090893600169e+03
2.623877368694733318e-03	2.013123614061209423e+02	1.304498224063591039e+01	4.633352441423526535e+00	2.139294082460120990e+03
2.679482974196439188e-03	1.977814986002101421e+02	1.297047588825900988e+01	4.619319692528687682e+00	2.079771469511872965e+03
2.736266982088478034e-03	1.943094548186787449e+02	1.289597607947498048e+01	4.605242156580322543e+00	2.021896125657289076e+03
2.794254365252289707e-03	1.908965248344986776e+02	1.282150018740405351e+01	4.591122185682900536e+00	1.965649853102941961e+03
2.853470625798387814e-03	1.875412639404238746e+02	1.274704348007455756e+01	4.576958453987238329e+00	1.910977878430041301e+03
2.913941806281861776e-03	1.842414449568232442e+02	1.267259071257015712e+01	4.562747823713515949e+00	1.857808169609294737e+03
2.975694501155571117e-03	1.809966471439785494e+02	1.259814937586588890e+01	4.548490996304720646e+00	1.806112429959194969e+03
3.038755868466027146e-03	1.778071647936255317e+02	1.252373726129662224e+01	4.534190393617938852e+00	1.755870516773433565e+03
3.103153641797168783e-03	1.746715684828633357e+02	1.244934883784019775e+01	4.519844506207105539e+00	1.707034310992258725e+03
3.168916142467233243e-03	1.715878311307054958e+02	1.237496919625982983e+01	4.505450251012707241e+00	1.659540078838696672e+03
3.236072291984112663e-03	1.685555631179236400e+02	1.230060603375926753e+01	4.491008337567558684e+00	1.613358061077823777e+03
3.304651624764658874e-03	1.655750561318789664e+02	1.222627732721265481e+01	4.476521235632103135e+00	1.568477854079097142e+03
3.374684301123556836e-03	1.626449015689619841e+02	1.215197671082872333e+01	4.461987238143533041e+00	1.524849708533702596e+03
3.446201120537424525e-03	1.597632552960367036e+02	1.207769036766437942e+01	4.447403365185889967e+00	1.482421283576206633e+03
3.519233535190044709e-03	1.569297566291197938e+02	1.200342541143202624e+01	4.432770239182797667e+00	1.441166836398571377e+03
3.593813663804625805e-03	1.541446928310870703e+02	1.192919939774267135e+01	4.418090271456478924e+00	1.401074108750849518e+03
3.669974305769219299e-03	1.514066808196751026e+02	1.185500451439182967e+01	4.403361504915390690e+00	1.362099782474837866e+03
3.747748955561452412e-03	1.487140436633269758e+02	1.178082798522710384e+01	4.388581063855798270e+00	1.324196246412637947e+03
3.827171817478984984e-03	1.460664475759101038e+02	1.170667783528325856e+01	4.373749681354632379e+00	1.287342640155824711e+03
3.908277820682117681e-03	1.434641738738617107e+02	1.163257219894158645e+01	4.358869877006601889e+00	1.251526519453816718e+03
3.991102634555192957e-03	1.409058689263482336e+02	1.155850268801044400e+01	4.343939504424302989e+00	1.216709378499989043e+03
4.075682684393532908e-03	1.383900085598319833e+02	1.148445710580625878e+01	4.328955737492155009e+00	1.182849322342300866e+03
4.162055167422817371e-03	1.359162839868942854e+02	1.141044325755192013e+01	4.313919292653985771e+00	1.149924652163777637e+03
4.250258069157961290e-03	1.334849693105542485e+02	1.133648008445543098e+01	4.298832816197433182e+00	1.117928905742513734e+03
4.340330180108637088e-03	1.310947436034265365e+02	1.126255818680111531e+01	4.283693952267948468e+00	1.086822912055898087e+03
4.432311112838861061e-03	1.287442222014042272e+02	1.118866577774918980e+01	4.268499951433724959e+00	1.056570941913852948e+03
4.526241319388085715e-03	1.264331195518057456e+02	1.111481112600728594e+01	4.253251557501926072e+00	1.027156184801762947e+03
4.622162109061505458e-03	1.241617014987925955e+02	1.104101363928998936e+01	4.237951462137144354e+00	9.985700028432318049e+02
4.720115666597336779e-03	1.219286824666921376e+02	1.096726283117031819e+01	4.222597103312100586e+00	9.707796659790693639e+02
4.820145070719144588e-03	1.197328051574865810e+02	1.089354767942205093e+01	4.207185797896173085e+00	9.437520591446088929e+02
4.922294313081310678e-03	1.175738056015640609e+02	1.081987672833138703e+01	4.191718316874100125e+00	9.174723712163281562e+02
5.026608317615998724e-03	1.154519405477492171e+02	1.074626924302129893e+01	4.176197393738641850e+00	8.919330437852955811e+02
5.133132960290130720e-03	1.133659618827116162e+02	1.067271391480368692e+01	4.160620274847397937e+00	8.671038857846931478e+02
5.241915089281041530e-03	1.113147285334465124e+02	1.059920109544673039e+01	4.144984437235216923e+00	8.429570644672894559e+02
5.353002545579732367e-03	1.092979965880553834e+02	1.052573928632268618e+01	4.129290659332798263e+00	8.194774942897780647e+02
5.466444184030696055e-03	1.073160130315590379e+02	1.045234793805393458e+01	4.113541727722927810e+00	7.966604090148508703e+02
5.582289894817666839e-03	1.053675688491091051e+02	1.037901495376393868e+01	4.097734677084940991e+00	7.744766639593207174e+02
5.700590625404708227e-03	1.034516289938183036e+02	1.030573115395503692e+01	4.081867056222461265e+00	7.529014542846969107e+02
5.821398402942216249e-03	1.015679681791593509e+02	1.023250519344693288e+01	4.065939643099006240e+00	7.319235791322488467e+02
5.944766357147824969e-03	9.971682311259840503e+01	1.015935688205705212e+01	4.049955282645623100e+00	7.115359436400993900e+02
6.070748743672167193e-03	9.789702510387091650e+01	1.008627315902203314e+01	4.033910782796950478e+00	6.917144318775701777e+02
6.199400967959818945e-03	9.610763577860116413e+01	1.001324562074057845e+01	4.017803770271997976e+00	6.724368545521469969e+02
6.330779609615908021e-03	9.434844714755112705e+01	9.940282967687252835e+00	4.001635045163110860e+00	6.536922235924761253e+02
6.464942447289089879e-03	9.261968526887945075e+01	9.867403499725703853e+00	3.985407170858280779e+00	6.354761001154856785e+02
6.601948484081890736e-03	9.092022262544763578e+01	9.794592763192239815e+00	3.969116628388059453e+00	6.177647490776153063e+02
6.741857973499477616e-03	8.924920895046136593e+01	9.721843205129758303e+00	3.952761175801909221e+00	6.005397470229451073e+02
6.884732445948405985e-03	8.760645231473300498e+01	9.649163828179720070e+00	3.936341659114731328e+00	5.837906644831367657e+02
7.030634735796891313e-03	8.599216787369056192e+01	9.576574753873433821e+00	3.919861028369612921e+00	5.675142546413223954e+02
7.179629009008595825e-03	8.440526980990041750e+01	9.504061214143064262e+00	3.903315653696188825e+00	5.516883263624653182e+02
7.331780791361950343e-03	8.284498812352669006e+01	9.431616427751423615e+00	3.886703403701147863e+00	5.362962985814406238e+02
7.487156997267587974e-03	8.131114579165270584e+01	9.359249737820528381e+00	3.870025170395308134e+00	5.213303281487951608e+02
7.645825959196438613e-03	7.980394691604900004e+01	9.286981682297362539e+00	3.853283981988915752e+00	5.067856675157643167e+02
7.807857457731475631e-03	7.832234762515835769e+01	9.214796812209938182e+00	3.836476067524113187e+00	4.926437432191418111e+02
7.973322752256328111e-03	7.686565100556138930e+01	9.142688888107810996e+00	3.819599360781049668e+00	4.788897370134101266e+02
8.142294612294233985e-03	7.543369387175528118e+01	9.070667047533659044e+00	3.802654696012685687e+00	4.655154956920527525e+02
8.314847349511189298e-03	7.402666920443569154e+01	8.998751999192142748e+00	3.785645207805941492e+00	4.525185214997231355e+02
8.491056850397209546e-03	7.264357508242861172e+01	8.926927857082933571e+00	3.768566984669413422e+00	4.398806371646883235e+02
8.671000609640279119e-03	7.128378111020930419e+01	8.855189437121486762e+00	3.751418138740198582e+00	4.275892911472327569e+02
8.854757764207504128e-03	6.994713693406055199e+01	8.783546512690545427e+00	3.734199696979724425e+00	4.156379060018979317e+02
9.042409128148579806e-03	6.863382443708891856e+01	8.712019577290586625e+00	3.716914768943228253e+00	4.040232133845242402e+02
9.234037228136720080e-03	6.734288343415998668e+01	8.640592012087356721e+00	3.699559215668347001e+00	3.927295102827811206e+02
9.429726339762870002e-03	6.607374403105632155e+01	8.569258784227313797e+00	3.682131137943433608e+00	3.817454614457560069e+02
9.629562524599030379e-03	6.482626778587997762e+01	8.498027326146461391e+00	3.664631049286935838e+00	3.710652803749308077e+02
9.833633668047030499e-03	6.360062555984262644e+01	8.426917663516634960e+00	3.647062019455036719e+00	3.606859161508218676e+02
1.004202951798940403e-02	6.239589850771761803e+01	8.355912142937546250e+00	3.629419571349532081e+00	3.505930193924663172e+02
1.025484172425938229e-02	6.121157174581996685e+01	8.285006892207897877e+00	3.611701981745763845e+00	3.407769951711327394e+02
1.047216387894729824e-02	6.004751787089004722e+01	8.214211954915315417e+00	3.593910377496494224e+00	3.312317728512145436e+02
1.069409155756119272e-02	5.890389686625977816e+01	8.143548438095560726e+00	3.576048125553884294e+00	3.219559623276721254e+02
1.092072236105970547e-02	5.777983067604434808e+01	8.072998257192891103e+00	3.558110664032720027e+00	3.129356675460643373e+02
1.115215595877575537e-02	5.667485439456076790e+01	8.002558524322079592e+00	3.540096523840339682e+00	3.041624599208633413e+02
1.138849413224978825e-02	5.558885085612532606e+01	7.932239606043423485e+00	3.522006924124121863e+00	2.956320642446983129e+02
1.162984081999205582e-02	5.452196934830928399e+01	7.862062734242013740e+00	3.503845375010905983e+00	2.873417938575297512e+02
1.187630216319339981e-02	5.347337192328923550e+01	7.792009255136635559e+00	3.485607156468319534e+00	2.792801169355007005e+02
1.212798655240480798e-02	5.244263905975699203e+01	7.722076910983611597e+00	3.467290901768304678e+00	2.714394237659602709e+02
1.238500467520621366e-02	5.142966307958469230e+01	7.652276134201622781e+00	3.448897911418491891e+00	2.638153288475553495e+02
1.264746956488544717e-02	5.043458280055310183e+01	7.582628112457115321e+00	3.430431721271852474e+00	2.564062244029046269e+02
1.291549665014883955e-02	4.945659958559781444e+01	7.513111589912872645e+00	3.411886828238479996e+00	2.492010770633908407e+02
1.318920380588532899e-02	4.849533510001703007e+01	7.443722467722546199e+00	3.393261299075485127e+00	2.421933961681804419e+02
1.346871140500627631e-02	4.755069045572418673e+01	7.374471059341716206e+00	3.374556417383626883e+00	2.353792691778478456e+02
1.375414237138396570e-02	4.662279425568634394e+01	7.305378515198676759e+00	3.355775780542140652e+00	2.287571943380070820e+02
1.404562223391196511e-02	4.571088629094974465e+01	7.236425615989584337e+00	3.336914452942038700e+00	2.223173247255944887e+02
1.434327918171109106e-02	4.481462557701438243e+01	7.167611732397505264e+00	3.317971472579990255e+00	2.160538270978026958e+02
1.464724412050539583e-02	4.393392136251296165e+01	7.098947823009090996e+00	3.298948401888275317e+00	2.099637171937152402e+02
1.495765073019278586e-02	4.306889232616370577e+01	7.030455431048578951e+00	3.279849165854029192e+00	2.040450397562140381e+02
1.527463552363575450e-02	4.221881571802993705e+01	6.962114854235465167e+00	3.260668697141708705e+00	1.982892628083485818e+02
1.559833790669801906e-02	4.138338440501902227e+01	6.893925967949940947e+00	3.241406130588345480e+00	1.926913524079106708e+02
1.592890023955338338e-02	4.056251516748624653e+01	6.825899651203555685e+00	3.222063009360266239e+00	1.872479996424519015e+02
1.626646789929399317e-02	3.975631706076970318e+01	6.758056938764455346e+00	3.202643248658072483e+00	1.819582925467268808e+02
1.661118934386526108e-02	3.896410377574253658e+01	6.690374230002750444e+00	3.183140542857969990e+00	1.768138779215954628e+02
1.696321617735579643e-02	3.818559883080411765e+01	6.622850146561616747e+00	3.163553578291992352e+00	1.718103152227654959e+02
1.732270321667098503e-02	3.742072597664520117e+01	6.555495901599108777e+00	3.143884010251234429e+00	1.669452299788586345e+02
1.768980855961942850e-02	3.666958496096166442e+01	6.488332489891233124e+00	3.124135685159121323e+00	1.622170801536083502e+02
1.806469365444235767e-02	3.593152484847703221e+01	6.421339744534578564e+00	3.104303404630614160e+00	1.576188850434509163e+02
1.844752337081655841e-02	3.520629689124111650e+01	6.354519368940882096e+00	3.084386930993309850e+00	1.531467860805027783e+02
1.883846607236187159e-02	3.449383128171391633e+01	6.287882685947942640e+00	3.064388158489263159e+00	1.487982637977859781e+02
1.923769369068539445e-02	3.379421880155158675e+01	6.221451490257517314e+00	3.044311579211062657e+00	1.445724775901826149e+02
1.964538180099485026e-02	3.310684277395097297e+01	6.155205007546810769e+00	3.024151728350064072e+00	1.404627448252743136e+02
2.006170969931423895e-02	3.243147952399458944e+01	6.089145033613819535e+00	3.003908455622469109e+00	1.364657210924542312e+02
2.048686048133601528e-02	3.176806519968308606e+01	6.023278709720504942e+00	2.983582303491861598e+00	1.325793023364681460e+02
2.092102112294418406e-02	3.111668195140270754e+01	5.957625845024783651e+00	2.963177196146341785e+00	1.288023907784037476e+02
2.136438256244391209e-02	3.047674623286706819e+01	5.892165438149016943e+00	2.942687605715461174e+00	1.251291722478240587e+02
2.181713978453380873e-02	2.984805701532712163e+01	5.826899978532568802e+00	2.922113381247279928e+00	1.215566895447442448e+02
2.227949190605761978e-02	2.923055594422086756e+01	5.761841670470777110e+00	2.901456942737512090e+00	1.180831162198667812e+02
2.275164226357336353e-02	2.862431688277823483e+01	5.697012435352378112e+00	2.880723304035765597e+00	1.147075493750198518e+02
2.323379850277806913e-02	2.802878826677462953e+01	5.632391113655707215e+00	2.859906875209831334e+00	1.114246881469359920e+02
2.372617266982774559e-02	2.744378949956250580e+01	5.567981431644301260e+00	2.839008236801396468e+00	1.082320222702504253e+02
2.422898130459259780e-02	2.686926730066835844e+01	5.503793826362653796e+00	2.818029251567010007e+00	1.051277506605619720e+02
2.474244553588843265e-02	2.630528759014352858e+01	5.439843903259984792e+00	2.796972719295182319e+00	1.021111308700926230e+02
2.526679117872631872e-02	2.575132962909432877e+01	5.376110380720356297e+00	2.775833089566702494e+00	9.917729519963702955e+01
2.580224883362318075e-02	2.520723123608059879e+01	5.312597662878283167e+00	2.754611260853397248e+00	9.632395490900390200e+01
2.634905398801689475e-02	2.467294380607783211e+01	5.249318782027862618e+00	2.733310400529904705e+00	9.354984461285603459e+01
2.690744711983068457e-02	2.414852566132370981e+01	5.186295232462550864e+00	2.711935845305152526e+00	9.085401969784804521e+01
2.747767380323228384e-02	2.363348572911210610e+01	5.123505059506998194e+00	2.690481450337150804e+00	8.823230159299183128e+01
2.805998481663422514e-02	2.312767840456428203e+01	5.060953292606109599e+00	2.668948403126591540e+00	8.568275890921789539e+01
2.865463625298309350e-02	2.263105938912782022e+01	4.998648323020400852e+00	2.647338055700214188e+00	8.320386211458716730e+01
2.926188963238583740e-02	2.214367974548236973e+01	4.936607524364148070e+00	2.625654499756421956e+00	8.079509735496573342e+01
2.988201201712300387e-02	2.166507691276505199e+01	4.874809734101014591e+00	2.603892252977723309e+00	7.845246444333140801e+01
3.051527612909937445e-02	2.119512018891928307e+01	4.813260929370331453e+00	2.582053021450731123e+00	7.617423743264973268e+01
3.116196046978347151e-02	2.073376923511196779e+01	4.751974117567644207e+00	2.560140149818468824e+00	7.395942464707721342e+01
3.182234944268905880e-02	2.028106818977151704e+01	4.690970853103541671e+00	2.538159723025780412e+00	7.180724899285652896e+01
3.249673347845206950e-02	1.983658185865819590e+01	4.630229536770509746e+00	2.516106025500960630e+00	6.971432521552787875e+01
3.318540916255835471e-02	1.940019291584310324e+01	4.569750483647428752e+00	2.493978312003446884e+00	6.767910353144219471e+01
3.388867936577820428e-02	1.897186465973487302e+01	4.509544469079582285e+00	2.471779535582703691e+00	6.570039864722865275e+01
3.460685337736497946e-02	1.855163463251968992e+01	4.449632164115572941e+00	2.449515814324827900e+00	6.377781998274964792e+01
3.534024704107661952e-02	1.813909387339609935e+01	4.389993028041732082e+00	2.427181930439568536e+00	6.190815833828823145e+01
3.608918289407971741e-02	1.773413704475575869e+01	4.330634479927984337e+00	2.404780695318866623e+00	6.009006335595667991e+01
3.685399030879719234e-02	1.733673077931209150e+01	4.271569922537398867e+00	2.382316416840065010e+00	5.832279606362851609e+01
3.763500563776207147e-02	1.694690634061640822e+01	4.212816517073773248e+00	2.359793896530772983e+00	5.660561618414465102e+01
3.843257236154112161e-02	1.656427988959845621e+01	4.154347112929787755e+00	2.337204559060455988e+00	5.493575821217818600e+01
3.924704123979310538e-02	1.618875680939785511e+01	4.096168849486830688e+00	2.314550981992919088e+00	5.331210229422975289e+01
4.007877046552850431e-02	1.582030678643529242e+01	4.038297071897413382e+00	2.291838972987096046e+00	5.173373791558302770e+01
4.092812582263813392e-02	1.545895511365320374e+01	3.980751816174701307e+00	2.269075197672184796e+00	5.020034910062356914e+01
4.179548084676026898e-02	1.510434197861881422e+01	3.923512033055833736e+00	2.246254013552183793e+00	4.870933714038780948e+01
4.268121698955689575e-02	1.475638233571290314e+01	3.866580024109587121e+00	2.223376082821489685e+00	4.725961388713674438e+01
4.358572378647117967e-02	1.441504865814918013e+01	3.809966581256933882e+00	2.200445022103715509e+00	4.585052942947154975e+01
4.450939902804028347e-02	1.408036056639280531e+01	3.753691216846023249e+00	2.177467818392016863e+00	4.448154061991908037e+01
4.545264893483848267e-02	1.375198120598530238e+01	3.697734972035429557e+00	2.154440429360540588e+00	4.315045722875115786e+01
4.641588833612779463e-02	1.342983405285085574e+01	3.642106558102539804e+00	2.131366870291005799e+00	4.185643014857819111e+01
4.739954085229469011e-02	1.311389411938101190e+01	3.586816593013769428e+00	2.108250830605746362e+00	4.059872925286848044e+01
4.840403908115278181e-02	1.280417563806763326e+01	3.531877992327294269e+00	2.085096322756884835e+00	3.937696737412429826e+01
4.942982478819387543e-02	1.250036366960861400e+01	3.477270981125617499e+00	2.061898606584540605e+00	3.818907719439590664e+01
5.047734910087089966e-02	1.220238925549594633e+01	3.423004633506626426e+00	2.038662153663882481e+00	3.703430554716956635e+01
5.154707270699779992e-02	1.191022971678341236e+01	3.369093962231775485e+00	2.015393261812123082e+00	3.591214210267969520e+01
5.263946605735428386e-02	1.162389416772474959e+01	3.315554293850060397e+00	1.992097907120917721e+00	3.482215251236475240e+01
5.375500957258409762e-02	1.134308857073477483e+01	3.262359546216646589e+00	1.968768123999900421e+00	3.376246633226119087e+01
5.489419385447772554e-02	1.106775066271195485e+01	3.209519406849659973e+00	1.945409096723014208e+00	3.273241152235704021e+01
5.605751990173300781e-02	1.079785985556780048e+01	3.157049292919442696e+00	1.922027944966475443e+00	3.173153115592915441e+01
5.724549933028778848e-02	1.053342040373503963e+01	3.104968122785491502e+00	1.898633491235521609e+00	3.075948207356959330e+01
5.845865459832211286e-02	1.027415818613551046e+01	3.053250096651451528e+00	1.875217577461845364e+00	2.981458253586583496e+01
5.969751923602879817e-02	1.002001684297835027e+01	3.001901155262202803e+00	1.851783342113108466e+00	2.889623320359697090e+01
6.096263808025296355e-02	9.770977675300901666e+00	2.950935715824912098e+00	1.828337582507535419e+00	2.800396872251072367e+01
6.225456751410456124e-02	9.527040317139812586e+00	2.900373060202686482e+00	1.804889802391979492e+00	2.713752537834037071e+01
6.357387571164835327e-02	9.287949614915769203e+00	2.850190814363645408e+00	1.781434083189032069e+00	2.629541706178886074e+01
6.492114288777969811e-02	9.053654388804165620e+00	2.800392440596928711e+00	1.757972422929121592e+00	2.547703992189959266e+01
6.629696155339574737e-02	8.824137641345178196e+00	2.750993556600434431e+00	1.734513351401959280e+00	2.468209714977097136e+01
6.770193677597398374e-02	8.599394608323809308e+00	2.702012773818831093e+00	1.711066964563597415e+00	2.391022190582176066e+01
6.913668644567325106e-02	8.379188190574730299e+00	2.653428125767772539e+00	1.687627208544287161e+00	2.316014955579865386e+01
7.060184154707406512e-02	8.163471728499578361e+00	2.605242391516989553e+00	1.664195442788218182e+00	2.243135986583930475e+01
7.209804643667737378e-02	7.952229753315885219e+00	2.557470529736308062e+00	1.640780119425540695e+00	2.172351036407475888e+01
7.362595912628441819e-02	7.745453303857068761e+00	2.510130525102724164e+00	1.617391764150937883e+00	2.103635142005963488e+01
7.518625157238204015e-02	7.542922462485776691e+00	2.463200271523592555e+00	1.594024184041538117e+00	2.036869081449305341e+01
7.677960997166025092e-02	7.344594486290159985e+00	2.416684399971341879e+00	1.570681046106574330e+00	1.972009195821773275e+01
7.840673506279315086e-02	7.150455279540478770e+00	2.370599091257216795e+00	1.547372391935095237e+00	1.909026633635668802e+01
8.006834243461452560e-02	6.960491858169175039e+00	2.324959669723119404e+00	1.524107220276489372e+00	1.847896933358262928e+01
8.176516284082480102e-02	6.774500660559557907e+00	2.279742013716922422e+00	1.500877329436685059e+00	1.788512850399053988e+01
8.349794252136732986e-02	6.592442306480903014e+00	2.234953082799972179e+00	1.477688371787530430e+00	1.730835079178705982e+01
8.526744353061486981e-02	6.414303938247790882e+00	2.190609394849375224e+00	1.454551048128159829e+00	1.674845153923711649e+01
8.707444407251174745e-02	6.240068683710387809e+00	2.146724484319739723e+00	1.431475026395909955e+00	1.620510553405971521e+01
8.891973884281766105e-02	6.069548572632764483e+00	2.103273938533914755e+00	1.408451685884187787e+00	1.567738769333155169e+01
9.080413937860487561e-02	5.902707074761904593e+00	2.060266898541961655e+00	1.385487897504770194e+00	1.516497863532730861e+01
9.272847441516200717e-02	5.739532464897123099e+00	2.017719461261809677e+00	1.362594894851241634e+00	1.466767424324541302e+01
9.469359025046093781e-02	5.580004051216352678e+00	1.975637841438570019e+00	1.339777255031526559e+00	1.418516950431812873e+01
9.670035111734798239e-02	5.423948779460130432e+00	1.934004559066701434e+00	1.317031864408213959e+00	1.371666695865125618e+01
9.874963956362264872e-02	5.271332484402431184e+00	1.892830967387995278e+00	1.294368074483987829e+00	1.326191895144793520e+01
1.008423568401705106e-01	5.122144563279095841e+00	1.852125890263091934e+00	1.271791933100472782e+00	1.282066703097612148e+01
1.029794232973221257e-01	4.976360311654057789e+00	1.811896920037715075e+00	1.249309550496659149e+00	1.239268549459757729e+01
1.051617787896111378e-01	4.833821201618766494e+00	1.772130533277538778e+00	1.226920457716235813e+00	1.197725688474353944e+01
1.073903830891107247e-01	4.694494906715994453e+00	1.732832315620512098e+00	1.204630566295124661e+00	1.157411504057875185e+01
1.096662163075285135e-01	4.558371890993671016e+00	1.694012136608271435e+00	1.182447270734235500e+00	1.118306637513730273e+01
1.119902793272475605e-01	4.425423408730007502e+00	1.655681380124044644e+00	1.160380496980791154e+00	1.080390435552020811e+01
1.143635942415015677e-01	4.295504930039102831e+00	1.617821025430987492e+00	1.138424855399390534e+00	1.043598650667803618e+01
1.167872048038782751e-01	4.168585539160376996e+00	1.580436475458888657e+00	1.116586678370517172e+00	1.007905571429944125e+01
1.192621768873494831e-01	4.044656478427342883e+00	1.543542963556589820e+00	1.094878174307986507e+00	9.733003651052706928e+00
1.217895989530276418e-01	3.923685660047395274e+00	1.507144714306787536e+00	1.073304692296410456e+00	9.397552805887121607e+00
1.243705825288575900e-01	3.805541323324614922e+00	1.471223388440702662e+00	1.051860824346314116e+00	9.072154637028109647e+00
1.270062626984522769e-01	3.690193818192806230e+00	1.435790153407031644e+00	1.030558093468253000e+00	8.756620752780595041e+00
1.296977986002878502e-01	3.577634911706228493e+00	1.400851574499184293e+00	1.009402122110746314e+00	8.450807629516441821e+00
1.324463739374786009e-01	3.467829801472301465e+00	1.366414843732717266e+00	9.884015213123739096e-01	8.154484048518050088e+00
1.352531974983535168e-01	3.360658367787359602e+00	1.332464333669798107e+00	9.675528828371428025e-01	7.867179381250403836e+00
1.381195036880665805e-01	3.256092095739145265e+00	1.299003215633324881e+00	9.468611770609466349e-01	7.588674612163043953e+00
1.410465530714722360e-01	3.154123056346953113e+00	1.266045605081895342e+00	9.263394312844176470e-01	7.318878943639682610e+00
1.440356329275057634e-01	3.054714297343136042e+00	1.233592869893814559e+00	9.059916777396498366e-01	7.057567312864985176e+00
1.470880578153118678e-01	2.957756305759300819e+00	1.201629122753677281e+00	8.858138831590786078e-01	6.804312356360071590e+00
1.502051701523716420e-01	2.863221585964043303e+00	1.170162658063378158e+00	8.658163266481492260e-01	6.558960867305509090e+00
1.533883408048797858e-01	2.771102325184613857e+00	1.139199048148029636e+00	8.460046268284248105e-01	6.321372363362826263e+00
1.566389696906345663e-01	2.681359929445507717e+00	1.108743063556693276e+00	8.263863399142434840e-01	6.091371760762001486e+00
1.599584863947036695e-01	2.593894546776391419e+00	1.078779287982141621e+00	8.069581304815161005e-01	5.868576767952814244e+00
1.633483507981373095e-01	2.508679600857802949e+00	1.049311969081190288e+00	7.877266630205491671e-01	5.652837215803961257e+00
1.668100537200059019e-01	2.425707238277492017e+00	1.020350869588688258e+00	7.687014476133957608e-01	5.444053230560852441e+00
1.703451175730422984e-01	2.344937682922445976e+00	9.918947111449076814e-01	7.498860355754455309e-01	5.242030304360546289e+00
1.739550970331800450e-01	2.266279881117517103e+00	9.639318420558724565e-01	7.312795278997020754e-01	5.046452395952471193e+00
1.776415797232799298e-01	2.189708092154027508e+00	9.364628047149281542e-01	7.128852503869704815e-01	4.857166103903861831e+00
1.814061869113461622e-01	2.115214295645608367e+00	9.094988430827473103e-01	6.947153524402580604e-01	4.674096614623057810e+00
1.852505742235391883e-01	2.042757950465103001e+00	8.830369032565102971e-01	6.767717795850094475e-01	4.497059213717223614e+00
1.891764323722997243e-01	1.972256016353644892e+00	8.570646616419557162e-01	6.590523489326445272e-01	4.325774096403806723e+00
1.931854878999012814e-01	1.903683521508465093e+00	8.315837475636604914e-01	6.415624580352130568e-01	4.160103160141448875e+00
1.972795039377621684e-01	1.837032182445566209e+00	8.066017082557782603e-01	6.243103423160566434e-01	3.999973992528487621e+00
2.014602809818480389e-01	1.772261072750172861e+00	7.821167981268812852e-01	6.072998990383566831e-01	3.845224257296084858e+00
2.057296576845067948e-01	1.709294454006911046e+00	7.581152419992417402e-01	5.905273448587878837e-01	3.695597327898111573e+00
2.100895116630852322e-01	1.648108074433019432e+00	7.345983133491615913e-01	5.739974060977137693e-01	3.550970336976743358e+00
2.145417603256798700e-01	1.588693320134661580e+00	7.115731720961591122e-01	5.577189072879384923e-01	3.411286721645716558e+00
2.190883617143895290e-01	1.531009226871076656e+00	6.890365149807385903e-01	5.416943082780820706e-01	3.276386175775126475e+00
2.237313153664367560e-01	1.474986715505284041e+00	6.669743875541449540e-01	5.259190863742985167e-01	3.146043411372272836e+00
2.284726631935388719e-01	1.420602222699323125e+00	6.453878134183946846e-01	5.103980616120500358e-01	3.020150713767526529e+00
2.333144903799153069e-01	1.367846765709323620e+00	6.242826118349202869e-01	4.951387904195993506e-01	2.898657182035069724e+00
2.382589262993237145e-01	1.316679661008789637e+00	6.036538793502838063e-01	4.801427358727290984e-01	2.781406546231440569e+00
2.433081454515323150e-01	1.267037910672743850e+00	5.834887535761430488e-01	4.654055312772455433e-01	2.668209966329985416e+00
2.484643684186368384e-01	1.218898625887375298e+00	5.637869078732330452e-01	4.509310044651976268e-01	2.558966981643076455e+00
2.537298628416438939e-01	1.172252443677664013e+00	5.445534682299499885e-01	4.367262133447716299e-01	2.453623825306175732e+00
2.591069444177515613e-01	1.127059254287690271e+00	5.257816899458579440e-01	4.227907304999692917e-01	2.352046621086212319e+00
2.645979779187619951e-01	1.083261622969624582e+00	5.074593518383743174e-01	4.091204584997055749e-01	2.254058717467684492e+00
2.702053782310787078e-01	1.040837338389367206e+00	4.895855694896235066e-01	3.957185842933093056e-01	2.159580136419170682e+00
2.759316114177428059e-01	9.997766717618791210e-01	4.721640567720561954e-01	3.825910058195749475e-01	2.068553639168820180e+00
2.817791958029755572e-01	9.600403565829616070e-01	4.551874126889252081e-01	3.697366000783076645e-01	1.980858543259068849e+00
2.877507030797054055e-01	9.215760587631826040e-01	4.386430873024554367e-01	3.571502591438868168e-01	1.896339018093867956e+00
2.938487594405665426e-01	8.843622631206327078e-01	4.225304290966070409e-01	3.448354714219916684e-01	1.814921606933932452e+00
3.000760467328633108e-01	8.483889131876861667e-01	4.068506019910826388e-01	3.327956324194141224e-01	1.736555167995637472e+00
3.064353036380134121e-01	8.136178329805807685e-01	3.915965188971679556e-01	3.210297214520843045e-01	1.661126103168022672e+00
3.129293268759847368e-01	7.800013772764440301e-01	3.767555875972517510e-01	3.095320507959894996e-01	1.588501663813778553e+00
3.195609724352570513e-01	7.475187596429042625e-01	3.623252946865780921e-01	2.983039447823628287e-01	1.518607806015590755e+00
3.263331568288500573e-01	7.161596554793419056e-01	3.483078395853173026e-01	2.873501532838146355e-01	1.451405313202691838e+00
3.332488583769670498e-01	6.858872044220457598e-01	3.346938592308666416e-01	2.766670280402744875e-01	1.386787210760554556e+00
3.403111185168231634e-01	6.566580842041369603e-01	3.214715133630889343e-01	2.662490185857924740e-01	1.324632000185205438e+00
3.475230431402304698e-01	6.284522815249869998e-01	3.086381862946172006e-01	2.560970901574855518e-01	1.264883704416338128e+00
3.548878039595292910e-01	6.012592811072883237e-01	2.961939093480017715e-01	2.462138754449897382e-01	1.207494040618908748e+00
3.624086399024666338e-01	5.750437410814652761e-01	2.841296655061453236e-01	2.365956036197599532e-01	1.152371453668564083e+00
3.700888585366366446e-01	5.497663367483173191e-01	2.724335727027373255e-01	2.272361062796442455e-01	1.099410614981725098e+00
3.779318375241043637e-01	5.254078811222939738e-01	2.611022481315777855e-01	2.181354410394450716e-01	1.048553822978147476e+00
3.859410261068597081e-01	5.019577603614991945e-01	2.501351083093953376e-01	2.092953675600197072e-01	9.997633230166571572e-01
3.941199466237500504e-01	4.793823303248289092e-01	2.395225022725278596e-01	2.007112507498697851e-01	9.529528365032097215e-01
4.024721960595590287e-01	4.576459737113449111e-01	2.292532385204758549e-01	1.923768924939462388e-01	9.080292761190135176e-01
4.110014476269163164e-01	4.367303886482507003e-01	2.193228614117793407e-01	1.842909099414294372e-01	8.649426830776980601e-01
4.197114523817274123e-01	4.166249652138802606e-01	2.097308923589320528e-01	1.764552335787082371e-01	8.236588238965264486e-01
4.286060408728412652e-01	3.972979110056334973e-01	2.004665021260869373e-01	1.688634140004132422e-01	7.840949123824740852e-01
4.376891248266767120e-01	3.787170558987200120e-01	1.915194035852395837e-01	1.615096741367391397e-01	7.461750734182502898e-01
4.469646988675492483e-01	3.608650437026592050e-01	1.828845801809002580e-01	1.543917425956332634e-01	7.098491547962932913e-01
4.564368422744575216e-01	3.437313768771674272e-01	1.745610400588943623e-01	1.475108650599157023e-01	6.750883528855193827e-01
4.661097207750954374e-01	3.272862417517886091e-01	1.665376512456756275e-01	1.408597309671521525e-01	6.418186557681326843e-01
4.759875883778879602e-01	3.115006795621313440e-01	1.588047074083139276e-01	1.344326328756549616e-01	6.099716844209820410e-01
4.860747892428489703e-01	2.963583385035915563e-01	1.513568537791618873e-01	1.282265811948312129e-01	5.795029858783337096e-01
4.963757595920870180e-01	2.818489431409249013e-01	1.441924507626607121e-01	1.222419936821078079e-01	5.503873328221604577e-01
5.068950296608012440e-01	2.679447565977462475e-01	1.373007205867117220e-01	1.164715393106803415e-01	5.225571473308113779e-01
5.176372256896176749e-01	2.546198150012219941e-01	1.306721692566090165e-01	1.109089906641258505e-01	4.959522539696685772e-01
5.286070719591531297e-01	2.418588238627498443e-01	1.243016098721012042e-01	1.055513799497306421e-01	4.705346725592639001e-01
5.398093928676924724e-01	2.296518363336569057e-01	1.181863786323593540e-01	1.003977084371466960e-01	4.462790708058168021e-01
5.512491150528981976e-01	2.179732597679768236e-01	1.123166421369814899e-01	9.544128443055094335e-02	4.231265029585564164e-01
5.629312695584811621e-01	2.067999233051958097e-01	1.066828120238579730e-01	9.067513255877532319e-02	4.010232719002087554e-01
5.748609940467923618e-01	1.961176335391522918e-01	1.012802085497190724e-01	8.609655999529287895e-02	3.799384799221782738e-01
5.870435350582976497e-01	1.859168709317121637e-01	9.610554464047342538e-02	8.170372744113021946e-02	3.598455772789795892e-01
5.994842503189414806e-01	1.761742229007207672e-01	9.114926969450043437e-02	7.748969845103829968e-02	3.406935760703735938e-01
6.121886110964055439e-01	1.668691201543191782e-01	8.640285695676663824e-02	7.344825118278043574e-02	3.224373741942757055e-01
6.251622046063020077e-01	1.579885017750679577e-01	8.186109658237201991e-02	6.957575078258303181e-02	3.050466862657814082e-01
6.384107364693620834e-01	1.495233628160190509e-01	7.752097594751387877e-02	6.587042159854783474e-02	2.885001116777312635e-01
6.519400332206916060e-01	1.414524745506573755e-01	7.337314897588140261e-02	6.232512545206105037e-02	2.727511485738606800e-01
6.657560448722088520e-01	1.337576847646566869e-01	6.940976160265564798e-02	5.893392102283219469e-02	2.577609758204205126e-01
6.798648475293831428e-01	1.264270818716722589e-01	6.562606267547314853e-02	5.569340482601561199e-02	2.435038748051836233e-01
6.942726460634290886e-01	1.194522481055654978e-01	6.201854962941522748e-02	5.260104115936988650e-02	2.299593115420868195e-01
7.089857768401280902e-01	1.128141109121661850e-01	5.857867422625011311e-02	4.965015753433581897e-02	2.170872506874808316e-01
7.240107105064845783e-01	1.064967551415005181e-01	5.529941089287463557e-02	4.683531067593239144e-02	2.048546809498233978e-01
7.393540548364295750e-01	1.004894191271060166e-01	5.217591094538234775e-02	4.415268915598485194e-02	1.932380478443302962e-01
7.550225576368376768e-01	9.478432800731331764e-02	4.920482028122490081e-02	4.159975111268296444e-02	1.822195427204779949e-01
7.710231097151263313e-01	8.936450785479503611e-02	4.637839660384221463e-02	3.917034003309227685e-02	1.717647928017441150e-01
7.873627479097432547e-01	8.421610326256021017e-02	4.369012691560079237e-02	3.685917091566896786e-02	1.618447391437534688e-01
8.040486581848822478e-01	7.932948637605104214e-02	4.113551638942407329e-02	3.466261591048809543e-02	1.524389082956041919e-01
8.210881787907730045e-01	7.469756268678487410e-02	3.871145261727636233e-02	3.257825151446256534e-02	1.435324839692829202e-01
8.384888034909533383e-01	7.030537212672589853e-02	3.641077278119070337e-02	3.060017815517763681e-02	1.350950402178615062e-01
8.562581848579297050e-01	6.614094367909738315e-02	3.422762489807820024e-02	2.872348675221561218e-02	1.271019048344954050e-01
8.744041376386801900e-01	6.219575075093659172e-02	3.215792850266437769e-02	2.694482158902125959e-02	1.195352761401268643e-01
8.929346421914835519e-01	5.846339817819818513e-02	3.019871489314251978e-02	2.526177050354793882e-02	1.123820231704274475e-01
9.118578479955742333e-01	5.493083125498183367e-02	2.834359045140431160e-02	2.366896200383991275e-02	1.056165459320486943e-01
9.311820772351820930e-01	5.158779003375482675e-02	2.658744396936994075e-02	2.216206651490537985e-02	9.921793012961210856e-02
9.509158284595223831e-01	4.842680145754594406e-02	2.492655996740904267e-02	2.073793274840122353e-02	9.317083341751759840e-02
9.710677803203476843e-01	4.544217087741413835e-02	2.335817022986470121e-02	1.939422662665450658e-02	8.746367501522897547e-02
9.916467953887124764e-01	4.262262107027482011e-02	2.187654692130289874e-02	1.812602382427877523e-02	8.207417481214776545e-02
1.012661924052612461e+00	3.995943263655558214e-02	2.047731568519446307e-02	1.692959258324782182e-02	7.698531023733624912e-02
1.034122408497234025e+00	3.744612511880900801e-02	1.915720693409925235e-02	1.580211851368401935e-02	7.218437094250880481e-02
1.056037686769547568e+00	3.507768930927736978e-02	1.791366126136936451e-02	1.474137669480025774e-02	6.766107005828828069e-02
1.078417396929040706e+00	3.284448300448413599e-02	1.674168785793871822e-02	1.374303245606293966e-02	6.339651071382405856e-02
1.101271381286411888e+00	3.073916094459572604e-02	1.563750180487940775e-02	1.280380130486824183e-02	5.937637770488207040e-02
1.124609690732098155e+00	2.875616369647512535e-02	1.459824045221383426e-02	1.192118518702941186e-02	5.558980433488494577e-02
1.148442589156521310e+00	2.689113837724219080e-02	1.362164426724478752e-02	1.109319201484040493e-02	5.202825888796575038e-02
1.172780557964020254e+00	2.513592583873830444e-02	1.270345382360540260e-02	1.031611057239968481e-02	4.867603009223817750e-02
1.197634300682437924e+00	2.348439430428555380e-02	1.184044563184913704e-02	9.587103039515137287e-03	4.552126911975497986e-02
1.223014747670394531e+00	2.193182606461040185e-02	1.103013225206666073e-02	8.903975361906560013e-03	4.255482974179743139e-02
1.248933060924324545e+00	2.047448409511696404e-02	1.027054220509017457e-02	8.264976644039327344e-03	3.976946703062061300e-02
1.275400638987373769e+00	1.910553586303016110e-02	9.558046454340513726e-03	7.666912208447246996e-03	3.715204049421549221e-02
1.302429121962336289e+00	1.781990991426374293e-02	8.889957615496605486e-03	7.107418655603743064e-03	3.469280804869973034e-02
1.330030396630823342e+00	1.661364630928785502e-02	8.264161320567521216e-03	6.584613528474567504e-03	3.238418841956637595e-02
1.358216601680917401e+00	1.548357497989833603e-02	7.678954840780682044e-03	6.096970151009151531e-03	3.022012754484370081e-02
1.387000133045610317e+00	1.442403379363685345e-02	7.131319867262984197e-03	5.641836198449099067e-03	2.818985430116716442e-02
1.416393649354382722e+00	1.343086765623701696e-02	6.619022046056689292e-03	5.217226954094197032e-03	2.628544641184185279e-02
1.446410077500298819e+00	1.250078875194397983e-02	6.140294177737366625e-03	4.821573191036314376e-03	2.450064158946744022e-02
1.477062618325094778e+00	1.163113958397420447e-02	5.693698197472792967e-03	4.453584879405374057e-03	2.283039768668215785e-02
1.508364752424737887e+00	1.081727658621843211e-02	5.276733601579088224e-03	4.111056724079637480e-03	2.126589922915477979e-02
1.540330246078020826e+00	1.005582771517798263e-02	4.887585084949450966e-03	3.792384251924886540e-03	1.980077177330888047e-02
1.572973157300799230e+00	9.344092653835969764e-03	4.524790463237144712e-03	3.496264680939716735e-03	1.842992489291068667e-02
1.606307842028519950e+00	8.679869383865800037e-03	4.187151493099000067e-03	3.221625664781891090e-03	1.714921523548961282e-02
1.640348960429783842e+00	8.059388900555962063e-03	3.872632671956650462e-03	2.966677182225255748e-03	1.595149384525772554e-02
1.675111483353698638e+00	7.479940654220186731e-03	3.579771831600068142e-03	2.730130298647031467e-03	1.483165628262557781e-02
1.710610698913865635e+00	6.939330548968810145e-03	3.307378029649807923e-03	2.510929041196218164e-03	1.378557394936922968e-02
1.746862219211904321e+00	6.435754685146196849e-03	3.054457912487977111e-03	2.308181281045726483e-03	1.280985198785502405e-02
1.783881987203444153e+00	5.966185089242572251e-03	2.819389571891340977e-03	2.120477019084664357e-03	1.189877817544050288e-02
1.821686283709640364e+00	5.528463594879446004e-03	2.601003074584691890e-03	1.946786449706870313e-03	1.104829066966772459e-02
1.860291734577268707e+00	5.120826214861484704e-03	2.398338912047595292e-03	1.786262986259455664e-03	1.025507598460814219e-02
1.899715317990559260e+00	4.741811586950509319e-03	2.210598709108513044e-03	1.638197039255453579e-03	9.516401572790884889e-03
1.939974371937992492e+00	4.389011516376017420e-03	2.036492101844728821e-03	1.501472957591490050e-03	8.827718828945707238e-03
1.981086601837313665e+00	4.060723807487598945e-03	1.875100140605695260e-03	1.375289945676218348e-03	8.185823946303854778e-03
2.023070088322156401e+00	3.755544950091471625e-03	1.725659156226969776e-03	1.258977847212765320e-03	7.588074973446539730e-03
2.065943295193674256e+00	3.472303875341745637e-03	1.587530218582963552e-03	1.151974416921693186e-03	7.032279446367970151e-03
2.109725077540682392e+00	3.209104211964314973e-03	1.459706378604423488e-03	1.053418926856679056e-03	6.514861336232755443e-03
2.154434690031884259e+00	2.964615857607688729e-03	1.341472803775713976e-03	9.626941511713931615e-04	6.033318297958133181e-03
2.200091795383838367e+00	2.737733428495197664e-03	1.232235944227808282e-03	8.792867144276788650e-04	5.585581289181393294e-03
2.246716473008353532e+00	2.527528340455921941e-03	1.131491171479931694e-03	8.027571082239953835e-04	5.169906205619079209e-03
2.294329227843169949e+00	2.332521691838842885e-03	1.038457247497701595e-03	7.324444074664140806e-04	4.783493965407692797e-03
2.342950999369765697e+00	2.151683608868290142e-03	9.525845890626548004e-04	6.678806155106009656e-04	4.424391761907166438e-03
2.392603170822269476e+00	1.984152110196370136e-03	8.734124592425124593e-04	6.086715265982693039e-04	4.090979045656480996e-03
2.443307578591545681e+00	1.829198375988051435e-03	8.005503139319860087e-04	5.544825223387335944e-04	3.781895105093587874e-03
2.495086521828544068e+00	1.685679940130044600e-03	7.334015410279468971e-04	5.048162446808570096e-04	3.494968760130807029e-03
2.547962772251191943e+00	1.552806498686905247e-03	6.715509670687112766e-04	4.593247807246191722e-04	3.228707687141489473e-03
2.601959584159102334e+00	1.429912330773908894e-03	6.146443405643411788e-04	4.177089728669331511e-04	2.981850083134194272e-03
2.657100704660517732e+00	1.316431023292374174e-03	5.623808285961143759e-04	3.797150542736951631e-04	2.753324672905987144e-03
2.713410384115983121e+00	1.211488097673731230e-03	5.143096675444695830e-04	3.449736424812966718e-04	2.541463467058406155e-03
2.770913386803353973e+00	1.114482354639692585e-03	4.701188451362261394e-04	3.132272995073723688e-04	2.345127901782813155e-03
2.829635001808795014e+00	1.024904431717502335e-03	4.295429143479538386e-04	2.842564942096693198e-04	2.163352526269456295e-03
2.889601054148607684e+00	9.423182930050632861e-04	3.923511446509613866e-04	2.578690956998270036e-04	1.995304399957813658e-03
2.950837916126738403e+00	8.660605320809313832e-04	3.582082658255103633e-04	2.337963108063806144e-04	1.839712898279259644e-03
3.013372518932980082e+00	7.956776557620542012e-04	3.268820287058368259e-04	2.118497502053753173e-04	1.695714436344978020e-03
3.077232364486974792e+00	7.307834374877438801e-04	2.981740075407785027e-04	1.918685446375363102e-04	1.562568064689855542e-03
3.142445537533192557e+00	6.710452530593449599e-04	2.719108000800874586e-04	1.737108929185522373e-04	1.439635693300417383e-03
3.209040717992251324e+00	6.159641439413189199e-04	2.478448371522982692e-04	1.571825374758401884e-04	1.325955452421158235e-03
3.277047193573979555e+00	5.652008166087607241e-04	2.258055077549707022e-04	1.421479719798636671e-04	1.220877963302453850e-03
3.346494872657771680e+00	5.184649470152630311e-04	2.056453779601414699e-04	1.284899253150461793e-04	1.123840582796159070e-03
3.417414297445926952e+00	4.755049991181415931e-04	1.872365916232862171e-04	1.161063902697197963e-04	1.034361257825258456e-03
3.489836657395697816e+00	4.359488055807004213e-04	1.703980461535715420e-04	1.048583872261873176e-04	9.517163582240994926e-04
3.563793802936028321e+00	3.995445029682539008e-04	1.550047651431769890e-04	9.464878941559599467e-05	8.754150939042009772e-04
3.639318259474964901e+00	3.660756700019752270e-04	1.409490345859236654e-04	8.539364337288952382e-05	8.050368427874682537e-04
3.716443241703908829e+00	3.353536656704205181e-04	1.281377717535105815e-04	7.702088324398133519e-05	7.402188312073883529e-04
3.795202668205029717e+00	3.071031053805328898e-04	1.164389039085040348e-04	6.943118674263740566e-05	6.804172215341657958e-04
3.875631176368202979e+00	2.811384318710523247e-04	1.057622150189328427e-04	6.255610232032700444e-05	6.252674990004283145e-04
3.957764137624104617e+00	2.572995986111363043e-04	9.603049579859465786e-05	5.633722919883195763e-05	5.744594944259158280e-04
4.041637673000112230e+00	2.354462471918544102e-04	8.717533502394981702e-05	5.072265622158413854e-05	5.277179033684804193e-04
4.127288669005872102e+00	2.153761645907927155e-04	7.910206832699600058e-05	4.564313797633761359e-05	4.846394504839453190e-04
4.214754793855508552e+00	1.969536265255575184e-04	7.174669803794846167e-05	4.105143660516949575e-05	4.449575719763699698e-04
4.304074514033643162e+00	1.800611766818563159e-04	6.505313637221942728e-05	3.690606046957385574e-05	4.084372207354486839e-04
4.395287111212434539e+00	1.645951612380013767e-04	5.897243140955180346e-05	3.317093775952603349e-05	3.748755625042256442e-04
4.488432699527177050e+00	1.504081834740001128e-04	5.343744256169294398e-05	2.979835197185908322e-05	3.439761789172144464e-04
4.583552243217979161e+00	1.374016494403125304e-04	4.840231613143549104e-05	2.675526024189353290e-05	3.155409573988413627e-04
4.680687574645305382e+00	1.254899844253843668e-04	4.382769040812959141e-05	2.401343114828769415e-05	2.894005257982961658e-04
4.779881412687339015e+00	1.145971813489989966e-04	3.967835485977601274e-05	2.154764754724657972e-05	2.654014476063365599e-04
4.881177381527165515e+00	1.046165519758205493e-04	3.590693794026856878e-05	1.932516634700491201e-05	2.433269225593790233e-04
4.984620029838152888e+00	9.547694149196811930e-05	3.248135220687104553e-05	1.732356835239863574e-05	2.230328249629260305e-04
5.090254850375883322e+00	8.711643332959233949e-05	2.937366977146394558e-05	1.552337426457406824e-05	2.043937675432631656e-04
5.198128299985286915e+00	7.947966410717982784e-05	2.655916760301911084e-05	1.390744650871672685e-05	1.872989182529443525e-04
5.308287820031761584e+00	7.248992718691088359e-05	2.400456984123344384e-05	1.245345306587294428e-05	1.715887612824768611e-04
5.420781857265304815e+00	6.609618745373134192e-05	2.168754932630785823e-05	1.114625515887335246e-05	1.571590503734685571e-04
5.535659885126738011e+00	6.025393958038319014e-05	1.958868715031770463e-05	9.972786234516269418e-06	1.439186053910528670e-04
5.652972425505520704e+00	5.492310919330140989e-05	1.769041357736938819e-05	8.921159187215273948e-06	1.317853689612972102e-04
5.772771070958623518e+00	5.004889736553750170e-05	1.596978936660994476e-05	7.976521017203938531e-06	1.206446375083551663e-04
5.895108507400270703e+00	4.559491315545807950e-05	1.441133501255571115e-05	7.128712412485669800e-06	1.104210052705572979e-04
6.020038537272556667e+00	4.152936523647125664e-05	1.300148842126747880e-05	6.368840377103942957e-06	1.010478917394639514e-04
6.147616103207036886e+00	3.782341580076950061e-05	1.172812056190318354e-05	5.689041621114190388e-06	9.246569257093674693e-05
6.277897312187818990e+00	3.443815471615817715e-05	1.057538078608866992e-05	5.079350965565055598e-06	8.459185278247505148e-05
6.410939460226692255e+00	3.134777569877237599e-05	9.532648384996622538e-06	4.533039991921374870e-06	7.737205333816627156e-05
6.546801057561175696e+00	2.852970311208082987e-05	8.590590964256985781e-06	4.044194962651099303e-06	7.075839535772697367e-05
6.685541854386596761e+00	2.596329822015854084e-05	7.740819541943198413e-06	3.607572186542209605e-06	6.470754839103409642e-05
6.827222867133428963e+00	2.362109297020985538e-05	6.972474589814082296e-06	3.216562097581845019e-06	5.916014453644803238e-05
6.971906405301561804e+00	2.148488144383371042e-05	6.278290798005783927e-06	2.866716724056663657e-06	5.407732764301415073e-05
7.119656098863218929e+00	1.953872168305867884e-05	5.651932955807463220e-06	2.553850123717241491e-06	4.942500916133635758e-05
7.270536926246596643e+00	1.776791734680542223e-05	5.087577242578763670e-06	2.275409354668068548e-06	4.517148714157117982e-05
7.424615242912579127e+00	1.615318531101761528e-05	4.577909027553482310e-06	2.026146570763795145e-06	4.127468920115789355e-05
7.581958810536977289e+00	1.468174346558090365e-05	4.117972304984072410e-06	1.803449665287255787e-06	3.770682504661595472e-05
7.742636826811277295e+00	1.334239358069972073e-05	3.703476366398570738e-06	1.604446526019372115e-06	3.444343336554727330e-05
7.906719955874896399e+00	1.212471969147574421e-05	3.330420611340524853e-06	1.427867080062690320e-06	3.146182667894806327e-05
8.074280359392364659e+00	1.101525615678234843e-05	2.993875968082897742e-06	1.269867348982559321e-06	2.873198412560206875e-05
8.245391728289099831e+00	1.000506922338843998e-05	2.690506342340751866e-06	1.128902790396903612e-06	2.623420740412587637e-05
8.420129315159766037e+00	9.086332277629570602e-06	2.417002479665664238e-06	1.002978750790108697e-06	2.395122966492532033e-05
8.598569967363353328e+00	8.251693927775006148e-06	2.171901648340361087e-06	8.916601388544902280e-07	2.186660527608697257e-05
8.780792160819700598e+00	7.491799301480675848e-06	1.950637834164502090e-06	7.920570649716569085e-07	1.995918189190214759e-05
8.966876034522190508e+00	6.800430186834573259e-06	1.751389778929869861e-06	7.028245723198498626e-07	1.821498639162533008e-05
9.156903425781846906e+00	6.171777263575032177e-06	1.571956057422101815e-06	6.242074650987759712e-07	1.662177705930715420e-05
9.350957906218383187e+00	5.601767160071826463e-06	1.411312655770111343e-06	5.537758185215615398e-07	1.516781222788736215e-05
9.549124818513869073e+00	5.082837602642827374e-06	1.266434350794020698e-06	4.912986370893046864e-07	1.383821742918861003e-05
9.751491313945386707e+00	4.611042143054768800e-06	1.136101912787011944e-06	4.357640673521348516e-07	1.262306941031694543e-05
9.958146390713055851e+00	4.182398423796287911e-06	1.018976272190684069e-06	3.867850284538052084e-07	1.151341645344503029e-05
1.016918093308028581e+01	3.793921889458279445e-06	9.139714793974415596e-07	3.425818132152439362e-07	1.050199922825268660e-05
1.038468775134352740e+01	3.440526267053655324e-06	8.194751127845226372e-07	3.035906231772674960e-07	9.577223351845421122e-06
1.060476162264905220e+01	3.119444867102235566e-06	7.340727651329368243e-07	2.689907274619411889e-07	8.732518310804766390e-06
1.082949933267470577e+01	2.828080105520410068e-06	6.583320874125657601e-07	2.381546769731024393e-07	7.961822649047478785e-06
1.105899971819510696e+01	2.563896248253312903e-06	5.895258893172002088e-07	2.108643830017377553e-07	7.259169822013420285e-06
1.129336371054865928e+01	2.323852325292627500e-06	5.281027370217755756e-07	1.867924076850015697e-07	6.617285262361967091e-06
1.153269438002595848e+01	2.105894616011177429e-06	4.730145426403348691e-07	1.652091223637730691e-07	6.031253689074240108e-06
1.177709698119876869e+01	1.908239334013123888e-06	4.236129494855114203e-07	1.462040271758021866e-07	5.496862724983211847e-06
1.202667899920963279e+01	1.729119668626463743e-06	3.792812588591635736e-07	1.293010455653646397e-07	5.009842540072744488e-06
1.228155019704247053e+01	1.566462894991728014e-06	3.394973139644838954e-07	1.143201492245967732e-07	4.565146078648050713e-06
1.254182266379493349e+01	1.418858553560924679e-06	3.038659550957163359e-07	1.012109534318284679e-07	4.159334452998714703e-06
1.280761086397376225e+01	1.285085774539530815e-06	2.717861559256817058e-07	8.923437209979165440e-08	3.789452058381298911e-06
1.307903168783481007e+01	1.163918270871764596e-06	2.432850862272418588e-07	7.895326169595257683e-08	3.452508719416339089e-06
1.335620450278989146e+01	1.053947664826147531e-06	2.175989225013818005e-07	6.983796573154152543e-08	3.144948858989023774e-06
1.363925120590300821e+01	9.538082536209137479e-07	1.944897064445510368e-07	6.177589793428318436e-08	2.864438918865003583e-06
1.392829627749924271e+01	8.638675763713379873e-07	1.739267537195523151e-07	5.441592218866108166e-08	2.608860293586408513e-06
1.422346683590943783e+01	7.820770242789465612e-07	1.554556953174760662e-07	4.810375152481560732e-08	2.376113568635281155e-06
1.452489269337533528e+01	7.074554652983575324e-07	1.390690235025003803e-07	4.251353033794313887e-08	2.163767140097362791e-06
1.483270641313931115e+01	6.402482962027102228e-07	1.243138133405671663e-07	3.757270783333818896e-08	1.970143167565401254e-06
1.514704336774399174e+01	5.792382263686640636e-07	1.109789033690697611e-07	3.306791868979153999e-08	1.793825454207527615e-06
1.546804179856737527e+01	5.242472488467342313e-07	9.910670751447888975e-08	2.920714669619068788e-08	1.633301410124644207e-06
1.579584287661962527e+01	4.742740117072186342e-07	8.862817253162535977e-08	2.579181254040438319e-08	1.486900917417352983e-06
1.613059076462826624e+01	4.289096374832733252e-07	7.926159067911206050e-08	2.277552103314814249e-08	1.353458918907583617e-06
1.647243268043913034e+01	3.879784125811700250e-07	7.060756031087043355e-08	2.002821683581374947e-08	1.231985890873881644e-06
1.682151896176083383e+01	3.510308594746249923e-07	6.311370386522810154e-08	1.767573784912098054e-08	1.121430924210949235e-06
1.717800313228151410e+01	3.174387762654512013e-07	5.640766439946186622e-08	1.559629199631662753e-08	1.020631449040103268e-06
1.754204196918641045e+01	2.869371618049717516e-07	5.041821809450885110e-08	1.376197491581245211e-08	9.284250007212053861e-07
1.791379557210657580e+01	2.594546047402113284e-07	4.488664742340725286e-08	1.209199496061648686e-08	8.452141503151728620e-07
1.829342743352862044e+01	2.345366709623729721e-07	4.010051039204066200e-08	1.066368071757796474e-08	7.691682870939150208e-07
1.868110451069663469e+01	2.121379073726765472e-07	3.582008977151291678e-08	9.402112503636416546e-09	6.994551935396772196e-07
1.907699729903783492e+01	1.916577455411158640e-07	3.199913919152925916e-08	8.289949973558209604e-09	6.362233520919318195e-07
1.948127990714428748e+01	1.732349676984718008e-07	2.847331718507658786e-08	7.278866773973201181e-09	5.788129674725461244e-07
1.989413013334363711e+01	1.565225369589221241e-07	2.542348170923901032e-08	6.414193917706017069e-09	5.266697243373584480e-07
2.031572954389253738e+01	1.414132458366949754e-07	2.269804373591677597e-08	5.651369136368433084e-09	4.790524210126785867e-07
2.074626355282718393e+01	1.279388859733297930e-07	2.026667012100558444e-08	4.979435746390912772e-09	4.356136981199002552e-07
2.118592150350598402e+01	1.154867268003862927e-07	1.802368587298921178e-08	4.368716880184765207e-09	3.962014992278639319e-07
2.163489675188052530e+01	1.042911412926993016e-07	1.608531711622391185e-08	3.847204101254031632e-09	3.604492988867614092e-07
2.209338675153079734e+01	9.431215419380054989e-08	1.435360375483781141e-08	3.387199716979436712e-09	3.277729206426031673e-07
2.256159314050291798e+01	8.530150712477264172e-08	1.280977542028007122e-08	2.982390824391522148e-09	2.979554479795957248e-07
2.303972182998693796e+01	7.686576771048427135e-08	1.138668020388601539e-08	2.614951848462879759e-09	2.709303465597776473e-07
2.352798309487394945e+01	6.949404116165845146e-08	1.015703070297731527e-08	2.301148393902013323e-09	2.463002490716566896e-07
2.402659166623228870e+01	6.282716211099115024e-08	9.059399137653913391e-09	2.024727683911727916e-09	2.240465125070138823e-07
2.453576682574353285e+01	5.680945238085560746e-08	8.081348115583915474e-09	1.781626333184412680e-09	2.035926513163195506e-07
2.505573250213976877e+01	5.117676712058097409e-08	7.179835206551106683e-09	1.560943534228978249e-09	1.850752820011235877e-07
2.558671736968459953e+01	4.625633869902126784e-08	6.401690120085202254e-09	1.372806514132363663e-09	1.681920094701119226e-07
2.612895494874115698e+01	4.180778216922960874e-08	5.707301360718798640e-09	1.207129429898337116e-09	1.528467828244771965e-07
2.668268370847132687e+01	3.779379143785097468e-08	5.088843865238965580e-09	1.061502592668069684e-09	1.390904324595616584e-07
2.724814717171165412e+01	3.403722129230468753e-08	4.519199154013907576e-09	9.294763065135365802e-10	1.262912453652718059e-07
2.782559402207125743e+01	3.075681263808216973e-08	4.027553226230133385e-09	8.169021871986420929e-10	1.147231919282482718e-07
2.841527821329990999e+01	2.779186854746544442e-08	3.589035695142716158e-09	7.178316180582963627e-10	1.043581669832035856e-07
2.901745908097360527e+01	2.511743912648276157e-08	3.198859081374807153e-09	6.308961206486613328e-10	9.494850220840208596e-08
2.963240145654703639e+01	2.261484549690156644e-08	2.839435024804197597e-09	5.520487794001495218e-10	8.607329368138269412e-08
3.026037578382308624e+01	2.043019055548419290e-08	2.529412776594024925e-09	4.848778328909499556e-10	7.828061395305850677e-08
3.090165823789054755e+01	1.845616517983117244e-08	2.253140639249329349e-09	4.258537401091333977e-10	7.119453022831469914e-08
3.155653084658241525e+01	1.667611210106736167e-08	2.007305693165622893e-09	3.740356406114003120e-10	6.476214916661141283e-08
3.222528161450811979e+01	1.501059608643453227e-08	1.780958200199902738e-09	3.270791156340058762e-10	5.869490222175069675e-08
3.290820464971425707e+01	1.355713307155878395e-08	1.585888443487831733e-09	2.871322113877079135e-10	5.337033744581455543e-08
3.360560029302952501e+01	1.224413623120114920e-08	1.412053788505501176e-09	2.520206402755295520e-10	4.852798253537374252e-08
3.431777525015100849e+01	1.106050275118845015e-08	1.257441334693866043e-09	2.212148844865178381e-10	4.413362904221669204e-08
3.504504272652905428e+01	9.953109306156165932e-09	1.115184600720918807e-09	1.933357041112721063e-10	3.998919034625515343e-08
3.578772256511129513e+01	8.987000443997344500e-09	9.926216028163706159e-10	1.696251349913685281e-10	3.635300230046412153e-08
3.654614138700539883e+01	8.114463561541884778e-09	8.834113332979821124e-10	1.487836666498277243e-10	3.304614315932392565e-08
3.732063273512289925e+01	7.328109397469085048e-09	7.863611533580119884e-10	1.305243229058893868e-10	3.004646976475450648e-08
3.811153722086707774e+01	6.592438298308707963e-09	6.971054909586612340e-10	1.140131335224870133e-10	2.721721939609909755e-08
3.891920267392951160e+01	5.950810654323317218e-09	6.201900308599131161e-10	9.996070569497735934e-11	2.473487751794558260e-08
3.974398429526115706e+01	5.371452560932667570e-09	5.517106920986811083e-10	8.762639576024269386e-11	2.247808360918061427e-08
4.058624481328516254e+01	4.849453250838328361e-09	4.909047603399584498e-10	7.683441363525944887e-11	2.043176567520496369e-08
4.144635464342010778e+01	4.361106505294622803e-09	4.349518447021198859e-10	6.706478422904523362e-11	1.850105494929563736e-08
4.232469205098434628e+01	3.935302404757560506e-09	3.867734111253536227e-10	5.876105551398629722e-11	1.680759440392193834e-08
4.322164331755172384e+01	3.550897418275491683e-09	3.439074991140709355e-10	5.148060466013900928e-11	1.526843955244386719e-08
4.413760291083362119e+01	3.204632290419768510e-09	3.058503851730218777e-10	4.511086636105533101e-11	1.387282540053375498e-08
4.507297365816076251e+01	2.880686134286333956e-09	2.708376771436920664e-10	3.934678167845294535e-11	1.255606708856285983e-08
4.602816692364147144e+01	2.598298799546236884e-09	2.407062415972384480e-10	3.445168157390547867e-11	1.140135941260955059e-08
4.700360278907441369e+01	2.343410312225529244e-09	2.139140294830329011e-10	3.016427903892214101e-11	1.035213976085635481e-08
4.799971023869517950e+01	2.113860191642491387e-09	1.901269250228984490e-10	2.641225839433600422e-11	9.400695447628076769e-09
4.901692734783804895e+01	1.899095821616898814e-09	1.682497289838437466e-10	2.301926016529558037e-11	8.502995642229421858e-09
5.005570147559598126e+01	1.711924964350719580e-09	1.494319611176936703e-10	2.013998028425830315e-11	7.715970356235868851e-09
5.111648946156338980e+01	1.543003852313884046e-09	1.327073179823792072e-10	1.762007949729651233e-11	7.000924984000840712e-09
5.219975782674825382e+01	1.390901953468489104e-09	1.178622861042310470e-10	1.541552134066016285e-11	6.352563193061808805e-09
5.330598297874255564e+01	1.248583978292952944e-09	1.042114723264203246e-10	1.342272655480844384e-11	5.740748189589613420e-09
5.443565142123959077e+01	1.124572689790240608e-09	9.247443805467691755e-11	1.173270373899117886e-11	5.204434161678675279e-09
5.558925996799251124e+01	1.012661923797704032e-09	8.204678548975682804e-11	1.025454449258328842e-11	4.717208989461286981e-09
5.676731596130657209e+01	9.119053462010189474e-10	7.279429023654844840e-11	8.962103100901796225e-12	4.275446531995909690e-09
5.797033749516177181e+01	8.176144492804940092e-10	6.428707885180947424e-11	7.794214495714845301e-12	3.858503530284297088e-09
5.919885364306400533e+01	7.354585504047738169e-10	5.697443801497407034e-11	6.804192196028210669e-12	3.493011218440566615e-09
6.045340469072480261e+01	6.613173133190404510e-10	5.047860029677573355e-11	5.938541450317558885e-12	3.160929881449482283e-09
6.173454237367209174e+01	5.945650261254477879e-10	4.471833018916456796e-11	5.182537147273322924e-12	2.859889907040028836e-09
6.304283011989645757e+01	5.320779201834611384e-10	3.942145787913961923e-11	4.499419392723746014e-12	2.575620619462887346e-09
6.437884329763940627e+01	4.776256961141344129e-10	3.486867519781046834e-11	3.920465912666282507e-12	2.326382204660803200e-09
6.574316946843353549e+01	4.284735065453574015e-10	3.082348755682322078e-11	3.414118489084697039e-12	2.099812178903342765e-09
6.713640864550379206e+01	3.842073581937078606e-10	2.723989344969859539e-11	2.972849844425882807e-12	1.894472616373286639e-09
6.855917355764610477e+01	3.427458655100546778e-10	2.394332828514557997e-11	2.574025485339090320e-12	1.700401621749552571e-09
7.001208991869765441e+01	3.065940338466529802e-10	2.110869557785816366e-11	2.235922035159689552e-12	1.530116120878589856e-09
7.149579670271769771e+01	2.739361474706454170e-10	1.858884075326556549e-11	1.940129017225239734e-12	1.375174570032609742e-09
7.301094642500031284e+01	2.444970348223076554e-10	1.635456089918676175e-11	1.682126360759759760e-12	1.234573702857537145e-09
7.455820542904223203e+01	2.168883572502932099e-10	1.430073636630164114e-11	1.449532003763610120e-12	1.101578274323884801e-09
7.613825417959219521e+01	1.927720038030627625e-10	1.253221347907189184e-11	1.252123417788048800e-12	9.846578411726481323e-10
7.775178756191070306e+01	1.709398533695123772e-10	1.095723620936039934e-11	1.079144938807103702e-12	8.780042112838373594e-10
7.939951518737163383e+01	1.512051469150759358e-10	9.557579652637123640e-12	9.279801998939671629e-13	7.809082248062686113e-10
8.108216170554010205e+01	1.326367022283174262e-10	8.267286152995450214e-12	7.913559019198873413e-13	6.887461251346866449e-10
8.280046712286477373e+01	1.163295906673096284e-10	7.153209893232877327e-12	6.753555134558587921e-13	6.072951371292414808e-10
8.455518712812224180e+01	1.014699928386387522e-10	6.156275134886068993e-12	5.733731818427057344e-13	5.325006345096680200e-10
8.634709342475994731e+01	8.791647846086861660e-11	5.263173561857150726e-12	4.836009692260593386e-13	4.637324963698064513e-10
8.817697407028136070e+01	7.502225272005304362e-11	4.431702839063101364e-12	4.017464533993966724e-13	3.977053575455325843e-10
9.004563382282356088e+01	6.347307785851219858e-11	3.700976554010480061e-12	3.311276275992134960e-13	3.381106655287339497e-10
9.195389449507966617e+01	5.266007559531698219e-11	3.031314350351149097e-12	2.677303145415819079e-13	2.818521241896523256e-10
9.390259531572145590e+01	4.236302212254840002e-11	2.408151411049781538e-12	2.100297806607996784e-13	2.277878333865805123e-10
9.589259329848152902e+01	3.188150220544771324e-11	1.790471580316687881e-12	1.542795461759851425e-13	1.722384686593853569e-10
9.792476361905691817e+01	2.090600648427864132e-11	1.160154091178170873e-12	9.878775906597380767e-14	1.134419401588037948e-10
