# Data associated with arXiv:2110.09653
# 
# Scale-free velocity distribution, f(E), of a nfw0-7 dark matter distribution (see Eq. 13 and the surrounding discussion)
# 
# Published: 3/29/22, Jack Runburg, contact: runburg@hawaii.edu
# 
# 
# -----------------------------------------------------------------
# 
# 	 tilde E 		 | 		 tilde f
# 
# -----------------------------------------------------------------
1.057633743900253457e-07	3.546785478818626953e+12
1.080931456425551542e-07	3.412491756305567871e+12
1.104742383896981706e-07	3.278571130965719727e+12
1.129077831585096045e-07	3.145631275437846680e+12
1.153949353792337478e-07	3.015704840981115234e+12
1.179368759338502136e-07	2.886415852144046875e+12
1.205348117167074154e-07	2.761015510244069336e+12
1.231899762074995659e-07	2.641063208141453613e+12
1.259036300568685164e-07	2.526322333801027344e+12
1.286770616849012502e-07	2.416566315923290527e+12
1.315115878928092852e-07	2.311578665256204102e+12
1.344085544880843587e-07	2.211152220810130859e+12
1.373693369234184499e-07	2.115088817173369385e+12
1.403953409497019928e-07	2.023198902056683350e+12
1.434880032833990974e-07	1.935301156994750488e+12
1.466487922886274214e-07	1.851222141061212646e+12
1.498792086742577360e-07	1.770795948868213623e+12
1.531807862063670226e-07	1.693863882168332520e+12
1.565550924363878846e-07	1.620274138027604248e+12
1.600037294452893274e-07	1.549881508366501709e+12
1.635283346041552502e-07	1.482547093923296875e+12
1.671305813515077989e-07	1.418138029436810303e+12
1.708121799877578583e-07	1.356527222542878906e+12
1.745748784871493149e-07	1.297593102590582764e+12
1.784204633275858276e-07	1.241219380066033691e+12
1.823507603387395854e-07	1.187294817975033936e+12
1.863676355688322461e-07	1.135713011652374268e+12
1.904729961705141642e-07	1.086372180278766602e+12
1.946687913062473997e-07	1.039174963595982666e+12
1.989570130736372529e-07	9.940282321987485352e+11
2.033396974511354973e-07	9.508429021665910645e+11
2.078189252645804113e-07	9.095337601169219971e+11
2.123968231750191216e-07	8.700192946483527832e+11
2.170755646882854578e-07	8.322215353899532471e+11
2.218573711868195438e-07	7.960659007534620361e+11
2.267445129842030904e-07	7.614810472742989502e+11
2.317393104029297557e-07	7.283987324373553467e+11
2.368441348759025130e-07	6.967536784517277832e+11
2.420614100721999943e-07	6.664834427894329834e+11
2.473936130476297452e-07	6.375282966393131104e+11
2.528432754206216869e-07	6.098311054282774658e+11
2.584129845740254081e-07	5.833372174940651855e+11
2.641053848833651929e-07	5.579943548491130371e+11
2.699231789721569833e-07	5.337525114410343628e+11
2.758691289948603744e-07	5.105638528570235596e+11
2.819460579480961512e-07	4.883826234548289185e+11
2.881568510107341503e-07	4.671650557136599121e+11
2.945044569134940782e-07	4.468692828953655396e+11
3.009918893387165846e-07	4.274552576054891968e+11
3.076222283509501882e-07	4.088846723071775513e+11
3.143986218590562458e-07	3.911208833125646362e+11
3.213242871105011205e-07	3.741288399912321167e+11
3.284025122185682850e-07	3.578750132183053589e+11
3.356366577231964686e-07	3.423273312896253052e+11
3.430301581861898186e-07	3.274551156562080688e+11
3.505865238215687593e-07	3.132290206573994751e+11
3.583093421618101125e-07	2.996209755340903320e+11
3.662022797607969915e-07	2.866041291959786377e+11
3.742690839342558320e-07	2.741527968016760254e+11
3.825135845385357455e-07	2.622424094958391113e+11
3.909396957885498063e-07	2.508494664884140015e+11
3.995514181157511912e-07	2.399514867761663818e+11
4.083528400670340344e-07	2.295269669127652283e+11
4.173481402454363637e-07	2.195553373642994995e+11
4.265415892935962839e-07	2.100169223861195374e+11
4.359375519208692144e-07	2.008929009458898315e+11
4.455404889751007038e-07	1.921652697014851990e+11
4.553549595600113335e-07	1.838168075931087952e+11
4.653856231992065499e-07	1.758310414328328247e+11
4.756372420478532757e-07	1.681922140878056946e+11
4.861146831530390513e-07	1.608852527511705017e+11
4.968229207639260736e-07	1.538957395667491455e+11
5.077670386927546859e-07	1.472098829336282959e+11
5.189522327278562271e-07	1.408144906156564026e+11
5.303838130997872341e-07	1.346969433455390167e+11
5.420672070017666087e-07	1.288451702183224335e+11
5.540079611656272187e-07	1.232476246632138367e+11
5.662117444944667186e-07	1.178932618228448334e+11
5.786843507532903763e-07	1.127715166422249298e+11
5.914317013188773839e-07	1.078722830937607574e+11
6.044598479902179660e-07	1.031858941782732697e+11
6.177749758608189378e-07	9.870310287863227844e+10
6.313834062542527683e-07	9.441506398714212036e+10
6.452915997243589721e-07	9.031331645107701111e+10
6.595061591214823097e-07	8.638976692454884338e+10
6.740338327262486282e-07	8.263667362079270935e+10
6.888815174523140675e-07	7.904663108156019592e+10
7.040562621196577097e-07	7.561255561332241821e+10
7.195652707999269817e-07	7.232767128144546509e+10
7.354159062354382891e-07	6.918549650663877869e+10
7.516156933334737975e-07	6.617983129553829956e+10
7.681723227374839343e-07	6.330474503840405273e+10
7.850936544769474884e-07	6.055456476623000336e+10
8.023877216975578555e-07	5.792386397065814209e+10
8.200627344735648088e-07	5.540745191541002655e+10
8.381270837040297063e-07	5.300036332357269287e+10
8.565893450948598309e-07	5.069784875625423431e+10
8.754582832285337219e-07	4.849536495685707092e+10
8.947428557233881701e-07	4.638856614771221161e+10
9.144522174845128858e-07	4.437329532692105103e+10
9.345957250481900022e-07	4.244557609896815491e+10
9.551829410220114567e-07	4.060160482395844269e+10
9.762236386227223746e-07	3.883774305729522705e+10
9.977278063139596010e-07	3.715051061864977264e+10
1.019705652546112549e-06	3.553657823576271057e+10
1.042167610600490647e-06	3.399276147430942535e+10
1.065124343540166545e-06	3.251601418960705185e+10
1.088586749269766807e-06	3.110342258330337143e+10
1.112565965706680690e-06	2.975219944730798340e+10
1.137073376066078173e-06	2.845967865308496857e+10
1.162120614262263301e-06	2.722330992273458099e+10
1.187719570428954133e-06	2.604065374987819290e+10
1.213882396561030602e-06	2.490937662792321777e+10
1.240621512280515640e-06	2.382724642445620346e+10
1.267949610729427011e-06	2.279212797851434326e+10
1.295879664592382106e-06	2.180197889880172348e+10
1.324424932251736916e-06	2.085484551695512390e+10
1.353598964078201574e-06	1.994885904843122101e+10
1.383415608859948121e-06	1.908223189063671494e+10
1.413889020373172761e-06	1.825325410316167068e+10
1.445033664097330087e-06	1.746029004765822983e+10
1.476864324078106357e-06	1.670177512358675385e+10
1.509396109941496679e-06	1.597621271874007607e+10
1.542644464062217318e-06	1.528217123744602585e+10
1.576625168889878307e-06	1.461828128141827965e+10
1.611354354436435372e-06	1.398323293402268410e+10
1.646848505928357781e-06	1.337577320349057579e+10
1.683124471627271062e-06	1.279470352559644508e+10
1.720199470822635693e-06	1.223887740598017311e+10
1.758091102000385892e-06	1.170719816381136131e+10
1.796817351191283801e-06	1.119861675817741966e+10
1.836396600502984530e-06	1.071212973212610435e+10
1.876847636839901117e-06	1.024677721014129639e+10
1.918189660814879878e-06	9.801641026749078751e+09
1.960442295857050076e-06	9.375842905612106323e+09
2.003625597520004715e-06	8.968542729139003754e+09
2.047760062994881146e-06	8.578936868128069878e+09
2.092866640832674482e-06	8.206256613114580154e+09
2.138966740880557904e-06	7.849766652984640121e+09
2.186082244436751878e-06	7.508763619591620445e+09
2.234235514628865219e-06	7.182574700189738274e+09
2.283449407020577179e-06	6.870556316752567291e+09
2.333747280451634344e-06	6.572092845289619446e+09
2.385153008116409696e-06	6.286595410946791649e+09
2.437690988886114938e-06	6.013500721558560371e+09
2.491386158880151892e-06	5.752269957354345322e+09
2.546264003292001109e-06	5.502387705720985413e+09
2.602350568475269871e-06	5.263360945966848373e+09
2.659672474295628071e-06	5.034718077322190285e+09
2.718256926754406621e-06	4.816007987123600960e+09
2.778131730889963368e-06	4.606799160594041824e+09
2.839325303962752533e-06	4.406678830165588379e+09
2.901866688930465673e-06	4.215252160868014336e+09
2.965785568219550728e-06	4.032141469064948559e+09
3.031112277799628791e-06	3.856985482014891624e+09
3.097877821567497603e-06	3.689438620475731373e+09
3.166113886047431126e-06	3.529170319497245789e+09
3.235852855414881384e-06	3.375864374759078979e+09
3.307127826850499426e-06	3.229218318041472435e+09
3.379972626231876381e-06	3.088942823739304543e+09
3.454421824170355992e-06	2.954761134269561768e+09
3.530510752400494914e-06	2.826408515161757469e+09
3.608275520529971537e-06	2.703631736216865540e+09
3.687753033157730096e-06	2.586188563846096039e+09
3.768981007368661843e-06	2.473847290876314640e+09
3.851997990612811652e-06	2.366386275825539589e+09
3.936843378977854391e-06	2.263593506305928707e+09
4.023557435863189860e-06	2.165266183387190342e+09
4.112181311064696229e-06	2.071210307404577255e+09
4.202757060279046856e-06	1.981240322793516874e+09
4.295327665036764687e-06	1.895178724339920044e+09
4.389937053073604348e-06	1.812855722477778435e+09
4.486630119149598773e-06	1.734108900930347681e+09
4.585452746325926291e-06	1.658782904560179710e+09
4.686451827709333127e-06	1.586729118613326550e+09
4.789675288674584026e-06	1.517805394892971039e+09
4.895172109575384074e-06	1.451875754898173332e+09
5.002992348954354545e-06	1.388810127750653028e+09
5.113187167263298658e-06	1.328484094434498072e+09
5.225808851104560323e-06	1.270778641167580605e+09
5.340910838005350397e-06	1.215579923689517498e+09
5.458547741736310266e-06	1.162779044248286724e+09
5.578775378186559112e-06	1.112271834733750820e+09
5.701650791807276485e-06	1.063958655919748664e+09
5.827232282636317284e-06	1.017744192439416051e+09
5.955579433916663745e-06	9.735372729600427151e+08
6.086753140321552931e-06	9.312506857624725103e+08
6.220815636799904226e-06	8.908010086239346266e+08
6.357830528055256325e-06	8.521084419261745214e+08
6.497862818672426936e-06	8.150966549020421505e+08
6.640978943905900874e-06	7.796926313509296179e+08
6.787246801144536691e-06	7.458265276632883549e+08
6.936735782067414083e-06	7.134315342484315634e+08
7.089516805505824705e-06	6.824437439323117733e+08
7.245662351027211195e-06	6.528020260650179386e+08
7.405246493256437362e-06	6.244479053949636221e+08
7.568344936950912623e-06	5.973254472297847271e+08
7.735035052845892994e-06	5.713811467811861038e+08
7.905395914286843416e-06	5.465638234266217947e+08
8.079508334666234032e-06	5.228245203421224356e+08
8.257454905682093960e-06	5.001164075084618330e+08
8.439320036436765842e-06	4.783946887287048697e+08
8.625189993393758974e-06	4.576165146304851770e+08
8.815152941211872772e-06	4.377408969146038890e+08
9.009298984475608147e-06	4.187286279537014365e+08
9.207720210341523043e-06	4.005422033878393173e+08
9.410510732120644080e-06	3.831457482947262526e+08
9.617766733817169930e-06	3.665049461864005923e+08
9.829586515644914984e-06	3.505869711111034751e+08
1.004607054054219819e-05	3.353604234236670732e+08
1.026732148170760818e-05	3.207952675906330347e+08
1.049344427117863370e-05	3.068627723748601079e+08
1.072454614947611043e-05	2.935354554598687291e+08
1.096073671633781340e-05	2.807870278550941944e+08
1.120212798256473035e-05	2.685923428069043159e+08
1.144883442300493101e-05	2.569273459453756809e+08
1.170097303069916394e-05	2.457690278723528087e+08
1.195866337221420708e-05	2.350953787444560528e+08
1.222202764418952018e-05	2.248853448965569437e+08
1.249119073112393139e-05	2.151187872569175959e+08
1.276628026442941229e-05	2.057764422480727136e+08
1.304742668277936838e-05	1.968398805630610883e+08
1.333476329378033539e-05	1.882914773629373610e+08
1.362842633699517442e-05	1.801143708317964673e+08
1.392855504834795725e-05	1.722924324730803967e+08
1.423529172594035083e-05	1.648102341701970398e+08
1.454878179731039213e-05	1.576530181726107299e+08
1.486917388816527309e-05	1.508066678367720246e+08
1.519661989261984692e-05	1.442576796852021515e+08
1.553127504497456599e-05	1.379931368712680340e+08
1.587329799306535870e-05	1.320006837850208133e+08
1.622285087322067847e-05	1.262685012781091183e+08
1.658009938686016532e-05	1.207852839164808989e+08
1.694521287877100190e-05	1.155402172518286854e+08
1.731836441709856420e-05	1.105229565693971813e+08
1.769973087508826549e-05	1.057236066373315901e+08
1.808949301461775685e-05	1.011327020401161313e+08
1.848783557155709591e-05	9.674118852719892561e+07
1.889494734299821576e-05	9.254040519497351348e+07
1.931102127639308422e-05	8.852206727584658563e+07
1.973625456064299685e-05	8.467825010739646852e+07
2.017084871918124332e-05	8.100137301980477571e+07
2.061500970509204785e-05	7.748418478659652174e+07
2.106894799831127258e-05	7.411974914650622010e+07
2.153287870495255372e-05	7.090143115385559201e+07
2.200702165880685644e-05	6.782288406385703385e+07
2.249160152506117808e-05	6.487803685131888837e+07
2.298684790628567013e-05	6.206108218726797402e+07
2.349299545073828282e-05	5.936646502345269918e+07
2.401028396303659591e-05	5.678887163253068179e+07
2.453895851724972754e-05	5.432321909096943587e+07
2.507926957246110262e-05	5.196464522281836718e+07
2.563147309085751725e-05	4.970849917165127397e+07
2.619583065839783530e-05	4.755033202808487415e+07
2.677260960811839681e-05	4.548588814983864129e+07
2.736208314613178456e-05	4.351109676158470660e+07
2.796453048037765145e-05	4.162206391186495125e+07
2.858023695218533819e-05	3.981506478802947700e+07
2.920949417070858653e-05	3.808653639852452278e+07
2.985260015029610257e-05	3.643307049235662073e+07
3.050985945085981380e-05	3.485140688656245172e+07
3.118158332130708811e-05	3.333842699949000776e+07
3.186808984610280067e-05	3.189114772017567605e+07
3.256970409502889588e-05	3.050671551431366056e+07
3.328675827621124344e-05	2.918240079536847398e+07
3.401959189248330277e-05	2.791559254845131934e+07
3.476855190116080941e-05	2.670379317206543684e+07
3.553399287729879690e-05	2.554461354143825918e+07
3.631627718050838634e-05	2.443576831608143821e+07
3.711577512540907532e-05	2.337507142711252719e+07
3.793286515579540855e-05	2.236043175614538789e+07
3.876793402259864755e-05	2.138984900827023014e+07
3.962137696572420555e-05	2.046140978333599120e+07
4.049359789985064874e-05	1.957328378891802579e+07
4.138500960427313749e-05	1.872372023294717073e+07
4.229603391688078150e-05	1.791104436437017471e+07
4.322710193235571540e-05	1.713365418496110663e+07
4.417865420468556443e-05	1.639001726948764734e+07
4.515114095408182985e-05	1.567866776750774868e+07
4.614502227839961749e-05	1.499820348106152751e+07
4.716076836915477656e-05	1.434728312963407114e+07
4.819885973223850701e-05	1.372462368382038549e+07
4.925978741342950724e-05	1.312899784333184734e+07
5.034405322880767115e-05	1.255923161393865570e+07
5.145217000017378376e-05	1.201420199588621408e+07
5.258466179558373728e-05	1.149283476744757779e+07
5.374206417510666363e-05	1.099410234464528970e+07
5.492492444191873085e-05	1.051702180418654904e+07
5.613380189884800979e-05	1.006065289628739469e+07
5.736926811048661737e-05	9.624096213177213445e+06
5.863190717098991356e-05	9.206491411742348224e+06
5.992231597768425731e-05	8.807015512390760705e+06
6.124110451060803175e-05	8.424881284669551998e+06
6.258889611811287840e-05	8.059335684692773037e+06
6.396632780865512953e-05	7.709658375079521909e+06
6.537405054890867444e-05	7.375160306860952638e+06
6.681272956833618775e-05	7.055182357941875234e+06
6.828304467035520710e-05	6.749094027479496785e+06
6.978569055024067067e-05	6.456292200909375213e+06
7.132137711990728672e-05	6.176199959869861603e+06
7.289082983971879350e-05	5.908265436665530317e+06
7.449479005747402778e-05	5.651960742230003700e+06
7.613401535472156308e-05	5.406780884990705177e+06
7.780927990056110265e-05	5.172242845543952659e+06
7.952137481308890440e-05	4.947884555572326295e+06
8.127110852865080315e-05	4.733264018305392005e+06
8.305930717906893001e-05	4.527958436735945754e+06
8.488681497701070877e-05	4.331563370232860558e+06
8.675449460967425209e-05	4.143691946636355016e+06
8.866322764096472775e-05	3.963974092856139410e+06
9.061391492234365105e-05	3.792055806613152381e+06
9.260747701253383216e-05	3.627598462306030560e+06
9.464485460626740980e-05	3.470278132978132460e+06
9.672700897226864478e-05	3.319784967322490644e+06
9.885492240066653469e-05	3.175822564462152775e+06
1.010295986600370414e-04	3.038107396668929607e+06
1.032520634642764300e-04	2.906368247666022740e+06
1.055233649495158920e-04	2.780345679862638935e+06
1.078445741612865823e-04	2.659791521354450379e+06
1.102167855521524778e-04	2.544468377430158202e+06
1.126411174900306383e-04	2.434149162494920660e+06
1.151187127774237854e-04	2.328616649746923242e+06
1.176507391817953899e-04	2.227663047910864465e+06
1.202383899773186904e-04	2.131089584641583730e+06
1.228828844982414882e-04	2.038706129574396415e+06
1.255854687041075331e-04	1.950330793757159496e+06
1.283474157570844228e-04	1.865789593974144664e+06
1.311700266116501456e-04	1.784916102243841859e+06
1.340546306168973118e-04	1.707551114882341120e+06
1.370025861317180043e-04	1.633542341581678716e+06
1.400152811531390530e-04	1.562744105870220810e+06
1.430941339580795151e-04	1.495017054597343551e+06
1.462405937588124173e-04	1.430227886484536342e+06
1.494561413724144669e-04	1.368249087939000688e+06
1.527422899044942727e-04	1.308958681840960868e+06
1.561005854474955493e-04	1.252239986780755455e+06
1.595326077938778796e-04	1.197981387911779108e+06
1.630399711644835983e-04	1.146076116242051590e+06
1.666243249524021811e-04	1.096422038707908941e+06
1.702873544826567472e-04	1.048921455136603210e+06
1.740307817880355800e-04	1.003480909077662858e+06
1.778563664014035746e-04	9.600110004745229380e+05
1.817659061648313956e-04	9.184262107809741283e+05
1.857612380558898598e-04	8.786447340804374544e+05
1.898442390314617726e-04	8.405883161825530697e+05
1.940168268894276510e-04	8.041821001425049035e+05
1.982809611485969968e-04	7.693544785414263606e+05
2.026386439472534239e-04	7.360369531185781816e+05
2.070919209606967421e-04	7.041639987152969697e+05
2.116428823381682719e-04	6.736729350635459414e+05
2.162936636595551515e-04	6.445038028363313060e+05
2.210464469122764978e-04	6.165992454947923543e+05
2.259034614887582408e-04	5.899043962107270490e+05
2.308669852049196345e-04	5.643667701995444950e+05
2.359393453400924112e-04	5.399361606894234428e+05
2.411229196988084566e-04	5.165645403827233240e+05
2.464201376948962994e-04	4.942059667452097638e+05
2.518334814583369835e-04	4.728164915956575423e+05
2.573654869653384551e-04	4.523540736412136466e+05
2.630187451920902803e-04	4.327784999167159549e+05
2.687959032926803501e-04	4.140513023734057206e+05
2.746996658016526279e-04	3.961356763637462864e+05
2.807327958616996849e-04	3.789963733313385164e+05
2.868981169291277876e-04	3.625997481723806122e+05
2.931985122990746293e-04	3.469136660690053250e+05
2.996369289675699580e-04	3.319072541139897075e+05
3.062163773078572637e-04	3.175509972402192652e+05
3.129399328347358140e-04	3.038167243654207559e+05
3.198107375939202566e-04	2.906774602052500704e+05
3.268320015802374506e-04	2.781074003600449068e+05
3.340070041852300593e-04	2.660818599329644348e+05
3.413390956747467905e-04	2.545772253860609489e+05
3.488316986971014451e-04	2.435709079384525539e+05
3.564883098224058688e-04	2.330412990566951339e+05
3.643125011136738763e-04	2.229677277968468261e+05
3.723079217303269361e-04	2.133304202459725784e+05
3.804782995647197760e-04	2.041104605025668279e+05
3.888274429123319826e-04	1.952897534788210469e+05
3.973592421762721610e-04	1.868509891144679859e+05
4.060776716067562332e-04	1.787776086775634030e+05
4.149867910762363105e-04	1.710537714173065906e+05
4.240907478908523438e-04	1.636643244362346886e+05
4.333937786389135613e-04	1.565947719051082095e+05
4.429002110771079726e-04	1.498312470096965844e+05
4.526144660551567611e-04	1.433604845566859876e+05
4.625410594796449662e-04	1.371697947255690524e+05
4.726846043177653335e-04	1.312470383413204108e+05
4.830498126417320532e-04	1.255806027787079511e+05
4.936414977146182841e-04	1.201593791275072290e+05
5.044645761184043259e-04	1.149727405034790136e+05
5.155240699250157078e-04	1.100105206130785518e+05
5.268251089111517698e-04	1.052629952011074347e+05
5.383729328177190793e-04	1.007208602766544500e+05
5.501728936546881497e-04	9.637521657687753031e+04
5.622304580522130644e-04	9.221755003495683195e+04
5.745512096588622879e-04	8.823971660296214395e+04
5.871408515878123041e-04	8.443392496133092209e+04
6.000052089118904173e-04	8.079272186392596632e+04
6.131502312083378717e-04	7.730897727274503268e+04
6.265819951542006593e-04	7.397587038515646418e+04
6.403067071732483368e-04	7.078687645595021604e+04
6.543307061353514226e-04	6.773575306849768094e+04
6.686604661092472937e-04	6.481652570937093697e+04
6.833025995959533978e-04	6.202348396196646354e+04
6.982638587365729184e-04	5.935116840596132533e+04
7.135511406423440022e-04	5.679434729451867315e+04
7.291714888068092943e-04	5.434801693290342519e+04
7.451320965206344963e-04	5.200739487213738903e+04
7.614403099650150818e-04	4.976790416259553604e+04
7.781036313653589068e-04	4.762516629249192920e+04
7.951297222062645147e-04	4.557499254706908687e+04
8.125264065088558122e-04	4.361337581078783842e+04
8.303016741715148153e-04	4.173648264385507355e+04
8.484636843750862625e-04	3.994064579208457872e+04
8.670207690536295116e-04	3.822235693839543092e+04
8.859814364318069129e-04	3.657825984199301456e+04
9.053543746300180125e-04	3.500514371544565802e+04
9.251484553383696428e-04	3.349993692874329281e+04
9.453727375606331071e-04	3.205970096740892768e+04
9.660364714292954272e-04	3.068162465623842218e+04
9.871491020928629088e-04	2.936301866116618839e+04
1.008720273676561290e-03	2.810131012254395318e+04
1.030759833317596800e-03	2.689403774054728274e+04
1.053277835276155566e-03	2.573884681495673067e+04
1.076284545123298332e-03	2.463348466538386856e+04
1.099790444006973128e-03	2.357579623018044003e+04
1.123806232997311095e-03	2.256371978263443089e+04
1.148342837512422590e-03	2.159528291849787638e+04
1.173411411825905915e-03	2.066859868809281033e+04
1.199023343657277130e-03	1.978186186549283593e+04
1.225190258846546761e-03	1.893334540971325987e+04
1.251924026114182176e-03	1.812139709033969484e+04
1.279236761907660228e-03	1.734443623536573068e+04
1.307140835335882751e-03	1.660095061534789056e+04
1.335648873192670340e-03	1.588949349496267860e+04
1.364773765070581438e-03	1.520868079129241596e+04
1.394528668566310083e-03	1.455718834233554117e+04
1.424927014578895260e-03	1.393374932194703797e+04
1.455982512702007781e-03	1.333715175177991478e+04
1.487709156711525087e-03	1.276623612288194090e+04
1.520121230149680926e-03	1.221989312490306293e+04
1.553233312006997496e-03	1.169706148017821033e+04
1.587060282503250774e-03	1.119672582926663017e+04
1.621617328968703083e-03	1.071791452808647591e+04
1.656919952256485223e-03	1.025969834865439952e+04
1.692983971160043344e-03	9.821188526593992719e+03
1.729825531033949825e-03	9.401534115578024284e+03
1.767461108511295988e-03	8.999921077390916253e+03
1.805907518288469692e-03	8.615570896305669521e+03
1.845181919633431681e-03	8.247738609164922309e+03
1.885301823002654776e-03	7.895711488918881514e+03
1.926285096767855684e-03	7.558807618987994829e+03
1.968149974053672122e-03	7.236374608998484291e+03
2.010915059687366866e-03	6.927788263868700597e+03
2.054599337261680224e-03	6.632451396705941079e+03
2.099222176311884343e-03	6.349792637593353902e+03
2.144803339608081054e-03	6.079265328876203967e+03
2.191362990563763477e-03	5.820346450332850509e+03
2.238921700761634104e-03	5.572535592556328083e+03
2.287500457597636469e-03	5.335353980773463263e+03
2.337120672044099012e-03	5.108343537386023854e+03
2.387804186532930910e-03	4.891065985121295853e+03
2.439573282959667418e-03	4.683101988596738920e+03
2.492450690809209102e-03	4.484050336726520072e+03
2.546459595404009998e-03	4.293527154866069395e+03
2.601623646275426360e-03	4.111165154993665965e+03
2.657966965658914264e-03	3.936612921483966147e+03
2.715514157113702292e-03	3.769534215305132420e+03
2.774290314267450607e-03	3.609607327339696894e+03
2.834321029686485797e-03	3.456524441216385185e+03
2.895632403871994855e-03	3.309991034823893187e+03
2.958251054382580753e-03	3.169725308245050655e+03
3.022204125083497069e-03	3.035457626115050971e+03
3.087519295522786304e-03	2.906929996942761591e+03
3.154224790434526603e-03	2.783895566919907651e+03
3.222349389369193792e-03	2.666118138823659137e+03
3.291922436451245014e-03	2.553371709362994352e+03
3.362973850263752205e-03	2.445440029794396196e+03
3.435534133859963115e-03	2.342116183010702571e+03
3.509634384901486309e-03	2.243202180242245959e+03
3.585306305922733670e-03	2.148508575148876844e+03
3.662582214721173297e-03	2.057854092871337798e+03
3.741495054872731856e-03	1.971065279797490120e+03
3.822078406371721016e-03	1.887976159750442775e+03
3.904366496394432763e-03	1.808427900342545854e+03
3.988394210608374631e-03	1.732268541739234479e+03
4.074197102538174020e-03	1.659352694099945893e+03
4.161811407087756369e-03	1.589541188387342572e+03
4.251274050235018601e-03	1.522700859348213953e+03
4.342622660774894845e-03	1.458704304596087013e+03
4.435895581800262943e-03	1.397429599281092351e+03
4.531131882296934171e-03	1.338760074315905740e+03
4.628371368850733858e-03	1.282584084365384342e+03
4.727654597464548726e-03	1.228794793864694611e+03
4.829022885482968722e-03	1.177289967731257320e+03
4.932518323622060892e-03	1.127971773321739192e+03
5.038183788101472001e-03	1.080746589744178436e+03
5.146062952876069574e-03	1.035524826531161352e+03
5.256200301963920817e-03	9.922207484456504289e+02
5.368641141867303880e-03	9.507523100087988723e+02
5.483431614083208311e-03	9.110409963967367730e+02
5.600618707699562930e-03	8.730116695771072273e+02
5.720250272073144036e-03	8.365924236430224710e+02
5.842375029584956359e-03	8.017144453257249097e+02
5.967042588468515762e-03	7.683118797717103234e+02
6.094303455706341285e-03	7.363217034838605741e+02
6.224209049989591971e-03	7.056836017374550920e+02
6.356811714735521174e-03	6.763398520012671042e+02
6.492164731157195473e-03	6.482352118203959890e+02
6.630322331379572345e-03	6.213168119591603045e+02
6.771339711595795660e-03	5.955340538369667911e+02
6.915273045257104914e-03	5.708385121003630047e+02
7.062179496289706405e-03	5.471838404382253884e+02
7.212117232331374285e-03	5.245256818289016110e+02
7.365145437980299623e-03	5.028215830714500498e+02
7.521324328048446285e-03	4.820309127662534365e+02
7.680715160811165884e-03	4.621147825037703001e+02
7.843380251244648840e-03	4.430359718701313341e+02
8.009382984242160650e-03	4.247588567447658079e+02
8.178787827799939569e-03	4.072493399642432337e+02
8.351660346163029131e-03	3.904747863406752231e+02
8.528067212920951989e-03	3.744039590019917796e+02
8.708076224042815908e-03	3.590069595809579823e+02
8.891756310840931779e-03	3.442551702569501799e+02
9.079177552851702693e-03	3.301211988795059256e+02
9.270411190621928935e-03	3.165788249788537314e+02
9.465529638799964618e-03	3.036029521691822310e+02
9.664606497098705146e-03	2.911695593341970607e+02
9.867716565052312566e-03	2.792556498925694086e+02
1.007493585278781967e-02	2.678392111943724103e+02
1.028634159351513380e-02	2.568991734222402670e+02
1.050201225547489278e-02	2.464153672006301008e+02
1.072202755369696704e-02	2.363684845859033317e+02
1.094646846155409095e-02	2.267400436434767244e+02
1.117541722186030442e-02	2.175123509771676140e+02
1.140895735862551726e-02	2.086684690465071128e+02
1.164717368722863883e-02	2.001921832773724077e+02
1.189015232529062015e-02	1.920679701789101443e+02
1.213798070353404486e-02	1.842809716305576728e+02
1.239074757331278497e-02	1.768169605304871084e+02
1.264854302048731144e-02	1.696623174107599255e+02
1.291145846966779143e-02	1.628040033763181214e+02
1.317958669860708719e-02	1.562295350688299891e+02
1.345302184087095350e-02	1.499269610748783066e+02
1.373185940026280978e-02	1.438848390036431226e+02
1.401619625181845658e-02	1.380922134384240962e+02
1.430613065619198813e-02	1.325385945789853395e+02
1.460176225990373819e-02	1.272139413996939794e+02
1.490319210445066427e-02	1.221086379220665066e+02
1.521052263509464764e-02	1.172134757783976795e+02
1.552385770001006755e-02	1.125196412691647794e+02
1.584330255796165959e-02	1.080186934552364590e+02
1.616896388553592037e-02	1.037025484759832068e+02
1.650094977415456424e-02	9.956346851761824723e+01
1.683936973607175897e-02	9.559404289972168556e+01
1.718433470977498087e-02	9.178717390291092215e+01
1.753595705470371857e-02	8.813606741380637288e+01
1.789435055528967519e-02	8.463421609457945749e+01
1.825963042422455024e-02	8.127538723558522804e+01
1.863191329474245608e-02	7.805361426507299427e+01
1.901131722240112856e-02	7.496318228713957410e+01
1.939796168587685707e-02	7.199861724686043374e+01
1.979196757670303661e-02	6.915467849586076454e+01
2.019345719846063134e-02	6.642634623009855943e+01
2.060255426471338872e-02	6.380881192728531914e+01
2.101938388615076994e-02	6.129747178444117850e+01
2.144407256681066243e-02	5.888791567762355328e+01
2.187674819873840909e-02	5.657591862623679901e+01
2.231754004832956287e-02	5.435743569157548194e+01
2.276657874215505875e-02	5.222859249990907671e+01
2.322399626815148041e-02	5.018567681840114858e+01
2.368992594825315712e-02	4.822513242231174502e+01
2.416450244229068067e-02	4.634355360036663285e+01
2.464786170778829333e-02	4.453767911380342781e+01
2.514014100764677337e-02	4.280438367750115702e+01
2.564147887968630177e-02	4.114067306127912360e+01
2.615201512129203265e-02	3.954367966527935607e+01
2.667189076817572113e-02	3.801065608541320984e+01
2.720124807330115760e-02	3.653897012193624505e+01
2.774023048454304918e-02	3.512610017517286565e+01
2.828898261643869594e-02	3.376963042212286581e+01
2.884765023061659425e-02	3.246724613301178408e+01
2.941638020060041367e-02	3.121672961302961369e+01
2.999532049108169507e-02	3.001595598314816371e+01
3.058462011838751146e-02	2.886288924031640946e+01
3.118442912786527008e-02	2.775557844540355390e+01
3.179489855128489473e-02	2.669215444880191868e+01
3.241618037521148271e-02	2.567082591731859154e+01
3.304842750804078133e-02	2.468987624219327515e+01
3.369179373143096207e-02	2.374766052694237572e+01
3.434643367143531273e-02	2.284260230908633815e+01
3.501250274561967801e-02	2.197319102710713778e+01
3.569015712366280929e-02	2.113797884069690980e+01
3.637955368641567627e-02	2.033557791480228616e+01
3.708084996855746940e-02	1.956465851973758063e+01
3.779420411408278974e-02	1.882394595457605035e+01
3.851977483008656861e-02	1.811221822842980700e+01
3.925772132351185856e-02	1.742830440667457381e+01
4.000820325132793676e-02	1.677108188760606566e+01
4.077138066882357581e-02	1.613947436650629186e+01
4.154741396050606883e-02	1.553245018738916094e+01
4.233646378480463573e-02	1.494902069274358780e+01
4.313869101668457717e-02	1.438824033051655960e+01
4.395425658336358371e-02	1.384919861744593206e+01
4.478332174621945522e-02	1.333101974272989132e+01
4.562604753832914112e-02	1.283287130792588115e+01
4.648259501576523095e-02	1.235395426871157021e+01
4.735312509837527606e-02	1.189349900452972086e+01
4.823779850855136608e-02	1.145076891492353433e+01
4.913677568622415448e-02	1.102505780700848881e+01
5.005021670942668560e-02	1.061568846933830201e+01
5.097828122850210641e-02	1.022201129067653369e+01
5.192112836908700790e-02	9.843403361346915403e+00
5.287891666068501861e-02	9.479267298397415331e+00
5.385180394260263848e-02	9.129030123461078006e+00
5.483994728544640956e-02	8.792142270833240403e+00
5.584350289561236524e-02	8.468076607732216488e+00
5.686262603117053782e-02	8.156327477577560714e+00
5.789747090703947080e-02	7.856409807768307552e+00
5.894819060291922597e-02	7.567858307731006207e+00
6.001493696566906344e-02	7.290226592812094175e+00
6.109786051764937859e-02	7.023086360212844603e+00
6.219711035716604663e-02	6.766026717228061038e+00
6.331283405486305693e-02	6.518653420550218236e+00
6.444517756207802928e-02	6.280588175028432474e+00
6.559428509843595601e-02	6.051467972633888692e+00
6.676029906012460879e-02	5.830944471607518942e+00
6.794335990528235780e-02	5.618683398981429100e+00
6.914360605322358855e-02	5.414363940548536647e+00
7.036117378306624981e-02	5.217678159104428559e+00
7.159619711673180509e-02	5.028330551789231606e+00
7.284880771578365610e-02	4.846037453386230709e+00
7.411913477783826920e-02	4.670526545484134040e+00
7.540730491663050206e-02	4.501536471223473335e+00
7.671344205720435905e-02	4.338816297997736271e+00
7.803766733087441620e-02	4.182125095506368240e+00
7.938009895326174348e-02	4.031231590032960277e+00
8.074085211866806333e-02	3.885913706432918335e+00
8.212003889440677717e-02	3.745958168636969621e+00
8.351776809785643740e-02	3.611160209561321999e+00
8.493414519090920767e-02	3.481323207396286978e+00
8.636927217454549999e-02	3.356258525360971579e+00
8.782324740419052145e-02	3.235784650042591970e+00
8.929616572263966712e-02	3.119726978511255577e+00
9.078811801254930980e-02	3.007918441592964953e+00
9.229919129627099650e-02	2.900198494990320786e+00
9.382946857973645249e-02	2.796412584295552062e+00
9.537902875018854087e-02	2.696412344945281259e+00
9.694794645796153687e-02	2.600055258774710776e+00
9.853629201681113337e-02	2.507204373501750627e+00
1.001441313062566008e-01	2.417728088382147256e+00
1.017715256515031724e-01	2.331499966118669942e+00
1.034185317371187351e-01	2.248398478499000319e+00
1.050852015054334898e-01	2.168306821997250111e+00
1.067715820494904433e-01	2.091112747426272733e+00
1.084777155284806227e-01	2.016708355135022224e+00
1.102036390633423374e-01	1.944989926920984269e+00
1.119493846536133014e-01	1.875857753414988505e+00
1.137149790824985990e-01	1.809215974457863751e+00
1.155004438323438548e-01	1.744972428663095876e+00
1.173057949991546250e-01	1.683038497757592289e+00
1.191310432117784895e-01	1.623328967772488030e+00
1.209761935539772487e-01	1.565761893601606669e+00
1.228412454840324963e-01	1.510258468625755413e+00
1.247261927699656464e-01	1.456742895176207586e+00
1.266310234105675614e-01	1.405142269865000904e+00
1.285557195794935770e-01	1.355386462732420805e+00
1.305002575515527841e-01	1.307408012821338561e+00
1.324646076553866458e-01	1.261142030013243875e+00
1.344487341950403592e-01	1.216526063149928616e+00
1.364525954520232898e-01	1.173500011874317295e+00
1.384761435664871310e-01	1.132006078809010052e+00
1.405193245368949462e-01	1.091988637397255602e+00
1.425820781767056233e-01	1.053394134284455053e+00
1.446643380674498547e-01	1.016171042242395961e+00
1.467660315331361653e-01	9.802697603002428206e-01
1.488870796192643675e-01	9.456425403990033063e-01
1.510273970582374226e-01	9.122434234864768010e-01
1.531868922573151603e-01	8.800281617359836384e-01
1.553654672912561374e-01	8.489541502869236700e-01
1.575630178808136994e-01	8.189803723527643298e-01
1.597794333947407386e-01	7.900673298668081657e-01
1.620145968564582206e-01	7.621769828814385361e-01
1.642683849362988335e-01	7.352726790210264429e-01
1.665406679678762825e-01	7.093191882484011224e-01
1.688313099689685570e-01	6.842825013311466531e-01
1.711401686480948925e-01	6.601298885660772386e-01
1.734670954353489392e-01	6.368298187397202215e-01
1.758119355174553866e-01	6.143519133657241449e-01
1.781745278592020143e-01	5.926669089520143485e-01
1.805547052486004556e-01	5.717466081391154864e-01
1.829522943458506412e-01	5.515638387385245478e-01
1.853671157218633181e-01	5.320924215286784165e-01
1.877989839103756109e-01	5.133071274019062047e-01
1.902477074805824786e-01	4.951836391274486715e-01
1.927130890813895658e-01	4.776985216619752950e-01
1.951949255225249313e-01	4.608291874965845247e-01
1.976930078347744202e-01	4.445538641745137576e-01
2.002071213554628970e-01	4.288515635298811302e-01
2.027370458030322842e-01	4.137020525955773520e-01
2.052825553645724888e-01	3.990858258092485067e-01
2.078434187838777703e-01	3.849840771336422440e-01
2.104193994557454206e-01	3.713786740466653580e-01
2.130102555244183238e-01	3.582521331078297733e-01
2.156157399803383945e-01	3.455875956090636025e-01
2.182356007739496562e-01	3.333688040436817435e-01
2.208695809150356681e-01	3.215800803617201997e-01
2.235174185964562132e-01	3.102063043350747895e-01
2.261788472991479171e-01	2.992328934589786327e-01
2.288535959245242835e-01	2.886457841661773660e-01
2.315413888964503453e-01	2.784314096222762491e-01
2.342419463315077166e-01	2.685766815070186331e-01
2.369549841174342641e-01	2.590689788499047075e-01
2.396802140697068817e-01	2.498961265307138579e-01
2.424173440730089668e-01	2.410463767861511508e-01
2.451660782054466137e-01	2.325083978936401952e-01
2.479261168849799801e-01	2.242712569696325986e-01
2.506971570185116405e-01	2.163244054854939480e-01
2.534788921342642776e-01	2.086576672118115872e-01
2.562710125351515544e-01	2.012612229548663700e-01
2.590732054541934892e-01	1.941255978631542256e-01
2.618851551920039489e-01	1.872416507216045078e-01
2.647065432756170456e-01	1.806005603143843175e-01
2.675370486187054753e-01	1.741938140515301436e-01
2.703763476629560403e-01	1.680131983588977751e-01
2.732241145430178153e-01	1.620507871730426097e-01
2.760800212389433739e-01	1.562989310549814659e-01
2.789437377422529507e-01	1.507502480650156074e-01
2.818149322012243330e-01	1.453976149594350675e-01
2.846932710861583282e-01	1.402341568885921985e-01
2.875784193543115541e-01	1.352532387508780243e-01
2.904700405964236731e-01	1.304484577155255454e-01
2.933677972022380454e-01	1.258136339681502625e-01
2.962713505265441305e-01	1.213428032381100447e-01
2.991803610275985403e-01	1.170302096549388909e-01
3.020944884497267502e-01	1.128702975778343165e-01
3.050133919617164513e-01	1.088577053272583861e-01
3.079367303206870243e-01	1.049872581744093480e-01
3.108641620305208630e-01	1.012539613704769442e-01
3.137953454922774443e-01	9.765299454212143793e-02
3.167299391556627208e-01	9.417970538891766441e-02
3.196676016773191686e-01	9.082960348297874908e-02
3.226079920671433565e-01	8.759835490038311856e-02
3.255507698390711635e-01	8.448177692289458862e-02
3.284955951550493358e-01	8.147583258886242907e-02
3.314421289761032008e-01	7.857662546641953905e-02
3.343900332038702294e-01	7.578039507318812262e-02
3.373389708169871049e-01	7.308351209202160192e-02
3.402886060210448260e-01	7.048247360637616143e-02
3.432386043750663696e-01	6.797389912365178755e-02
3.461886329310207011e-01	6.555452627285146550e-02
3.491383603618626874e-01	6.322120592562703589e-02
3.520874571166099920e-01	6.097089869813177715e-02
3.550355955078938752e-01	5.880067214047882823e-02
3.579824498586087755e-01	5.670769623603981457e-02
3.609276966210415161e-01	5.468923933799683945e-02
3.638710145022107656e-01	5.274266533438574239e-02
3.668120845677670938e-01	5.086543056100090165e-02
3.697505903615361245e-01	4.905508018200904763e-02
3.726862180223950438e-01	4.730924517065029922e-02
3.756186563785230970e-01	4.562563968475028681e-02
3.785475970582365957e-01	4.400205781392734633e-02
3.814727345978736750e-01	4.243637084136833021e-02
3.843937665261532577e-01	4.092652491982770591e-02
3.873103934658606029e-01	3.947053811046361688e-02
3.902223192323086010e-01	3.806649793987244151e-02
3.931292509077373154e-01	3.671255929080628061e-02
3.960308989335138419e-01	3.540694175607989741e-02
3.989269771987904445e-01	3.414792741608619481e-02
4.018172031050953330e-01	3.293385895143428888e-02
4.047012976487797120e-01	3.176313726769639662e-02
4.075789854995339745e-01	3.063421947990590394e-02
4.104499950555628995e-01	2.954561721657117737e-02
4.133140585160402503e-01	2.849589445208315641e-02
4.161709119508831822e-01	2.748366577848971801e-02
4.190202953406215181e-01	2.650759482519461641e-02
4.218619526480972270e-01	2.556639226813106278e-02
4.246956318698812405e-01	2.465881429352895574e-02
4.275210850744235458e-01	2.378366114239320941e-02
4.303380684616436302e-01	2.293977544873967642e-02
4.331463423934436285e-01	2.212604080747486088e-02
4.359456714436376612e-01	2.134138031937363525e-02
4.387358244281256425e-01	2.058475523609978181e-02
4.415165744412707927e-01	1.985516364270600506e-02
4.442876988852625386e-01	1.915163914364120812e-02
4.470489794986418630e-01	1.847324962165438136e-02
4.498002023819026585e-01	1.781909606609712732e-02
4.525411580142026935e-01	1.718831140525195825e-02
4.552716412810480229e-01	1.658005936895513496e-02
4.579914514799488523e-01	1.599353342961784899e-02
4.607003923451072902e-01	1.542795574531395132e-02
4.633982720459312032e-01	1.488257618344834138e-02
4.660849032080923160e-01	1.435667139240668494e-02
4.687601028947416260e-01	1.384954366225481237e-02
4.714236926642645376e-01	1.336052007345196052e-02
4.740754984987587961e-01	1.288895196942661456e-02
4.767153508457882549e-01	1.243421377716450067e-02
4.793430846110655064e-01	1.199570212321793283e-02
4.819585391392232632e-01	1.157283529813678963e-02
4.845615582111632569e-01	1.116505234209875727e-02
4.871519900395575031e-01	1.077181232365364595e-02
4.897296872423292924e-01	1.039259371841641522e-02
4.922945068340089381e-01	1.002689363209197798e-02
4.948463102152659276e-01	9.674227142892302678e-03
4.973849631398121751e-01	9.334126752705141153e-03
4.999103357002318004e-01	9.006141682669598428e-03
5.024223023119737119e-01	8.689837278940881413e-03
5.049207416744562194e-01	8.384794528222144078e-03
5.074055367518145454e-01	8.090609413747370041e-03
5.098765747517373104e-01	7.806892392330477305e-03
5.123337470816353711e-01	7.533267947760526051e-03
5.147769493247174033e-01	7.269374019253764703e-03
5.172060812139690489e-01	7.014861525790350334e-03
5.196210465843779103e-01	6.769393971206037752e-03
5.220217533446689373e-01	6.532646925789878378e-03
5.244081134466664906e-01	6.304307595721390933e-03
5.267800428364548537e-01	6.084074478037146405e-03
5.291374614150571309e-01	5.871656899875722820e-03
5.314802930135773540e-01	5.666774616321497600e-03
5.338084653326466977e-01	5.469157477869746042e-03
5.361219099155242196e-01	5.278545061917412975e-03
5.384205620923572244e-01	5.094686314207928952e-03
5.407043609464120548e-01	4.917339213673575966e-03
5.429732492625501949e-01	4.746270451969786600e-03
5.452271734843154860e-01	4.581255123884410765e-03
5.474660836662198493e-01	4.422076423280756410e-03
5.496899334275160420e-01	4.268525343750141643e-03
5.518986799053341441e-01	4.120400415489171471e-03
5.540922837011504898e-01	3.977507424026598473e-03
5.562707088407184974e-01	3.839659148282784096e-03
5.584339227139968331e-01	3.706675113304966525e-03
5.605818960367208170e-01	3.578381342004980162e-03
5.627146027877363288e-01	3.454610132709119187e-03
5.648320201715327782e-01	3.335199839383927445e-03
5.669341285451457990e-01	3.219994613029062303e-03
5.690209114106475896e-01	3.108844196383437654e-03
5.710923553131629360e-01	3.001603799155357164e-03
5.731484498120539284e-01	2.898133844342915249e-03
5.751891874362093926e-01	2.798299750456087649e-03
5.772145636173182659e-01	2.701971806596693577e-03
5.792245766440737853e-01	2.609024967142548924e-03
5.812192276166646687e-01	2.519338680496104217e-03
5.831985203810708951e-01	2.432796756693415916e-03
5.851624614835666538e-01	2.349287178310231847e-03
5.871110601254273531e-01	2.268701955287403139e-03
5.890443280968505890e-01	2.190937000433460999e-03
5.909622797318769827e-01	2.115891966308842791e-03
5.928649318635684784e-01	2.043470106203590115e-03
5.947523037579456329e-01	1.973578170148059408e-03
5.966244170716373807e-01	1.906126264259222968e-03
5.984812957963967506e-01	1.841027715405716293e-03
6.003229662162078428e-01	1.778198967977587556e-03
6.021494568433640726e-01	1.717559484791013119e-03
6.039607983739704311e-01	1.659031613886418960e-03
6.057570236449409951e-01	1.602540488827608554e-03
6.075381675695370465e-01	1.548013944794809004e-03
6.093042670955908235e-01	1.495382401752469361e-03
6.110553611627724813e-01	1.444578777935652059e-03
6.127914906329631206e-01	1.395538406797419738e-03
6.145126982675969129e-01	1.348198931962553242e-03
6.162190286587347909e-01	1.302500242047545040e-03
6.179105281892429691e-01	1.258384381662281185e-03
6.195872449888290001e-01	1.215795464560058808e-03
6.212492288815956165e-01	1.174679616123394579e-03
6.228965313380027125e-01	1.134984891511726761e-03
6.245292054359059541e-01	1.096661202625989632e-03
6.261473058082605014e-01	1.059660256254555148e-03
6.277508886010056965e-01	1.023935487899232857e-03
6.293400114285668812e-01	9.894419983703195507e-04
6.309147333285965997e-01	9.561364921367416321e-04
6.324751147204142887e-01	9.239772246901192462e-04
6.340212173563057885e-01	8.929239409461070575e-04
6.355531042897318850e-01	8.629378221951386138e-04
6.370708398193658528e-01	8.339814398900755607e-04
6.385744894565548169e-01	8.060186982590478383e-04
6.400641198893750605e-01	7.790147941738105554e-04
6.415397989126496725e-01	7.529361576083570861e-04
6.430015954548874424e-01	7.277504013823187564e-04
6.444495794563837032e-01	7.034263181869583863e-04
6.458838218798530484e-01	6.799338086992381871e-04
6.473043946673131543e-01	6.572438275176058263e-04
6.487113706917612133e-01	6.353283759001061804e-04
6.501048237220048431e-01	6.141604446315641940e-04
6.514848284024417069e-01	5.937139808899099310e-04
6.528514601914208182e-01	5.739638662373824224e-04
6.542047953398469895e-01	5.548858657739824240e-04
6.555449108706746797e-01	5.364566038198664366e-04
6.568718845078613811e-01	5.186535429259938722e-04
6.581857946747419197e-01	5.014549322754288663e-04
6.594867204650879389e-01	4.848397923710005028e-04
6.607747415680338410e-01	4.687878989637628822e-04
6.620499382839819535e-01	4.532797283769464392e-04
6.633123914792092846e-01	4.382964489165926667e-04
6.645621825307579389e-01	4.238199056880383761e-04
6.657993933287557065e-01	4.098325718638585699e-04
6.670241062401450760e-01	3.963175411076142623e-04
6.682364040554185092e-01	3.832585125353195604e-04
6.694363699905253595e-01	3.706397470594512741e-04
6.706240876562068465e-01	3.584460647071564116e-04
6.717996409936042301e-01	3.466628281905984803e-04
6.729631142989729309e-01	3.352759021485775801e-04
6.741145921715567813e-01	3.242716508565663411e-04
6.752541594795267166e-01	3.136369241162465828e-04
6.763819013538667768e-01	3.033590267895097453e-04
6.774979031569617893e-01	2.934257132209093510e-04
6.786022504422907220e-01	2.838251664069310143e-04
6.796950289693857172e-01	2.745459774414227305e-04
6.807763246412676938e-01	2.655771432937505854e-04
6.818462234980331438e-01	2.569080457278963238e-04
6.829048117046154776e-01	2.485284329012971962e-04
6.839521755089431609e-01	2.404284167550259929e-04
6.849884012338799399e-01	2.325984523809683903e-04
6.860135752572281698e-01	2.250293264091121853e-04
6.870277839858125457e-01	2.177121463753252232e-04
6.880311138445383001e-01	2.106383306882274504e-04
6.890236512443748129e-01	2.037995979435685515e-04
6.900054825742412135e-01	1.971879568440939288e-04
6.909766941698407550e-01	1.907956863020234092e-04
6.919373723414924404e-01	1.846153335249262170e-04
6.928876032770440174e-01	1.786397137241355060e-04
6.938274730978472027e-01	1.728618870956369759e-04
6.947570677967943586e-01	1.672751510198490380e-04
6.956764732584249655e-01	1.618730388263009390e-04
6.965857751991877400e-01	1.566493068948060063e-04
6.974850592073078559e-01	1.515979242106472004e-04
6.983744106795778395e-01	1.467130726790603912e-04
6.992539148271310623e-01	1.419891339260435394e-04
7.001236566757552682e-01	1.374206804437767316e-04
7.009837210218495818e-01	1.330024765599175166e-04
7.018341924379536412e-01	1.287294644229607077e-04
7.026751552707418691e-01	1.245967583071648207e-04
7.035066936000937687e-01	1.205996457042940445e-04
7.043288912448045780e-01	1.167335724776998431e-04
7.051418317637742073e-01	1.129941397540866900e-04
7.059455984112749105e-01	1.093771040315294913e-04
7.067402741525126153e-01	1.058783645084775111e-04
7.075259416531877177e-01	1.024939593376649540e-04
7.083026832519033755e-01	9.922006623921277957e-05
7.090705809604941345e-01	9.605299176356354789e-05
7.098297164647706659e-01	9.298916678582804158e-05
7.105801710992383224e-01	9.002514764528936559e-05
7.113220258349801650e-01	8.715760760887522065e-05
7.120553612983947511e-01	8.438333061531097501e-05
7.127802577344043433e-01	8.169921250248306308e-05
7.134967950109729617e-01	7.910225518244199294e-05
7.142050526107180941e-01	7.658956096181993164e-05
7.149051096266414440e-01	7.415833210011038221e-05
7.155970447423408709e-01	7.180586555282568277e-05
7.162809362470893282e-01	6.952954872651015753e-05
7.169568620091036903e-01	6.732685885133600934e-05
7.176248994799125924e-01	6.519535902089520888e-05
7.182851256834802411e-01	6.313269479344509928e-05
7.189376172102146523e-01	6.113659110568453339e-05
7.195824502237520015e-01	5.920484918157911707e-05
7.202197004350183729e-01	5.733534525278834626e-05
7.208494431193540608e-01	5.552602675864950555e-05
7.214717530941829882e-01	5.377491083140527046e-05
7.220867047245428383e-01	5.208008263948873365e-05
7.226943719060227034e-01	5.043968954346156428e-05
7.232948280959564658e-01	4.885194085023272776e-05
7.238881462618429463e-01	4.731510826308059895e-05
7.244743989074154955e-01	4.582752158525107099e-05
7.250536580619642013e-01	4.438756526202118473e-05
7.256259952794326118e-01	4.299367875941341417e-05
7.261914816274727125e-01	4.164435392649353023e-05
7.267501876984141518e-01	4.033813170186741488e-05
7.273021836034964105e-01	3.907360339940944122e-05
7.278475389436384058e-01	3.784940795872392090e-05
7.283863228598548289e-01	3.666422748144298430e-05
7.289186039814077311e-01	3.551679009874523531e-05
7.294444504452354261e-01	3.440586585273834396e-05
7.299639299053107822e-01	3.333026453878673768e-05
7.304771095086354249e-01	3.228883741009759757e-05
7.309840558998476068e-01	3.128047373352386371e-05
7.314848352361239536e-01	3.030409813952394263e-05
7.319795131682265144e-01	2.935867226519555057e-05
7.324681548430287403e-01	2.844319242933838565e-05
7.329508249092938632e-01	2.755668707605521138e-05
7.334275875157252322e-01	2.669821778302610413e-05
7.338985062990877051e-01	2.586687766364737163e-05
7.343636443941221614e-01	2.506178792138525772e-05
7.348230644560718172e-01	2.428209988090715998e-05
7.352768285912398838e-01	2.352699495758452011e-05
7.357249984364241380e-01	2.279567798458249851e-05
7.361676351267377738e-01	2.208738156231042094e-05
7.366047992647993814e-01	2.140136532290854869e-05
7.370365509741502175e-01	2.073691033306097000e-05
7.374629498836047237e-01	2.009332237697880949e-05
7.378840550872077797e-01	1.946993159537673069e-05
7.382999252104361920e-01	1.886608815121797248e-05
7.387106183631222400e-01	1.828116418501532831e-05
7.391161921552109604e-01	1.771455265440456005e-05
7.395167037103339558e-01	1.716566573716793057e-05
7.399122096412870109e-01	1.663393610044971370e-05
7.403027660646525066e-01	1.611881452297174552e-05
7.406884286113512017e-01	1.561976871884384997e-05
7.410692524154065541e-01	1.513628460808118927e-05
7.414452921173114719e-01	1.466786495057359283e-05
7.418166018648515436e-01	1.421402861133056425e-05
7.421832353261077486e-01	1.377431048539128201e-05
7.425452456571214332e-01	1.334826004565162453e-05
7.429026855716291955e-01	1.293544043874972517e-05
7.432556072639415756e-01	1.253543093313861075e-05
7.436040624544145716e-01	1.214782431418286835e-05
7.439481023853633523e-01	1.177222517165134765e-05
7.442877778307867009e-01	1.140825185657016028e-05
7.446231390618558432e-01	1.105553524368295961e-05
7.449542359074070585e-01	1.071371740103132702e-05
7.452811177032850898e-01	1.038245262053182212e-05
7.456038333171092214e-01	1.006140608297756810e-05
7.459224311691055043e-01	9.750253440866973095e-06
7.462369591818779346e-01	9.448682094949087190e-06
7.465474648348322528e-01	9.156387809331175743e-06
7.468539951617069184e-01	8.873076707275803359e-06
7.471565966977192774e-01	8.598465730564804020e-06
7.474553155520499148e-01	8.332278870428667751e-06
7.477501973884292941e-01	8.074249708267890291e-06
7.480412873845876387e-01	7.824121500323933179e-06
7.483286302981752014e-01	7.581644043141996777e-06
7.486122704454079013e-01	7.346575671590702610e-06
7.488922516701245202e-01	7.118683598893845207e-06
7.491686174004531518e-01	6.897740831984570379e-06
7.494414106285349764e-01	6.683527926830231540e-06
7.497106738991341501e-01	6.475833516298764543e-06
7.499764493210205885e-01	6.274452281479894809e-06
7.502387785940340947e-01	6.079184897514333567e-06
7.504977029730119931e-01	5.889839209701167264e-06
7.507532632947919726e-01	5.706228822270501923e-06
7.510054999801700770e-01	5.528173111816157159e-06
7.512544530236473506e-01	5.355497527533321419e-06
7.515001620079738709e-01	5.188032496165648579e-06
7.517426661149062550e-01	5.025614190396584022e-06
7.519820040904255931e-01	4.868084148884073398e-06
7.522182142999195298e-01	4.715288297115889978e-06
7.524513346941291703e-01	4.567077697621395819e-06
7.526814028195851769e-01	4.423308409216520230e-06
7.529084558283715145e-01	4.283840608922044801e-06
7.531325304797343856e-01	4.148538701676827456e-06
7.533536631434676334e-01	4.017271485603943239e-06
7.535718897929577498e-01	3.889912148102780075e-06
7.537872460186164636e-01	3.766337774875338525e-06
7.539997670207292391e-01	3.646428541839901800e-06
7.542094876524541025e-01	3.530068564436168376e-06
7.544164423442606404e-01	3.417146202056713895e-06
7.546206651857019221e-01	3.307552864153813144e-06
7.548221898725738788e-01	3.201183094213994221e-06
7.550210497527863884e-01	3.097934741313652217e-06
7.552172777929653247e-01	2.997708777923341806e-06
7.554109066099047309e-01	2.900409138287014268e-06
7.556019684543356929e-01	2.805942809869356782e-06
7.557904952167155965e-01	2.714219354323082825e-06
7.559765184511413327e-01	2.625150885282270665e-06
7.561600693456974609e-01	2.538652560439227459e-06
7.563411787417543275e-01	2.454641733211235461e-06
7.565198771529223487e-01	2.373037944740190308e-06
7.566961947332188076e-01	2.293763583720020457e-06
7.568701613016518559e-01	2.216742870998026911e-06
7.570418063577235568e-01	2.141902042381598274e-06
7.572111590487256017e-01	2.069169854168430958e-06
7.573782481985806836e-01	1.998476673655700050e-06
7.575431023156318222e-01	1.929754560103577786e-06
7.577057495726753356e-01	1.862937830258405182e-06
7.578662178206202471e-01	1.797962233680078612e-06
7.580245346062791656e-01	1.734764901780115169e-06
7.581807271532449155e-01	1.673284891828461399e-06
7.583348223630523854e-01	1.613462630984360130e-06
7.584868468492278470e-01	1.555239500191752465e-06
7.586368269056089630e-01	1.498558408044186151e-06
7.587847885249391355e-01	1.443363446833841450e-06
7.589307574008190560e-01	1.389599545129345683e-06
7.590747589300902431e-01	1.337212571348466658e-06
7.592168182146440403e-01	1.286149215507337766e-06
7.593569600640364126e-01	1.236356774125263506e-06
7.594952089992025313e-01	1.187783026426818133e-06
7.596315892554318383e-01	1.140376152438957476e-06
7.597661247783442651e-01	1.094084309161819055e-06
7.598988392470411579e-01	1.048855570803343842e-06
7.600297560458602053e-01	1.004637882281532227e-06
7.601588982897012903e-01	9.613782783332756980e-07
7.602862888298499433e-01	9.190227261837712842e-07
7.604119502356042615e-01	8.775159323999885974e-07
7.605359048167411595e-01	8.368006378407792601e-07
7.606581746055238735e-01	7.968167381625018779e-07
7.607787813987716419e-01	7.575005027420119474e-07
7.608977467121819105e-01	7.187838977905278389e-07
7.610150918116259655e-01	6.805929879282000557e-07
7.611308377025837180e-01	6.428457456850901336e-07
7.612450051516038707e-01	6.054497698416279979e-07
7.613576146633895814e-01	5.682988492725433133e-07
7.614686865042636921e-01	5.312676265623274749e-07
7.615782407030888823e-01	4.942045256343023908e-07
7.616862970216815576e-01	4.564152727603571329e-07
7.617928750164401075e-01	4.186789817859004060e-07
7.618979939872321250e-01	3.801431237645235878e-07
7.620016730009069317e-01	3.403297749444772635e-07
7.621039308990588124e-01	2.985106906886641558e-07
7.622047862975086518e-01	2.534915635386831303e-07
7.623042575711254099e-01	2.029150186924028740e-07
7.624023628861610336e-01	1.405985522403081341e-07
7.624991201811595065e-01	0.000000000000000000e+00
