# Data associated with arXiv:2110.09653
# 
# Scale-free J-factor angular distribution, J_S(theta), of a nfw0-7 dark matter distribution (see Eq. 8 and the surrounding discussion)
# 
# Published: 3/29/22, Jack Runburg, contact: runburg@hawaii.edu
# 
# 
# -----------------------------------------------------------------
# 
# 	 tilde theta 		 | 	 tilde J s-wave 		 | 	 tilde J p-wave 		 | 	 tilde J d-wave 		 | 	 tilde J sommerfeld 
# 
# -----------------------------------------------------------------
1.000000000000000021e-03	4.306305203296788164e+01	2.396302753866150770e+00	8.975636982200514424e-01	9.206054100079948057e+02
1.021192151037671062e-03	4.264882718578166276e+01	2.392310960375219064e+00	8.967246132660879887e-01	9.007677433721262332e+02
1.042833409340945643e-03	4.223818085084617735e+01	2.388294835347626321e+00	8.958801095148249960e-01	8.813672484340431765e+02
1.064933292458827233e-03	4.183089024176982207e+01	2.384253142736400655e+00	8.950299191476893679e-01	8.623809143337913383e+02
1.087501519637659123e-03	4.142697066702670128e+01	2.380185971878432394e+00	8.941740484774455267e-01	8.438025395298303692e+02
1.110548016095517111e-03	4.102648373929780945e+01	2.376093682666041929e+00	8.933125619825267316e-01	8.256292777134319749e+02
1.134082917387199208e-03	4.062945266569079195e+01	2.371976435082470136e+00	8.924454811624521477e-01	8.078563375421696264e+02
1.158116573861711456e-03	4.023566810447305642e+01	2.367833001875691679e+00	8.915725379601182610e-01	7.904616670732156081e+02
1.182659555214217667e-03	3.984514518253532600e+01	2.363663475415614279e+00	8.906937382956005012e-01	7.734424049889272510e+02
1.207722655134462354e-03	3.945794623541790713e+01	2.359468242403091498e+00	8.898091509647376718e-01	7.567930525830936404e+02
1.233316896053688856e-03	3.907408481269214207e+01	2.355247409310600837e+00	8.889187854398242772e-01	7.405100668986102619e+02
1.259453533992170365e-03	3.869336432420598726e+01	2.350999761505175645e+00	8.880223735035054355e-01	7.245741854845032321e+02
1.286144063509461061e-03	3.831579971692928410e+01	2.346725392013607525e+00	8.871199205713162783e-01	7.089814723130764378e+02
1.313400222759557485e-03	3.794145385950581328e+01	2.342424707694317210e+00	8.862114995476875201e-01	6.937279369208433764e+02
1.341233998653187541e-03	3.757033137586699922e+01	2.338097783049765788e+00	8.852971079857954173e-01	6.788097303662489139e+02
1.369657632129505243e-03	3.720224776663835087e+01	2.333743394882595190e+00	8.843764769101613021e-01	6.642093674987478380e+02
1.398683623539492566e-03	3.683721780111569899e+01	2.329361632341845567e+00	8.834496108527338798e-01	6.499224131706258731e+02
1.428324738143458596e-03	3.647530470456977980e+01	2.324952947353956301e+00	8.825165875283346173e-01	6.359482416719486082e+02
1.458594011725036863e-03	3.611650486768598256e+01	2.320517346680964543e+00	8.815773909740592940e-01	6.222792962668382870e+02
1.489504756324154782e-03	3.576064525034547614e+01	2.316053619966209620e+00	8.806317520031453627e-01	6.089023473136068105e+02
1.521070566091505720e-03	3.540774044777979412e+01	2.311561863734173272e+00	8.796796745739713375e-01	5.958120855172834354e+02
1.553305323267072666e-03	3.505785387699100397e+01	2.307042563549824621e+00	8.787212407582201124e-01	5.830082992985024930e+02
1.586223204285366938e-03	3.471097434963286332e+01	2.302495663973798123e+00	8.777564207431665100e-01	5.704836399973652306e+02
1.619838686010041055e-03	3.436693968414530076e+01	2.297919964881533605e+00	8.767849450319693538e-01	5.582268803994479640e+02
1.654166552100628336e-03	3.402576430420895548e+01	2.293315571506221673e+00	8.758068168914712182e-01	5.462324883085767624e+02
1.689221899514206692e-03	3.368751166621486703e+01	2.288682990403527295e+00	8.748221223593282136e-01	5.345000891781206747e+02
1.725020145144853453e-03	3.335216361983262345e+01	2.284022132481289269e+00	8.738308183059497747e-01	5.230244505932121228e+02
1.761577032603788440e-03	3.301956827029214026e+01	2.279331782520842786e+00	8.728326339016349023e-01	5.117930349340025487e+02
1.798908639143220224e-03	3.268973987203683862e+01	2.274612049665294844e+00	8.718275713021852447e-01	5.008024710875432675e+02
1.837031382726912916e-03	3.236274177962040710e+01	2.269863494514379187e+00	8.708157215794951611e-01	4.900517101926192822e+02
1.875962029250603357e-03	3.203854946348639032e+01	2.265085936381548759e+00	8.697970254331185425e-01	4.795358135524678005e+02
1.915717699915417882e-03	3.171702077016688293e+01	2.260278179969460677e+00	8.687712119061327121e-01	4.692432931659868700e+02
1.956315878757565116e-03	3.139816978812682180e+01	2.255440362299138357e+00	8.677382829574511458e-01	4.591724702370785849e+02
1.997774420337589726e-03	3.108205963870425137e+01	2.250573071273608505e+00	8.666983335960157797e-01	4.493206239446785730e+02
2.040111557592579582e-03	3.076865996375082091e+01	2.245676045507838392e+00	8.656512880001663301e-01	4.396838400882991209e+02
2.083345909854779961e-03	3.045783783122618615e+01	2.240748127009778656e+00	8.645968758047707370e-01	4.302518417581288190e+02
2.127496491040134757e-03	3.014960716632596416e+01	2.235789458763765225e+00	8.635350977365722214e-01	4.210224136815737666e+02
2.172582718010372237e-03	2.984403073653182048e+01	2.230800629016806536e+00	8.624660513387236715e-01	4.119939122116601879e+02
2.218624419112281976e-03	2.954107287351049393e+01	2.225781339508370316e+00	8.613896456559078096e-01	4.031622127427749547e+02
2.265641842897974604e-03	2.924060937220932033e+01	2.220730432383814623e+00	8.603056091703499275e-01	3.945182356105241297e+02
2.313655667029933423e-03	2.894265399777889414e+01	2.215648048079974952e+00	8.592139406239929222e-01	3.860593048197865755e+02
2.362687007374795686e-03	2.864726905248027933e+01	2.210534823647554159e+00	8.581147420794484892e-01	3.777855436986902191e+02
2.412757427289825233e-03	2.835441404591765746e+01	2.205390393581895925e+00	8.570079055376657040e-01	3.696908369774688481e+02
2.463888947106213784e-03	2.806397302947172179e+01	2.200213624928103240e+00	8.558931591936039807e-01	3.617685518577213202e+02
2.516104053813336943e-03	2.777595961079649811e+01	2.195004655962570439e+00	8.547704996020332180e-01	3.540156152414193684e+02
2.569425710948245768e-03	2.749043552473054319e+01	2.189764152453688162e+00	8.536400321489535648e-01	3.464322277396531149e+02
2.623877368694733318e-03	2.720735592000201919e+01	2.184491690430930166e+00	8.525016312419405606e-01	3.390128383029503993e+02
2.679482974196439188e-03	2.692661265472121457e+01	2.179186130230988727e+00	8.513550232984030686e-01	3.317516295877405241e+02
2.736266982088478034e-03	2.664821918333288053e+01	2.173847629120984948e+00	8.502002036577988031e-01	3.246453313399680951e+02
2.794254365252289707e-03	2.637223657889736828e+01	2.168476899168657823e+00	8.490372817049683940e-01	3.176941394337122233e+02
2.853470625798387814e-03	2.609861606216893648e+01	2.163073457015372014e+00	8.478661139804468672e-01	3.108935948537344984e+02
2.913941806281861776e-03	2.582725687235122081e+01	2.157636168708643609e+00	8.466864251750251258e-01	3.042374084455696561e+02
2.975694501155571117e-03	2.555817231295050718e+01	2.152165201420112695e+00	8.454982082370388063e-01	2.977234734745945275e+02
3.038755868466027146e-03	2.529142270896737799e+01	2.146661328932378598e+00	8.443015771964187399e-01	2.913516173690792925e+02
3.103153641797168783e-03	2.502695576237442054e+01	2.141123925581635667e+00	8.430963648754952189e-01	2.851176455547994806e+02
3.168916142467233243e-03	2.476467768629812838e+01	2.135551903782408445e+00	8.418822966265238072e-01	2.790155225206820546e+02
3.236072291984112663e-03	2.450460163670816982e+01	2.129945479376133211e+00	8.406593654511762548e-01	2.730444353164974700e+02
3.304651624764658874e-03	2.424678711275095466e+01	2.124305389776558251e+00	8.394276841903023367e-01	2.672028585372672751e+02
3.374684301123556836e-03	2.399117868045337332e+01	2.118631014828504355e+00	8.381870700554275855e-01	2.614877357365205057e+02
3.446201120537424525e-03	2.373768914094971905e+01	2.112921292740001178e+00	8.369372475643284126e-01	2.558936071014206277e+02
3.519233535190044709e-03	2.348633150627053112e+01	2.107176364672846525e+00	8.356782014243842038e-01	2.504191349381904672e+02
3.593813663804625805e-03	2.323716437705259708e+01	2.101397066639632438e+00	8.344100507094883712e-01	2.450635821311192899e+02
3.669974305769219299e-03	2.299012954527061581e+01	2.095582699015916095e+00	8.331325912326921213e-01	2.398237088593355111e+02
3.747748955561452412e-03	2.274514603213003738e+01	2.089732176748771320e+00	8.318455432392788396e-01	2.346946572902427306e+02
3.827171817478984984e-03	2.250222670921568380e+01	2.083845708344932657e+00	8.305488921193769913e-01	2.296750245656410243e+02
3.908277820682117681e-03	2.226142921371702954e+01	2.077924183617766207e+00	8.292427606447890787e-01	2.247649434664236594e+02
3.991102634555192957e-03	2.202269290270774960e+01	2.071966760589524892e+00	8.279269178617785219e-01	2.199602675197249937e+02
4.075682684393532908e-03	2.178594266773874111e+01	2.065972399970312345e+00	8.266010839174150471e-01	2.152572935660175517e+02
4.162055167422817371e-03	2.155119124337076997e+01	2.059941352538146475e+00	8.252652426585508350e-01	2.106544592724935114e+02
4.250258069157961290e-03	2.131849524465031465e+01	2.053874492314080591e+00	8.239195154935824439e-01	2.061520832699569326e+02
4.340330180108637088e-03	2.108779191234626538e+01	2.047770958219709669e+00	8.225636525189234938e-01	2.017460424583503595e+02
4.432311112838861061e-03	2.085901167566481007e+01	2.041629745278488617e+00	8.211973725516420464e-01	1.974335102740459718e+02
4.526241319388085715e-03	2.063216713619693721e+01	2.035451042327826698e+00	8.198206499315124907e-01	1.932125217279254628e+02
4.622162109061505458e-03	2.040731383352368766e+01	2.029235804945753063e+00	8.184336101156983734e-01	1.890835101745620648e+02
4.720115666597336779e-03	2.018438719111401269e+01	2.022983082386537124e+00	8.170359786813715663e-01	1.850428610875284221e+02
4.820145070719144588e-03	1.996332286013488044e+01	2.016691888230286001e+00	8.156274719991647437e-01	1.810876765744852150e+02
4.922294313081310678e-03	1.974413331232403479e+01	2.010362485650718956e+00	8.142080647556365625e-01	1.772165596226983837e+02
5.026608317615998724e-03	1.952687296499116343e+01	2.003995819987021143e+00	8.127778800722578190e-01	1.734295638673040116e+02
5.133132960290130720e-03	1.931147570455605234e+01	1.997590869234551203e+00	8.113366195328911568e-01	1.697236779074001731e+02
5.241915089281041530e-03	1.909788210301723055e+01	1.991146686518526554e+00	8.098839979995025029e-01	1.660958233274873805e+02
5.353002545579732367e-03	1.888610450701938248e+01	1.984663508080453331e+00	8.084199818436630380e-01	1.625452600991137615e+02
5.466444184030696055e-03	1.867619616892646306e+01	1.978142376989211026e+00	8.069446995236247977e-01	1.590716478566274645e+02
5.582289894817666839e-03	1.846808970079242584e+01	1.971582154940905607e+00	8.054578234905136469e-01	1.556723224918864332e+02
5.700590625404708227e-03	1.826173031069593833e+01	1.964981913058617691e+00	8.039590648781067550e-01	1.523444169367545271e+02
5.821398402942216249e-03	1.805713022353512898e+01	1.958341981849388347e+00	8.024483917246297837e-01	1.490875123080442108e+02
5.944766357147824969e-03	1.785434148891578587e+01	1.951663386583560644e+00	8.009259282714403794e-01	1.459009319014847108e+02
6.070748743672167193e-03	1.765329569149905353e+01	1.944944904686161991e+00	7.993913174871394300e-01	1.427824659691014517e+02
6.199400967959818945e-03	1.745394240385309814e+01	1.938185669149246948e+00	7.978442681073169007e-01	1.397295607780462774e+02
6.330779609615908021e-03	1.725629373332138883e+01	1.931385931455934291e+00	7.962847344194420307e-01	1.367414741091664041e+02
6.464942447289089879e-03	1.706040049406236037e+01	1.924546868598989713e+00	7.947128509869353374e-01	1.338180431689255272e+02
6.601948484081890736e-03	1.686619347358863052e+01	1.917667177168404402e+00	7.931282336503473473e-01	1.309568805876029103e+02
6.741857973499477616e-03	1.667362635129480708e+01	1.910745950239746804e+00	7.915305827095350244e-01	1.281558090312716729e+02
6.884732445948405985e-03	1.648271112115873294e+01	1.903783548730112907e+00	7.899198550656340023e-01	1.254140542265254368e+02
7.030634735796891313e-03	1.629349733341714668e+01	1.896781120408578047e+00	7.882961770782138666e-01	1.227318158600012623e+02
7.179629009008595825e-03	1.610591519385328496e+01	1.889737294498210929e+00	7.866591379244700644e-01	1.201063505661159638e+02
7.331780791361950343e-03	1.591992224437406911e+01	1.882651246067694739e+00	7.850084390062860296e-01	1.175360414691117654e+02
7.487156997267587974e-03	1.573553036962156604e+01	1.875523334231750328e+00	7.833440277792406148e-01	1.150200665027555544e+02
7.645825959196438613e-03	1.555278783125871023e+01	1.868354765020956876e+00	7.816660302830257256e-01	1.125587082642399963e+02
7.807857457731475631e-03	1.537162445492164409e+01	1.861144008747410927e+00	7.799739965091533334e-01	1.101492280509989143e+02
7.973322752256328111e-03	1.519200141270184190e+01	1.853890379037872460e+00	7.782676359714729708e-01	1.077904601350697078e+02
8.142294612294233985e-03	1.501393048478788117e+01	1.846594230266973558e+00	7.765468888088159494e-01	1.054814203488476920e+02
8.314847349511189298e-03	1.483745862242539459e+01	1.839256780008948544e+00	7.748118771109063774e-01	1.032223484988367801e+02
8.491056850397209546e-03	1.466251545992137650e+01	1.831876505627317853e+00	7.730621280086590330e-01	1.010109300780486734e+02
8.671000609640279119e-03	1.448906557949673513e+01	1.824452660971318529e+00	7.712973324642569128e-01	9.884592449527127656e+01
8.854757764207504128e-03	1.431712066029239772e+01	1.816985672087733095e+00	7.695174275342984149e-01	9.672652638363886979e+01
9.042409128148579806e-03	1.414672632667312158e+01	1.809476769236634253e+00	7.677225281796854484e-01	9.465285190777849778e+01
9.234037228136720080e-03	1.397781219698343946e+01	1.801924414473624614e+00	7.659121401074489022e-01	9.262299694568666553e+01
9.429726339762870002e-03	1.381034605369303669e+01	1.794327862826643250e+00	7.640859474952825803e-01	9.063553143694458925e+01
9.629562524599030379e-03	1.364433948087063087e+01	1.786687536646999197e+00	7.622438781588560808e-01	8.868994850129692509e+01
9.833633668047030499e-03	1.347983676066199443e+01	1.779004862997457526e+00	7.603860608748344019e-01	8.678629106588704190e+01
1.004202951798940403e-02	1.331676765906470727e+01	1.771278059817169126e+00	7.585119477752091388e-01	8.492274174864549252e+01
1.025484172425938229e-02	1.315510296156459802e+01	1.763506502648714669e+00	7.566212272513321846e-01	8.309798657579045766e+01
1.047216387894729824e-02	1.299485416055602016e+01	1.755690668886821904e+00	7.547138212037096672e-01	8.131181433344708864e+01
1.069409155756119272e-02	1.283606418546072625e+01	1.747831994259173127e+00	7.527898551172366171e-01	7.956394387036033322e+01
1.092072236105970547e-02	1.267866310259293350e+01	1.739928620313578422e+00	7.508487468139873888e-01	7.785283398042443537e+01
1.115215595877575537e-02	1.252262451148861366e+01	1.731980021144832183e+00	7.488901859719881982e-01	7.617732218827813995e+01
1.138849413224978825e-02	1.236795981823982160e+01	1.723986668367562425e+00	7.469140837600816152e-01	7.453718861270975538e+01
1.162984081999205582e-02	1.221471059026149319e+01	1.715950050086147538e+00	7.449205620564985919e-01	7.293213528507564547e+01
1.187630216319339981e-02	1.206280733662540250e+01	1.707868280292331953e+00	7.429090098137012266e-01	7.136079369418034446e+01
1.212798655240480798e-02	1.191222629270410138e+01	1.699740849880499782e+00	7.408791104792131765e-01	6.982214591961607653e+01
1.238500467520621366e-02	1.176297878302448829e+01	1.691568273903589770e+00	7.388307702528491561e-01	6.831584030360460247e+01
1.264746956488544717e-02	1.161510500688190461e+01	1.683352121965181469e+00	7.367641077807323136e-01	6.684178366640493607e+01
1.291549665014883955e-02	1.146853604781502689e+01	1.675090377697947552e+00	7.346784687973303418e-01	6.539860875653302230e+01
1.318920380588532899e-02	1.132325060799506211e+01	1.666782649495768931e+00	7.325735440877959581e-01	6.398542610360019012e+01
1.346871140500627631e-02	1.117925993524633732e+01	1.658429420919429242e+00	7.304492208245014773e-01	6.260181165167765016e+01
1.375414237138396570e-02	1.103660285634595972e+01	1.650032427723650663e+00	7.283056402351749670e-01	6.124791278425487207e+01
1.404562223391196511e-02	1.089521115277470820e+01	1.641589540058318475e+00	7.261421033524383395e-01	5.992224549847168191e+01
1.434327918171109106e-02	1.075506583290156826e+01	1.633100252394163343e+00	7.239582535917821193e-01	5.862407470786720864e+01
1.464724412050539583e-02	1.061617807201598573e+01	1.624565231760617623e+00	7.217539892829363257e-01	5.735303482602271430e+01
1.495765073019278586e-02	1.047858532366404560e+01	1.615986146975759041e+00	7.195294281346115151e-01	5.610931292077670207e+01
1.527463552363575450e-02	1.034222017999169374e+01	1.607360831152970793e+00	7.172838433996310270e-01	5.489139035553485968e+01
1.559833790669801906e-02	1.020706580407787456e+01	1.598688941835559429e+00	7.150168978318791613e-01	5.369871597635991378e+01
1.592890023955338338e-02	1.007313330340818958e+01	1.589971254525755828e+00	7.127284956643510361e-01	5.253097471090476489e+01
1.626646789929399317e-02	9.940458757592402605e+00	1.581209439237233338e+00	7.104187435068953782e-01	5.138825836959428983e+01
1.661118934386526108e-02	9.808975675865694299e+00	1.572401296419628558e+00	7.080868872686041371e-01	5.026917449454138165e+01
1.696321617735579643e-02	9.678669231242404081e+00	1.563546585196543992e+00	7.057326000897483631e-01	4.917333681743914298e+01
1.732270321667098503e-02	9.549550468658305036e+00	1.554646117304710362e+00	7.033557788021316259e-01	4.810033801770349271e+01
1.768980855961942850e-02	9.421654093820874820e+00	1.545701586867276989e+00	7.009565166494030608e-01	4.705026369332555447e+01
1.806469365444235767e-02	9.294914632044035230e+00	1.536710794219757092e+00	6.985340391272031324e-01	4.602189719727936534e+01
1.844752337081655841e-02	9.169319129154922976e+00	1.527673527643770734e+00	6.960880035720289349e-01	4.501487012888621564e+01
1.883846607236187159e-02	9.044878570897155967e+00	1.518590677326456584e+00	6.936183067024117577e-01	4.402879606353682362e+01
1.923769369068539445e-02	8.921626295212432112e+00	1.509464044728517917e+00	6.911250538169391167e-01	4.306374235296053143e+01
1.964538180099485026e-02	8.799497930666928980e+00	1.500291368975528838e+00	6.886074355411154757e-01	4.211864780061983282e+01
2.006170969931423895e-02	8.678482266623767316e+00	1.491072547243933011e+00	6.860651263608448236e-01	4.119310805581415735e+01
2.048686048133601528e-02	8.558590234705931721e+00	1.481808518022638577e+00	6.834980269097399308e-01	4.028680241884234192e+01
2.092102112294418406e-02	8.439853807620716353e+00	1.472501205779386035e+00	6.809062507762675409e-01	3.939980269597325702e+01
2.136438256244391209e-02	8.322209801775414917e+00	1.463148270964854669e+00	6.782889418426283346e-01	3.853114429562313603e+01
2.181713978453380873e-02	8.205648626611935725e+00	1.453749633485264869e+00	6.756457643186186690e-01	3.768040112036593570e+01
2.227949190605761978e-02	8.090181163169733125e+00	1.444306412581662036e+00	6.729766461126858168e-01	3.684733763571877319e+01
2.275164226357336353e-02	7.975838024011864036e+00	1.434820560582082738e+00	6.702816960047682793e-01	3.603199893018769728e+01
2.323379850277806913e-02	7.862557289890207635e+00	1.425289685087272717e+00	6.675600214834929158e-01	3.523350935272835471e+01
2.372617266982774559e-02	7.750330872852558173e+00	1.415713831497684705e+00	6.648112950346122263e-01	3.445144597112246032e+01
2.422898130459259780e-02	7.639169607335624335e+00	1.406094142535520231e+00	6.620354398053192035e-01	3.368563726168491002e+01
2.474244553588843265e-02	7.529102751185811293e+00	1.396432789354422166e+00	6.592326062562191558e-01	3.293612266665331134e+01
2.526679117872631872e-02	7.420069719786664741e+00	1.386727211133724769e+00	6.564018618515878867e-01	3.220206379944485775e+01
2.580224883362318075e-02	7.312063816231027857e+00	1.376977377714092343e+00	6.535428170275850990e-01	3.148307524881577990e+01
2.634905398801689475e-02	7.205095831009628249e+00	1.367184470479971603e+00	6.506553692658550991e-01	3.077904748343238950e+01
2.690744711983068457e-02	7.099193673632012924e+00	1.357350680855355041e+00	6.477396709156633126e-01	3.008998047210915416e+01
2.747767380323228384e-02	6.994298158296881063e+00	1.347473500680830716e+00	6.447947979340832303e-01	2.941508723100854894e+01
2.805998481663422514e-02	6.890403872587455680e+00	1.337553221348375398e+00	6.418204464859778025e-01	2.875405083037057352e+01
2.865463625298309350e-02	6.787521565792999922e+00	1.327591156657920157e+00	6.388165459917743982e-01	2.810677707303503681e+01
2.926188963238583740e-02	6.685677804810758573e+00	1.317589696714081660e+00	6.357832880735040382e-01	2.747324415418352572e+01
2.988201201712300387e-02	6.584814861226788274e+00	1.307546160407560221e+00	6.327196732227571285e-01	2.685272909577717826e+01
3.051527612909937445e-02	6.484928505639053320e+00	1.297461035025928799e+00	6.296254306209642104e-01	2.624496188543954034e+01
3.116196046978347151e-02	6.386029447620221511e+00	1.287335753509034397e+00	6.265005208532287151e-01	2.564984715147692995e+01
3.182234944268905880e-02	6.288142917492052675e+00	1.277172806960898299e+00	6.233451761730476326e-01	2.506736278883620983e+01
3.249673347845206950e-02	6.191212697404740339e+00	1.266969542305767416e+00	6.201583961943345491e-01	2.449684851231045712e+01
3.318540916255835471e-02	6.095235643204972575e+00	1.256726618103496396e+00	6.169399878316379482e-01	2.393805613331702986e+01
3.388867936577820428e-02	6.000222425701929652e+00	1.246445743864762257e+00	6.136899898101972894e-01	2.339091220895244305e+01
3.460685337736497946e-02	5.906196944129399107e+00	1.236129331822041877e+00	6.104086074165849807e-01	2.285537298271807316e+01
3.534024704107661952e-02	5.813104538766912022e+00	1.225774827095536645e+00	6.070948550333552518e-01	2.233084840681279104e+01
3.608918289407971741e-02	5.720943057392932296e+00	1.215382733332332155e+00	6.037484405169932788e-01	2.181711601242109211e+01
3.685399030879719234e-02	5.629723131527585522e+00	1.204954451502229462e+00	6.003692759967779180e-01	2.131407507623452346e+01
3.763500563776207147e-02	5.539467333570089913e+00	1.194492638686204256e+00	5.969576263490511403e-01	2.082172668374272817e+01
3.843257236154112161e-02	5.450122605441348078e+00	1.183994563558340873e+00	5.935124521003920517e-01	2.033949264067598861e+01
3.924704123979310538e-02	5.361687695839719936e+00	1.173461193893212018e+00	5.900336091191744625e-01	1.986719925247515306e+01
4.007877046552850431e-02	5.274173195998109520e+00	1.162894347565997410e+00	5.865211675260031399e-01	1.940474621071018646e+01
4.092812582263813392e-02	5.187600354432581717e+00	1.152296808196787481e+00	5.829754520541017282e-01	1.895212667094595105e+01
4.179548084676026898e-02	5.101917752481790025e+00	1.141666034393228113e+00	5.793955051792204491e-01	1.850882971492968210e+01
4.268121698955689575e-02	5.017124952794215886e+00	1.131003104769664036e+00	5.757812276647417127e-01	1.807469041986158942e+01
4.358572378647117967e-02	4.933232502643098094e+00	1.120309998720969702e+00	5.721327473645498873e-01	1.764961182679650875e+01
4.450939902804028347e-02	4.850260328340354476e+00	1.109589701570465881e+00	5.684505084890119075e-01	1.723359392279071045e+01
4.545264893483848267e-02	4.768158684514681944e+00	1.098839687170987123e+00	5.647335332504830330e-01	1.682615630644986027e+01
4.641588833612779463e-02	4.686927862241612175e+00	1.088060848998754437e+00	5.609816291438495250e-01	1.642716800391112031e+01
4.739954085229469011e-02	4.606578360147111972e+00	1.077254870016144617e+00	5.571947738895156599e-01	1.603651952918603385e+01
4.840403908115278181e-02	4.527128781404871738e+00	1.066424689774252199e+00	5.533733921837843406e-01	1.565421807665346066e+01
4.942982478819387543e-02	4.448531083472870407e+00	1.055567651715567656e+00	5.495164655700759404e-01	1.527979323913268850e+01
5.047734910087089966e-02	4.370786202004364185e+00	1.044685354777609154e+00	5.456240891242242208e-01	1.491317115065887577e+01
5.154707270699779992e-02	4.293904580690979245e+00	1.033780272040217829e+00	5.416966369207708576e-01	1.455424210597165491e+01
5.263946605735428386e-02	4.217903495828484672e+00	1.022855436554664488e+00	5.377346381686815002e-01	1.420301315123901453e+01
5.375500957258409762e-02	4.142736633110534861e+00	1.011908410976388284e+00	5.337372054259282850e-01	1.385904770357893767e+01
5.489419385447772554e-02	4.068405490376473921e+00	1.000941042256987323e+00	5.297045812791054686e-01	1.352226877979166275e+01
5.605751990173300781e-02	3.994920447497055882e+00	9.899558558486389881e-01	5.256371456381117024e-01	1.319260223607578375e+01
5.724549933028778848e-02	3.922297447415013849e+00	9.789552200204041377e-01	5.215350605537373285e-01	1.287003969046187812e+01
5.845865459832211286e-02	3.850491925339353028e+00	9.679363105731126904e-01	5.173972521720869855e-01	1.255417816075744142e+01
5.969751923602879817e-02	3.779505859608108587e+00	9.569011556447664102e-01	5.132240733219568529e-01	1.224492617008144357e+01
6.096263808025296355e-02	3.709349555639348761e+00	9.458525656564708006e-01	5.090160963446477282e-01	1.194223862003954117e+01
6.225456751410456124e-02	3.640037611721469002e+00	9.347938101990930226e-01	5.047739657408754077e-01	1.164609139660121606e+01
6.357387571164835327e-02	3.571527231359456600e+00	9.237226187721122583e-01	5.004968878740909677e-01	1.135615375239090241e+01
6.492114288777969811e-02	3.503820791371579091e+00	9.126412070472001981e-01	4.961853258405565792e-01	1.107232606645885120e+01
6.629696155339574737e-02	3.436928509786342012e+00	9.015524118240296758e-01	4.918398746751229678e-01	1.079457833424752877e+01
6.770193677597398374e-02	3.370863624192127705e+00	8.904587022289373044e-01	4.874608399483263410e-01	1.052284951504241128e+01
6.913668644567325106e-02	3.305585122520560581e+00	8.793574517150387626e-01	4.830472831635537201e-01	1.025684212981335541e+01
7.060184154707406512e-02	3.241095697566509948e+00	8.682512395247051762e-01	4.785999355106385078e-01	9.996469865335768645e+00
7.209804643667737378e-02	3.177405464910222133e+00	8.571434018408266020e-01	4.741196712704129346e-01	9.741723470065558388e+00
7.362595912628441819e-02	3.114526279279053789e+00	8.460373300338809299e-01	4.696073141437618892e-01	9.492549701800918172e+00
7.518625157238204015e-02	3.052418927659101389e+00	8.349310133429196368e-01	4.650623355558612393e-01	9.248667892086020359e+00
7.677960997166025092e-02	2.991086334884972331e+00	8.238267949510046373e-01	4.604853479266180494e-01	9.010010652584270474e+00
7.840673506279315086e-02	2.930538497891711724e+00	8.127270454399049271e-01	4.558767253746066062e-01	8.776526788544023461e+00
8.006834243461452560e-02	2.870785857251495266e+00	8.016350648658806533e-01	4.512373391319016713e-01	8.548194973813810549e+00
8.176516284082480102e-02	2.811791015019006856e+00	7.905488346207882877e-01	4.465666070594117576e-01	8.324746286328929656e+00
8.349794252136732986e-02	2.753557041625936286e+00	7.794712425287746438e-01	4.418654689204105646e-01	8.106140859869260140e+00
8.526744353061486981e-02	2.696093798722886348e+00	7.684062131992610567e-01	4.371353270387519085e-01	7.892328836950223803e+00
8.707444407251174745e-02	2.639410269345772608e+00	7.573572429816947116e-01	4.323773711293191768e-01	7.683294710331564303e+00
8.891973884281766105e-02	2.583470891219655563e+00	7.463209815719671347e-01	4.275902356134120841e-01	7.478774252427973224e+00
9.080413937860487561e-02	2.528278790373277740e+00	7.353001976713965382e-01	4.227748252588994782e-01	7.278713087801328641e+00
9.272847441516200717e-02	2.473843678962592385e+00	7.242990277620754425e-01	4.179327330664925899e-01	7.083100126740821345e+00
9.469359025046093781e-02	2.420173018013074273e+00	7.133214370399237891e-01	4.130655232320066261e-01	6.891892174119246484e+00
9.670035111734798239e-02	2.367233115406794042e+00	7.023654297951341663e-01	4.081726718865233972e-01	6.704878337610153949e+00
9.874963956362264872e-02	2.315027055965048763e+00	6.914329999797121928e-01	4.032547038500247094e-01	6.521998394520097442e+00
1.008423568401705106e-01	2.263564409913598752e+00	6.805277231339279531e-01	3.983129135895758788e-01	6.343230200928932305e+00
1.029794232973221257e-01	2.212850973880311933e+00	6.696535442222329992e-01	3.933489846891763397e-01	6.168536890661691530e+00
1.051617787896111378e-01	2.162855031741587997e+00	6.588088980678264983e-01	3.883627248525925446e-01	5.997726253414896291e+00
1.073903830891107247e-01	2.113579504367970596e+00	6.479971795591943362e-01	3.833557148950783033e-01	5.830760469266805579e+00
1.096662163075285135e-01	2.065033812631903221e+00	6.372215351737123834e-01	3.783290811018188426e-01	5.667600386873783869e+00
1.119902793272475605e-01	2.017221980057049446e+00	6.264848660320142537e-01	3.732839408185956165e-01	5.508212982377515665e+00
1.143635942415015677e-01	1.970114332812775260e+00	6.157859610108953330e-01	3.682203492905341546e-01	5.352419206446044520e+00
1.167872048038782751e-01	1.923713516732695306e+00	6.051284641291934108e-01	3.631401111899819067e-01	5.200176532287695608e+00
1.192621768873494831e-01	1.878028723327810567e+00	5.945163076842864269e-01	3.580449469034290844e-01	5.051476907485658252e+00
1.217895989530276418e-01	1.833062302273228639e+00	5.839516804430698871e-01	3.529357289351855442e-01	4.906258495046849966e+00
1.243705825288575900e-01	1.788786475747179194e+00	5.734337789406943608e-01	3.478129906143925809e-01	4.764371207558644628e+00
1.270062626984522769e-01	1.745203573373570682e+00	5.629662074413389616e-01	3.426785652931005899e-01	4.625780681459509047e+00
1.296977986002878502e-01	1.702322477283851887e+00	5.525531222117280317e-01	3.375343290806482877e-01	4.490469464200041116e+00
1.324463739374786009e-01	1.660143955743482058e+00	5.421964365496868554e-01	3.323811564876979485e-01	4.358386485794978782e+00
1.352531974983535168e-01	1.618641984297715553e+00	5.318952686910255467e-01	3.272195087768787758e-01	4.229390606696022736e+00
1.381195036880665805e-01	1.577818534041466769e+00	5.216537242768417570e-01	3.220518497389193158e-01	4.103449218843190138e+00
1.410465530714722360e-01	1.537682098174814938e+00	5.114758740271216908e-01	3.168802378042788193e-01	3.980552583226347529e+00
1.440356329275057634e-01	1.498231950799522094e+00	5.013634244204400181e-01	3.117054217760453216e-01	3.860641205690820588e+00
1.470880578153118678e-01	1.459443682346867721e+00	4.913157954342448619e-01	3.065281346221075953e-01	3.743592269838562636e+00
1.502051701523716420e-01	1.421318862709022302e+00	4.813368100340545408e-01	3.013507755901231877e-01	3.629377527518967028e+00
1.533883408048797858e-01	1.383865518611220757e+00	4.714299714581145495e-01	2.961751430947293651e-01	3.517972821841467645e+00
1.566389696906345663e-01	1.347081513053435264e+00	4.615981743374170665e-01	2.910032220340419418e-01	3.409339010586226237e+00
1.599584863947036695e-01	1.310943917917124057e+00	4.518406328799988159e-01	2.858355188820619341e-01	3.303361111019513352e+00
1.633483507981373095e-01	1.275453860333281009e+00	4.421600081058095211e-01	2.806736860855186255e-01	3.200000453415898782e+00
1.668100537200059019e-01	1.240618825782755730e+00	4.325603965875265966e-01	2.755201208056722861e-01	3.099248982997413471e+00
1.703451175730422984e-01	1.206435347103209210e+00	4.230453654714506628e-01	2.703776264410307495e-01	3.001061674123536083e+00
1.739550970331800450e-01	1.172881850214203991e+00	4.136130442931307827e-01	2.652458992648865088e-01	2.905331324875159105e+00
1.776415797232799298e-01	1.139958980302612668e+00	4.042658581701177312e-01	2.601265621555560181e-01	2.812025494941878812e+00
1.814061869113461622e-01	1.107673611198799257e+00	3.950091711505810954e-01	2.550231927149448907e-01	2.721133640648942809e+00
1.852505742235391883e-01	1.076021026298875860e+00	3.858454069446332624e-01	2.499378743428105898e-01	2.632618619920284786e+00
1.891764323722997243e-01	1.044980885063693687e+00	3.767720078487936664e-01	2.448698560688066517e-01	2.546371543215303124e+00
1.931854878999012814e-01	1.014553315618617280e+00	3.677928435361481618e-01	2.398221083964012235e-01	2.462367681377561013e+00
1.972795039377621684e-01	9.847445160135527287e-01	3.589125076554142701e-01	2.347977252482414956e-01	2.380603412354034276e+00
2.014602809818480389e-01	9.555486022505860211e-01	3.501319052989552150e-01	2.297977795129184098e-01	2.301022123012204101e+00
2.057296576845067948e-01	9.269463551832534121e-01	3.414505998120858643e-01	2.248233481288749169e-01	2.223544069571303794e+00
2.100895116630852322e-01	8.989373566982751251e-01	3.328707878267614384e-01	2.198761737386185910e-01	2.148136636935911614e+00
2.145417603256798700e-01	8.715270727210632229e-01	3.243969344087567763e-01	2.149594563765277466e-01	2.074795137453106619e+00
2.190883617143895290e-01	8.447085373455610613e-01	3.160309040750846066e-01	2.100752413364263271e-01	2.003473590459945441e+00
2.237313153664367560e-01	8.184635503587309735e-01	3.077704561856315357e-01	2.052231592077695121e-01	1.934088766329763232e+00
2.284726631935388719e-01	7.927911256491363412e-01	2.996189498230791837e-01	2.004061671347322215e-01	1.866619725365418203e+00
2.333144903799153069e-01	7.676959508193883508e-01	2.915802757128546085e-01	1.956270742968865550e-01	1.801053829616417579e+00
2.382589262993237145e-01	7.431700685165411047e-01	2.836548814923909867e-01	1.908869501205953390e-01	1.737343970336473920e+00
2.433081454515323150e-01	7.191962058869265650e-01	2.758421709173423109e-01	1.861869629245909152e-01	1.675422014979803143e+00
2.484643684186368384e-01	6.957727964945784604e-01	2.681437637945831010e-01	1.815286673659277650e-01	1.615260945147794169e+00
2.537298628416438939e-01	6.729037151764174496e-01	2.605639075531683835e-01	1.769153153042831716e-01	1.556853081239823799e+00
2.591069444177515613e-01	6.505801102230078792e-01	2.531030905159314948e-01	1.723483815178652179e-01	1.500154477806493913e+00
2.645979779187619951e-01	6.287855566950605324e-01	2.457595621835865773e-01	1.678279078420069625e-01	1.445095256315554799e+00
2.702053782310787078e-01	6.075179064298704690e-01	2.385355038560588448e-01	1.633561269389230408e-01	1.391655086628357907e+00
2.759316114177428059e-01	5.867802006965447958e-01	2.314344045534836025e-01	1.589359671860395284e-01	1.339822250043495977e+00
2.817791958029755572e-01	5.665627982760917947e-01	2.244564977828468755e-01	1.545686173140052022e-01	1.289558181920173130e+00
2.877507030797054055e-01	5.468500557293576314e-01	2.175997030404577814e-01	1.502540217422766444e-01	1.240797138379974518e+00
2.938487594405665426e-01	5.276392540489771577e-01	2.108662877966411830e-01	1.459945661047787058e-01	1.193520843865336856e+00
3.000760467328633108e-01	5.089325951942454962e-01	2.042587242841198969e-01	1.417923947764186399e-01	1.147714396698438222e+00
3.064353036380134121e-01	4.907197618287564844e-01	1.977772790557249805e-01	1.376490174525828170e-01	1.103341626879047688e+00
3.129293268759847368e-01	4.729858392275850254e-01	1.914194470556040417e-01	1.335638437656712363e-01	1.060342717603521612e+00
3.195609724352570513e-01	4.557275615672755631e-01	1.851872887713581495e-01	1.295393390318946569e-01	1.018699854876872202e+00
3.263331568288500573e-01	4.389463020520478764e-01	1.790829177061663280e-01	1.255774271151503529e-01	9.783989073302655770e-01
3.332488583769670498e-01	4.226311890409766847e-01	1.731059050354039619e-01	1.216790973018783417e-01	9.394032792683809641e-01
3.403111185168231634e-01	4.067679976768757144e-01	1.672537730178854654e-01	1.178437946093289085e-01	9.016586381033750985e-01
3.475230431402304698e-01	3.913529529532018270e-01	1.615280301262797813e-01	1.140736019365859583e-01	8.651481279641562994e-01
3.548878039595292910e-01	3.763866264617922730e-01	1.559305879816522689e-01	1.103703660554713611e-01	8.298583605854037426e-01
3.624086399024666338e-01	3.618577221290210089e-01	1.504603540154583474e-01	1.067346004741371035e-01	7.957518994786590971e-01
3.700888585366366446e-01	3.477526795924595904e-01	1.451149279089158917e-01	1.031657701483354589e-01	7.627814625829816286e-01
3.779318375241043637e-01	3.340672656164536680e-01	1.398949854655889835e-01	9.966525316691751679e-02	7.309287862480208231e-01
3.859410261068597081e-01	3.208012939755987558e-01	1.348024386938850017e-01	9.623505189345211985e-02	7.001818626754141572e-01
3.941199466237500504e-01	3.079431806257817983e-01	1.298354015934932715e-01	9.287498853224453177e-02	6.705028535520453081e-01
4.024721960595590287e-01	2.954800168647357950e-01	1.249915287598031416e-01	8.958453270001183466e-02	6.418515479688235992e-01
4.110014476269163164e-01	2.834071746732541586e-01	1.202710308903969100e-01	8.636469377000208225e-02	6.142065237323394156e-01
4.197114523817274123e-01	2.717237695141524467e-01	1.156754404084014698e-01	8.321724523126595996e-02	5.875597104159056006e-01
4.286060408728412652e-01	2.604180702826090488e-01	1.112024282825264387e-01	8.014157455053207146e-02	5.618725261880173072e-01
4.376891248266767120e-01	2.494778182731865468e-01	1.068494483129149714e-01	7.713692555216770941e-02	5.371089241312410056e-01
4.469646988675492483e-01	2.388980648743065927e-01	1.026163898282834303e-01	7.420398096244590347e-02	5.132494292650853218e-01
4.564368422744575216e-01	2.286773008714910183e-01	9.850420545587358634e-02	7.134412221537293763e-02	4.902833688742369578e-01
4.661097207750954374e-01	2.188037906895675400e-01	9.451036016404827655e-02	6.855650200701557395e-02	4.681772103994389367e-01
4.759875883778879602e-01	2.092659329802127322e-01	9.063208884279626287e-02	6.584006179464474418e-02	4.468953591945710180e-01
4.860747892428489703e-01	2.000585412958368337e-01	8.686900095127494947e-02	6.319527156494324227e-02	4.264219105351755856e-01
4.963757595920870180e-01	1.911795671045407596e-01	8.322156974144652442e-02	6.062305163080890236e-02	4.067442601524110524e-01
5.068950296608012440e-01	1.826174112601830768e-01	7.968696322845343627e-02	5.812226809744434203e-02	3.878311757919840064e-01
5.176372256896176749e-01	1.743611436680316262e-01	7.626241670537270423e-02	5.569175133102898662e-02	3.696521527207390911e-01
5.286070719591531297e-01	1.664054284411877749e-01	7.294696772744845015e-02	5.333140126108706913e-02	3.521884052436639045e-01
5.398093928676924724e-01	1.587477718956737116e-01	6.974110622208286314e-02	5.104224554586592189e-02	3.354320706899502347e-01
5.512491150528981976e-01	1.513768467192978251e-01	6.664140091860677739e-02	4.882244193108381536e-02	3.193508213191604272e-01
5.629312695584811621e-01	1.442824116579774496e-01	6.364517340687854408e-02	4.667081725072343840e-02	3.039175088040335648e-01
5.748609940467923618e-01	1.374590722360680972e-01	6.075118720604374967e-02	4.458697249991498690e-02	2.891161357389707698e-01
5.870435350582976497e-01	1.309039890115732963e-01	5.795950232824997189e-02	4.257152164427355223e-02	2.749367905697026604e-01
5.994842503189414806e-01	1.246062326087595679e-01	5.526663128983147488e-02	4.062250646898987044e-02	2.613505105839654674e-01
6.121886110964055439e-01	1.185562689108880380e-01	5.266984434827116923e-02	3.873857178217009201e-02	2.483333993729145983e-01
6.251622046063020077e-01	1.127487345751472664e-01	5.016767060239195331e-02	3.691903425532586797e-02	2.358693918666610045e-01
6.384107364693620834e-01	1.071805453880303044e-01	4.775987165258838152e-02	3.516422327686076488e-02	2.239494186914247897e-01
6.519400332206916060e-01	1.018412829059930080e-01	4.544289570943925438e-02	3.347202057856415308e-02	2.125472530237736690e-01
6.657560448722088520e-01	9.672213618911079669e-02	4.321399312285326144e-02	3.184089332427114671e-02	2.016406791314350466e-01
6.798648475293831428e-01	9.181785826294913688e-02	4.107160715616503532e-02	3.027006329810541518e-02	1.912152157526689489e-01
6.942726460634290886e-01	8.712521887492163941e-02	3.901514014533211810e-02	2.875945333876529786e-02	1.812624977512360402e-01
7.089857768401280902e-01	8.263440706941756198e-02	3.704114530815735135e-02	2.730693726904098381e-02	1.717580775106275492e-01
7.240107105064845783e-01	7.833734627412772267e-02	3.514685015306093924e-02	2.591083437095356365e-02	1.626822235735913558e-01
7.393540548364295750e-01	7.422898332163513357e-02	3.333070285128262450e-02	2.457030730111003231e-02	1.540224241830390473e-01
7.550225576368376768e-01	7.030603489832916442e-02	3.159176331503806695e-02	2.328491247984098081e-02	1.457695215298363822e-01
7.710231097151263313e-01	6.655937501884083562e-02	2.992678413390950642e-02	2.205259879955575805e-02	1.379021682499067536e-01
7.873627479097432547e-01	6.298166553548677216e-02	2.833301764360529260e-02	2.087156954289649466e-02	1.304026370704390592e-01
8.040486581848822478e-01	5.956811412229594954e-02	2.680886997085411144e-02	1.974089454794217269e-02	1.232597847831588683e-01
8.210881787907730045e-01	5.631546842881334641e-02	2.535340024438489936e-02	1.866009640605287637e-02	1.164651627014006291e-01
8.384888034909533383e-01	5.321534410543391630e-02	2.396325917022360669e-02	1.762686149035743929e-02	1.099990052150605357e-01
8.562581848579297050e-01	5.026113678457230782e-02	2.263598221905834679e-02	1.663957593100067259e-02	1.038464014823901743e-01
8.744041376386801900e-01	4.744836950101316564e-02	2.137000401335145336e-02	1.569727134723155476e-02	9.799712668529395043e-02
8.929346421914835519e-01	4.477389353063891686e-02	2.016416246446663812e-02	1.479919303396971635e-02	9.244297040301460711e-02
9.118578479955742333e-01	4.223010122382583192e-02	1.901542520204961215e-02	1.394323529774812997e-02	8.716694320728859968e-02
9.311820772351820930e-01	3.981110775193000273e-02	1.792149275932638022e-02	1.312782962533500658e-02	8.215600976916932752e-02
9.509158284595223831e-01	3.751279227905905678e-02	1.688074214369858148e-02	1.235186448152638880e-02	7.740064292030089665e-02
9.710677803203476843e-01	3.533216927716048561e-02	1.589205218704099407e-02	1.161459633624811923e-02	7.289365665719650667e-02
9.916467953887124764e-01	3.326242159950269089e-02	1.495264622039436941e-02	1.091406205343532082e-02	6.862029451578258166e-02
1.012661924052612461e+00	3.129835995924207942e-02	1.406036865073055121e-02	1.024872285433452504e-02	6.456900472835079563e-02
1.034122408497234025e+00	2.943624622267882254e-02	1.321366758824752373e-02	9.617468093981085611e-03	6.073125935806351905e-02
1.056037686769547568e+00	2.767330370745780740e-02	1.241146329281814058e-02	9.019551341494309177e-03	5.710095418466827610e-02
1.078417396929040706e+00	2.600349960524496462e-02	1.165120831866777937e-02	8.453131986888627256e-03	5.366508097309192343e-02
1.101271381286411888e+00	2.442230696870966583e-02	1.093097152926005532e-02	7.916799334114366787e-03	5.041375142281336041e-02
1.124609690732098155e+00	2.292638312843305395e-02	1.024932046972185269e-02	7.409499325619050766e-03	4.733956297517264572e-02
1.148442589156521310e+00	2.151319194332662263e-02	9.605205714937177508e-03	6.930480100409034533e-03	4.443690150489679885e-02
1.172780557964020254e+00	2.017746100410844345e-02	8.996342477757058795e-03	6.478056459275449534e-03	4.169468168365543514e-02
1.197634300682437924e+00	1.891528444588260610e-02	8.421038613252629715e-03	6.050974391330684633e-03	3.910465395426840352e-02
1.223014747670394531e+00	1.772371509689544405e-02	7.877986494172321136e-03	5.648251942510252969e-03	3.666029601607120186e-02
1.248933060924324545e+00	1.660047583119636169e-02	7.366208502960379899e-03	5.269167271679384666e-03	3.435672234714293866e-02
1.275400638987373769e+00	1.554101577386145586e-02	6.883672491715188066e-03	4.912191907440743854e-03	3.218435833227813181e-02
1.302429121962336289e+00	1.454200242662619796e-02	6.428892545817509532e-03	4.576208311031277134e-03	3.013616460610419115e-02
1.330030396630823342e+00	1.360087308357354856e-02	6.000731400891833218e-03	4.260360371753965647e-03	2.820677741922324525e-02
1.358216601680917401e+00	1.271561621683568906e-02	5.598302978377614481e-03	3.963976228366842929e-03	2.639202177299724075e-02
1.387000133045610317e+00	1.188235195969791075e-02	5.219843514695413078e-03	3.685720324282062543e-03	2.468377524045160462e-02
1.416393649354382722e+00	1.109826891112181309e-02	4.864071461014632912e-03	3.424616081809467739e-03	2.307612394775635997e-02
1.446410077500298819e+00	1.036116875596485368e-02	4.529987682967642586e-03	3.179899131081486731e-03	2.156448634166489159e-02
1.477062618325094778e+00	9.669302038047921863e-03	4.216795257347754830e-03	2.950957264915444328e-03	2.014522071922819624e-02
1.508364752424737887e+00	9.019401139041059723e-03	3.923000060909613562e-03	2.736654893063519226e-03	1.881160239552864127e-02
1.540330246078020826e+00	8.409120936193033649e-03	3.647520502195609766e-03	2.536161601898736899e-03	1.755878497175763706e-02
1.572973157300799230e+00	7.836600608799050224e-03	3.389500992609356840e-03	2.348822303318185648e-03	1.638294081277237926e-02
1.606307842028519950e+00	7.300341164243195555e-03	3.148239649884905598e-03	2.174087061949181790e-03	1.528097314082255652e-02
1.640348960429783842e+00	6.797623591191065753e-03	2.922483261120397031e-03	2.011001995105148564e-03	1.424733186089424501e-02
1.675111483353698638e+00	6.326513618723004009e-03	2.711334019766589980e-03	1.858877719148304374e-03	1.327806518855227311e-02
1.710610698913865635e+00	5.885456444933399867e-03	2.514065627350763575e-03	1.717152194937720047e-03	1.236998209606917330e-02
1.746862219211904321e+00	5.473185938150449022e-03	2.330084377948832448e-03	1.585364211245437072e-03	1.152049558097252568e-02
1.783881987203444153e+00	5.087466245699309546e-03	2.158346074517044234e-03	1.462714340294772120e-03	1.072503885875459792e-02
1.821686283709640364e+00	4.726719676130544667e-03	1.998114938351748353e-03	1.348637964712379178e-03	9.980403843366077166e-03
1.860291734577268707e+00	4.389663469807556818e-03	1.848790683952153055e-03	1.242672485485322954e-03	9.283995059691046992e-03
1.899715317990559260e+00	4.075242781323823102e-03	1.709870179242694091e-03	1.144423735728798946e-03	8.633665101670498845e-03
1.939974371937992492e+00	3.781640295407351100e-03	1.580506269593613027e-03	1.053247743880151915e-03	8.025724314785704153e-03
1.981086601837313665e+00	3.507583250111082768e-03	1.460103514026550196e-03	9.686881504277625784e-04	7.457602975658734167e-03
2.023070088322156401e+00	3.252026283403457695e-03	1.348167518325154657e-03	8.903636718015986440e-04	6.927181989968394724e-03
2.065943295193674256e+00	3.014102093524470994e-03	1.244284528856580072e-03	8.179517149820707570e-04	6.432707399511200345e-03
2.109725077540682392e+00	2.792350228708472600e-03	1.147777534704051217e-03	7.509421841310624963e-04	5.971226104423665512e-03
2.154434690031884259e+00	2.585754953450081911e-03	1.058166370089625753e-03	6.889669537217190613e-04	5.540679997980678742e-03
2.200091795383838367e+00	2.393474485297844914e-03	9.750546297817063238e-04	6.317221804777492077e-04	5.139376638157714360e-03
2.246716473008353532e+00	2.214804687071749226e-03	8.981089340107754069e-04	5.789515714505835426e-04	4.765899414833130177e-03
2.294329227843169949e+00	2.048584802014337750e-03	8.267879233373334009e-04	5.302472436088142942e-04	4.417892595611443499e-03
2.342950999369765697e+00	1.894012730021560819e-03	7.607180720884942080e-04	4.853276249036638326e-04	4.093744931909630048e-03
2.392603170822269476e+00	1.750418413553183348e-03	6.995819612631116536e-04	4.439499861052244008e-04	3.792104921605095325e-03
2.443307578591545681e+00	1.617237070144869832e-03	6.431128917716871394e-04	4.059112378836061616e-04	3.511833274576974234e-03
2.495086521828544068e+00	1.493555995825735384e-03	5.908871845418646549e-04	3.708954586894204768e-04	3.251073191147467803e-03
2.547962772251191943e+00	1.378748270631127920e-03	5.426143233380379500e-04	3.386857618608067827e-04	3.008564061454654763e-03
2.601959584159102334e+00	1.272286448385070686e-03	4.980461739676839356e-04	3.090945836778660684e-04	2.783241157226841456e-03
2.657100704660517732e+00	1.173722742950277995e-03	4.569732993707141490e-04	2.819641730564670509e-04	2.574209080274993729e-03
2.713410384115983121e+00	1.082346923937408225e-03	4.190696510481664908e-04	2.570548961563800562e-04	2.380024614712437751e-03
2.770913386803353973e+00	9.976738517079866090e-04	3.841117562904067338e-04	2.342018055381638042e-04	2.199706276505829141e-03
2.829635001808795014e+00	9.192927769751097324e-04	3.519068942961052428e-04	2.132608394541887526e-04	2.032417637727987943e-03
2.889601054148607684e+00	8.468525819771905491e-04	3.222918716922771112e-04	1.941106422954629333e-04	1.877455705268386106e-03
2.950837916126738403e+00	7.798061212727049529e-04	2.950187637543933068e-04	1.765718765578972447e-04	1.733703437546145650e-03
3.013372518932980082e+00	7.177815704366944261e-04	2.699177291778862009e-04	1.605207471247437057e-04	1.600409058013612046e-03
3.077232364486974792e+00	6.604623432006510647e-04	2.468432462195391773e-04	1.458505897211175007e-04	1.476932242974340111e-03
3.142445537533192557e+00	6.075760109168997338e-04	2.256691668657756565e-04	1.324690266468663761e-04	1.362715789935121458e-03
3.209040717992251324e+00	5.587051285104561267e-04	2.062081385838330095e-04	1.202423717292123447e-04	1.256903721451611096e-03
3.277047193573979555e+00	5.135673506286964713e-04	1.883333403670131936e-04	1.090799288463090616e-04	1.158923914129336751e-03
3.346494872657771680e+00	4.719210700334120498e-04	1.719350184269386719e-04	9.890262220884745640e-05	1.068285310090392798e-03
3.417414297445926952e+00	4.335570231295473188e-04	1.569177311721161954e-04	8.964170570271554788e-05	9.845608757794483031e-04
3.489836657395697816e+00	3.981596714872533680e-04	1.431423190727536439e-04	8.120004665169473649e-05	9.070992047978459691e-04
3.563793802936028321e+00	3.655165164574957219e-04	1.305143207788350039e-04	7.351109131174808793e-05	8.354658438261590913e-04
3.639318259474964901e+00	3.354449087386952508e-04	1.189521724306223611e-04	6.651731697536402040e-05	7.692883556195807913e-04
3.716443241703908829e+00	3.077856282983989665e-04	1.083841610203876814e-04	6.016795280034636749e-05	7.082382337227974408e-04
3.795202668205029717e+00	2.823022867091061179e-04	9.870815283179212082e-05	5.439329190551074177e-05	6.518258107927082283e-04
3.875631176368202979e+00	2.588363101871955633e-04	8.985485051617834334e-05	4.914550128788396267e-05	5.997251386527046148e-04
3.957764137624104617e+00	2.372508614848235482e-04	8.176385471612770419e-05	4.438283470814875401e-05	5.516513218197688665e-04
4.041637673000112230e+00	2.174258847000290961e-04	7.438237923335185486e-05	4.006879103801102399e-05	5.073570445699678889e-04
4.127288669005872102e+00	1.991857948718927509e-04	6.763605671186414181e-05	3.615374114973843490e-05	4.664764611460888821e-04
4.214754793855508552e+00	1.824132167656678915e-04	6.147440582263049300e-05	3.260364027468809234e-05	4.287649271756878867e-04
4.304074514033643162e+00	1.670065125340003550e-04	5.585334080646412683e-05	2.938859629187670232e-05	3.940099055790742544e-04
4.395287111212434539e+00	1.528759253656946228e-04	5.073458287172856332e-05	2.648293741243010123e-05	3.620264776144164337e-04
4.488432699527177050e+00	1.398920950099572804e-04	4.606417063372563944e-05	2.385140924529099521e-05	3.325409065133801329e-04
4.583552243217979161e+00	1.279688103504890277e-04	4.180561004287230737e-05	2.146990752123279823e-05	3.053707197337693943e-04
4.680687574645305382e+00	1.170311930054243171e-04	3.792773209243484913e-05	1.931804782704788141e-05	2.803603109681123773e-04
4.779881412687339015e+00	1.070126755999548438e-04	3.440212930076746740e-05	1.737702009558762865e-05	2.573688538644396096e-04
4.881177381527165515e+00	9.781869310357056734e-05	3.119054480076533713e-05	1.562259798816117602e-05	2.361950994917397684e-04
4.984620029838152888e+00	8.938638698880935272e-05	2.826719072626134841e-05	1.403825262697434773e-05	2.167059664970677685e-04
5.090254850375883322e+00	8.166101931719658123e-05	2.560928547505251742e-05	1.260928571145440614e-05	1.987846232986957779e-04
5.198128299985286915e+00	7.459359242358106661e-05	2.319691032382713874e-05	1.132304952968618418e-05	1.823280676901295634e-04
5.308287820031761584e+00	6.811548865087621281e-05	2.100279183068446627e-05	1.016266058331363933e-05	1.671872058290196103e-04
5.420781857265304815e+00	6.218119329264914575e-05	1.900860132600315302e-05	9.116651859320967319e-06	1.532646011796222395e-04
5.535659885126738011e+00	5.675098457883131695e-05	1.719849156931333440e-05	8.175190615188010436e-06	1.404756179514886306e-04
5.652972425505520704e+00	5.178905169685121509e-05	1.555800170077116566e-05	7.329250897800472750e-06	1.287428688050636940e-04
5.772771070958623518e+00	4.724595533700647613e-05	1.406816795027982436e-05	6.567492680572542532e-06	1.179587734772012989e-04
5.895108507400270703e+00	4.308895417683891846e-05	1.271610951153697271e-05	5.882092077408503591e-06	1.080517020668278906e-04
6.020038537272556667e+00	3.928942299820002097e-05	1.149065954009704131e-05	5.266285953117170127e-06	9.895981393312230261e-05
6.147616103207036886e+00	3.582136137516213646e-05	1.038171200723508478e-05	4.714006748723435182e-06	9.062656421442651816e-05
6.277897312187818990e+00	3.264938681770730581e-05	9.375979597327194527e-06	4.217514398631492487e-06	8.297373606949018311e-05
6.410939460226692255e+00	2.975009119304039131e-05	8.464560971101008053e-06	3.771577676957239069e-06	7.594980713567196578e-05
6.546801057561175696e+00	2.710298107108811684e-05	7.639658329452908331e-06	3.371147886637024749e-06	6.950940557418494191e-05
6.685541854386596761e+00	2.468929472020492310e-05	6.894207665583832869e-06	3.013536217696596097e-06	6.361163236110052002e-05
6.827222867133428963e+00	2.248387129484169013e-05	6.219046762101610171e-06	2.692164979599006397e-06	5.819966183062555767e-05
6.971906405301561804e+00	2.047007169867810444e-05	5.608019680566062540e-06	2.403993258948245425e-06	5.323664640732314542e-05
7.119656098863218929e+00	1.863331509230518266e-05	5.055765925342715356e-06	2.145604495947872374e-06	4.869003385669166392e-05
7.270536926246596643e+00	1.696013994238571327e-05	4.557332579261938260e-06	1.915351841568216822e-06	4.452959106581846823e-05
7.424615242912579127e+00	1.543276304858989711e-05	4.106458196928796151e-06	1.708678402827365740e-06	4.071479626484854851e-05
7.581958810536977289e+00	1.403942051103658607e-05	3.698933773218535636e-06	1.523651662247226797e-06	3.721919586831052738e-05
7.742636826811277295e+00	1.276979878838802194e-05	3.331077454282983037e-06	1.357953445024122820e-06	3.401938308116458936e-05
7.906719955874896399e+00	1.161429006522018259e-05	2.999487704821200676e-06	1.210637658692303448e-06	3.109355181223547433e-05
8.074280359392364659e+00	1.056039823001171814e-05	2.699898761148135297e-06	1.078559143787790039e-06	2.841279609206947524e-05
8.245391728289099831e+00	9.599847919420743128e-06	2.429443067548513162e-06	9.600308160573510093e-07	2.595805380424356967e-05
8.420129315159766037e+00	8.725384441361280012e-06	2.185227444161336357e-06	8.547998677247188471e-07	2.371274127048331529e-05
8.598569967363353328e+00	7.930182845089450312e-06	1.966064673279538423e-06	7.611968750898253095e-07	2.166106827606370506e-05
8.780792160819700598e+00	7.205511490141186679e-06	1.767929877201261917e-06	6.768230702007178647e-07	1.978245666929438477e-05
8.966876034522190508e+00	6.545575926810607755e-06	1.589270785925978938e-06	6.019732470161466276e-07	1.806346637004999328e-05
9.156903425781846906e+00	5.944949506587757268e-06	1.428132125151319997e-06	5.354865909946218251e-07	1.649221920408610687e-05
9.350957906218383187e+00	5.399855846121993801e-06	1.283680700781368375e-06	4.758193407861900113e-07	1.505733340285989563e-05
9.549124818513869073e+00	4.903175656798208818e-06	1.153225382784398872e-06	4.227935983397077167e-07	1.374433169254755094e-05
9.751491313945386707e+00	4.451219248774983679e-06	1.035252289414582500e-06	3.755871214537771250e-07	1.254362803890649966e-05
9.958146390713055851e+00	4.040247681201661964e-06	9.299759062328035565e-07	3.338703805122403293e-07	1.144645439915711093e-05
1.016918093308028581e+01	3.667473129981351487e-06	8.350570226131335982e-07	2.960149648400825348e-07	1.044584273470553547e-05
1.038468775134352740e+01	3.328086736079545827e-06	7.490429545548269203e-07	2.626889745067394879e-07	9.530367250327982854e-06
1.060476162264905220e+01	3.019487216198538865e-06	6.721358345835003088e-07	2.330947957456224384e-07	8.693739353516035561e-06
1.082949933267470577e+01	2.739226921539058649e-06	6.034099276736761415e-07	2.067826835652303476e-07	7.929945944493118750e-06
1.105899971819510696e+01	2.484912435519890638e-06	5.409044951776039424e-07	1.833483376810954474e-07	7.233205523771661701e-06
1.129336371054865928e+01	2.253663013322806476e-06	4.850360460494826170e-07	1.625115759912198584e-07	6.596377974379018445e-06
1.153269438002595848e+01	2.043535298952066234e-06	4.348756185594362771e-07	1.440480651968993646e-07	6.014674188367374445e-06
1.177709698119876869e+01	1.852840627469116874e-06	3.896906802751678338e-07	1.275039052349090511e-07	5.483939903430971775e-06
1.202667899920963279e+01	1.679903542026244401e-06	3.493794160129647077e-07	1.130424626668647470e-07	5.000017922822175906e-06
1.228155019704247053e+01	1.522752256213038611e-06	3.130301501470324319e-07	1.000772632325057972e-07	4.557931699810150506e-06
1.254182266379493349e+01	1.380046282519807482e-06	2.802928387076630480e-07	8.871628207853477961e-08	4.154326345154445804e-06
1.280761086397376225e+01	1.250624877601312575e-06	2.510670728443820557e-07	7.832060379820329069e-08	3.786266771427056987e-06
1.307903168783481007e+01	1.133320157313468656e-06	2.247931228042491137e-07	6.938284983311814293e-08	3.450821128122892670e-06
1.335620450278989146e+01	1.026787113971357063e-06	2.013731332889225069e-07	6.144967328023070208e-08	3.144522390463363270e-06
1.363925120590300821e+01	9.297154210628145895e-07	1.801432087292900345e-07	5.442031218000526171e-08	2.864992483661712767e-06
1.392829627749924271e+01	8.424769822486994826e-07	1.612382954982087015e-07	4.799639662022228211e-08	2.610239067594691624e-06
1.422346683590943783e+01	7.630938976379871621e-07	1.442363483822648445e-07	4.247827429989771219e-08	2.378128772889261265e-06
1.452489269337533528e+01	6.906247510974105907e-07	1.290035701098597334e-07	3.758626101854234235e-08	2.166284805097637229e-06
1.483270641313931115e+01	6.253187994463477981e-07	1.155346065474451316e-07	3.325631650429259765e-08	1.973047214748949875e-06
1.514704336774399174e+01	5.659997136454766702e-07	1.032251926174456276e-07	2.930251550612759895e-08	1.796999137538634661e-06
1.546804179856737527e+01	5.125027778430672235e-07	9.225722931016948964e-08	2.591089515208126422e-08	1.636675642136094566e-06
1.579584287661962527e+01	4.638603727461534395e-07	8.256668139543074872e-08	2.290570712766514265e-08	1.490387929181089184e-06
1.613059076462826624e+01	4.196799720639820772e-07	7.389899850013058869e-08	2.024977325938734259e-08	1.357019834627730020e-06
1.647243268043913034e+01	3.797957692453171039e-07	6.588067317403063274e-08	1.782616259132547189e-08	1.235558701213850494e-06
1.682151896176083383e+01	3.437744981976866092e-07	5.893287934363547000e-08	1.574919259542950894e-08	1.124978026842690572e-06
1.717800313228151410e+01	3.110077826324804328e-07	5.271018940376429812e-08	1.391110108597712348e-08	1.024129074719352553e-06
1.754204196918641045e+01	2.812405362314913859e-07	4.714699232941114232e-08	1.228732024635304153e-08	9.318335015321813720e-07
1.791379557210657580e+01	2.544064853284364637e-07	4.200578476783893651e-08	1.080800472476566486e-08	8.485327310800713437e-07
1.829342743352862044e+01	2.300645445730497140e-07	3.755269546490596854e-08	9.540615006291675265e-09	7.723694928234530162e-07
1.868110451069663469e+01	2.080277931590576520e-07	3.356779933953991862e-08	8.420412579838651593e-09	7.025309575765942884e-07
1.907699729903783492e+01	1.881481940275604543e-07	3.000772079637024886e-08	7.431720411956201108e-09	6.391683242143724258e-07
1.948127990714428748e+01	1.701263222113039898e-07	2.671905635013371854e-08	6.531409033021621202e-09	5.816142828105957073e-07
1.989413013334363711e+01	1.537701123988878152e-07	2.387330864483083723e-08	5.761222743947811590e-09	5.293365691355002266e-07
2.031572954389253738e+01	1.389765030038620845e-07	2.132763191156188815e-08	5.080640921793231933e-09	4.815753834398476219e-07
2.074626355282718393e+01	1.257783803100893438e-07	1.905541380163450934e-08	4.480780338278423085e-09	4.379992055902503624e-07
2.118592150350598402e+01	1.135758778185386013e-07	1.695745501215638229e-08	3.934907190912607385e-09	3.984507968171273374e-07
2.163489675188052530e+01	1.026002640555519911e-07	1.514292295332057406e-08	3.468172342303755608e-09	3.625626355078123603e-07
2.209338675153079734e+01	9.281368453852327698e-08	1.352118033368668594e-08	3.056317584922440179e-09	3.297591629786157969e-07
2.256159314050291798e+01	8.397334966174289094e-08	1.207419579590785711e-08	2.693424247310630379e-09	2.998143780931350133e-07
2.303972182998693796e+01	7.569335121017455416e-08	1.073903378310758415e-08	2.363523563551030390e-09	2.726689685531723704e-07
2.352798309487394945e+01	6.845528792873207622e-08	9.585148226887853618e-09	2.081774967840851755e-09	2.479240597100397339e-07
2.402659166623228870e+01	6.190690558733658886e-08	8.554096693455680599e-09	1.833173046736536457e-09	2.255610272884275391e-07
2.453576682574353285e+01	5.599404094662420046e-08	7.634982906824830380e-09	1.614434658962265995e-09	2.050025078772840782e-07
2.505573250213976877e+01	5.045720553944399909e-08	6.787213852141143121e-09	1.415682274860362728e-09	1.863873376999924926e-07
2.558671736968459953e+01	4.561900713237966778e-08	6.054788459877828423e-09	1.245983077877781845e-09	1.694090487344842853e-07
2.612895494874115698e+01	4.124332366368833257e-08	5.401006440711346797e-09	1.096506812987896135e-09	1.539762376284570362e-07
2.668268370847132687e+01	3.729378518648506058e-08	4.818355561819671168e-09	9.650040680190651930e-10	1.401395061972422536e-07
2.724814717171165412e+01	3.359612421074581244e-08	4.281178328903179705e-09	8.456010954776186078e-10	1.272601234478907058e-07
2.782559402207125743e+01	3.036623526047734934e-08	3.817467259565396253e-09	7.437825349900761193e-10	1.156205462274420124e-07
2.841527821329990999e+01	2.744604712491128515e-08	3.403590558320244581e-09	6.540864062996839361e-10	1.051880176545322666e-07
2.901745908097360527e+01	2.481118728572835323e-08	3.034994218926251180e-09	5.752546717981535192e-10	9.571563927479521854e-08
2.963240145654703639e+01	2.234475312945378564e-08	2.695412368939474954e-09	5.037684603184639917e-10	8.677998535606063454e-08
3.026037578382308624e+01	2.019109717434568465e-08	2.402302381639514699e-09	4.428001620620954550e-10	7.893344356870304440e-08
3.090165823789054755e+01	1.824452551465692730e-08	2.140857016962948012e-09	3.891418355991023795e-10	7.179535821238984907e-08
3.155653084658241525e+01	1.648873634627450503e-08	1.908228443515545123e-09	3.420537075317344178e-10	6.531687021307843700e-08
3.222528161450811979e+01	1.484538958021790289e-08	1.693871206882198153e-09	2.993304766538304189e-10	5.920460891629141728e-08
3.290820464971425707e+01	1.341092560743555917e-08	1.508975965740414754e-09	2.629313037063889007e-10	5.383889621872476830e-08
3.360560029302952501e+01	1.211475002735736029e-08	1.344200717880711854e-09	2.309439102265336225e-10	4.895947187883840225e-08
3.431777525015100849e+01	1.094597850568888732e-08	1.197576905367286680e-09	2.028601229834359516e-10	4.453063795024680067e-08
3.504504272652905428e+01	9.852162217770011633e-09	1.062536127517676746e-09	1.774019943209425914e-10	4.035279908462245888e-08
3.578772256511129513e+01	8.897685295801041230e-09	9.461587318191921580e-10	1.557435330834593837e-10	3.668658504287697946e-08
3.654614138700539883e+01	8.035444239299107515e-09	8.424488398483039924e-10	1.367065071551928271e-10	3.335309875361442375e-08
3.732063273512289925e+01	7.258183863407958567e-09	7.502041781131341899e-10	1.200023650362750373e-10	3.032775102145557818e-08
3.811153722086707774e+01	6.530819547019695814e-09	6.653030670374228520e-10	1.048788099839739592e-10	2.747441872287453288e-08
3.891920267392951160e+01	5.896306422853728505e-09	5.921636514180344581e-10	9.201825148333133936e-11	2.497082526302592788e-08
3.974398429526115706e+01	5.323244050727559904e-09	5.269903030859050666e-10	8.071336658473851435e-11	2.269455397689461459e-08
4.058624481328516254e+01	4.806803824336450980e-09	4.690692938728922556e-10	7.080712624511750754e-11	2.062944026829216074e-08
4.144635464342010778e+01	4.323534682110517028e-09	4.157827839088290211e-10	6.184562933592068533e-11	1.868186361203076397e-08
4.232469205098434628e+01	3.902078162603680747e-09	3.698766109511079471e-10	5.422234663371962865e-11	1.697307610553593797e-08
4.322164331755172384e+01	3.521519510952940752e-09	3.289961450274384523e-10	4.752815149326804112e-11	1.541980546900264167e-08
4.413760291083362119e+01	3.178649751546358219e-09	2.926864903609997422e-10	4.166765861610210035e-11	1.401090549357700724e-08
4.507297365816076251e+01	2.857804743200529518e-09	2.592959445779124849e-10	3.637021333130346430e-11	1.268233231770040024e-08
4.602816692364147144e+01	2.578071982741693967e-09	2.305325860680427764e-10	3.186347776684499010e-11	1.151667142030481835e-08
4.700360278907441369e+01	2.325531522503872076e-09	2.049329877297954587e-10	2.790974291367025564e-11	1.045736162928500947e-08
4.799971023869517950e+01	2.098053612873217608e-09	1.822099013733970295e-10	2.445190112623113383e-11	9.496726120767546501e-09
4.901692734783804895e+01	1.885181860883784077e-09	1.613089948708675467e-10	2.132492155862331877e-11	8.590569156215797199e-09
5.005570147559598126e+01	1.699630679881288397e-09	1.433156113057169932e-10	1.866731314601460519e-11	7.795796788380576272e-09
5.111648946156338980e+01	1.532141942922693598e-09	1.273083820076208739e-10	1.633746880128292923e-11	7.073614402936697655e-09
5.219975782674825382e+01	1.381303879143064349e-09	1.131075449531887980e-10	1.430159695063735985e-11	6.418849236960003243e-09
5.330598297874255564e+01	1.240140231908047191e-09	1.000449904270134792e-10	1.246050948946937193e-11	5.801050748275888188e-09
5.443565142123959077e+01	1.117116590523094620e-09	8.880484947204728358e-11	1.089693067852769962e-11	5.259297912809928220e-09
5.558925996799251124e+01	1.006079133307949818e-09	7.880874525367516497e-11	9.526938252915884355e-12	4.767055618459494196e-09
5.676731596130657209e+01	9.060929679131634353e-10	6.994355999984843823e-11	8.330410099423734105e-12	4.320768284870735940e-09
5.797033749516177181e+01	8.125057837967508829e-10	6.179314712810666485e-11	7.249560152387786636e-12	3.899711453718506915e-09
5.919885364306400533e+01	7.309518936173829173e-10	5.478041917247398839e-11	6.331697521730584740e-12	3.530422365496089562e-09
6.045340469072480261e+01	6.573429333344781144e-10	4.854514982793944820e-11	5.527791153722434404e-12	3.194864822248219244e-09
6.173454237367209174e+01	5.910601631911839247e-10	4.301617813074140925e-11	4.825869821149365009e-12	2.890595823683363631e-09
6.304283011989645757e+01	5.290020001591967507e-10	3.793573852231941301e-11	4.192630514817611414e-12	2.603514782567164163e-09
6.437884329763940627e+01	4.749167211857993064e-10	3.356471542052196301e-11	3.654982044528996949e-12	2.351658881152369402e-09
6.574316946843353549e+01	4.260889996420271630e-10	2.967805375826112759e-11	3.184125015418508915e-12	2.122718568692060698e-09
6.713640864550379206e+01	3.821090894444730138e-10	2.623129128440593792e-11	2.773008303731879398e-12	1.915047903208798279e-09
6.855917355764610477e+01	3.409092001869352371e-10	2.306361064836723683e-11	2.402173935991250738e-12	1.718977069887330111e-09
7.001208991869765441e+01	3.049812325820138466e-10	2.034060496194179932e-11	2.088010168775401475e-12	1.546910169705301727e-09
7.149579670271769771e+01	2.725213881764028373e-10	1.791731548130915215e-11	1.812603309207751757e-12	1.390341299504423873e-09
7.301094642500031284e+01	2.432570863802689185e-10	1.576692852380336460e-11	1.572039147183889604e-12	1.248157801690016723e-09
7.455820542904223203e+01	2.158083238763541707e-10	1.378843009389295957e-11	1.354817548271459168e-12	1.113701181218912748e-09
7.613825417959219521e+01	1.918289848226246631e-10	1.208631870071389221e-11	1.170797900322317124e-12	9.955133427238561242e-10
7.775178756191070306e+01	1.701182324221497032e-10	1.057113103958624261e-11	1.009701427576439855e-12	8.877552264363365482e-10
7.939951518737163383e+01	1.504909028549243594e-10	9.223328400338278424e-12	8.686755161314634702e-13	7.895971683682450528e-10
8.108216170554010205e+01	1.320209438776646942e-10	7.979786595844204945e-12	7.410239124975115351e-13	6.964292077724410118e-10
8.280046712286477373e+01	1.157985666997731004e-10	6.904970421154157082e-12	6.324388523065337872e-13	6.140455616198778597e-10
8.455518712812224180e+01	1.010144429580727040e-10	5.943129631136560268e-12	5.369789380307014838e-13	5.383955495957527504e-10
8.634709342475994731e+01	8.752818212061119652e-11	5.082342508193067417e-12	4.531222911415116900e-13	4.689011307372082521e-10
8.817697407028136070e+01	7.469623366471753347e-11	4.281126590375413099e-12	3.767025938212382880e-13	4.021687577907399902e-10
9.004563382282356088e+01	6.320154948909737658e-11	3.576113822669670235e-12	3.106198396426613295e-13	3.419245295413067513e-10
9.195389449507966617e+01	5.243825776197496395e-11	2.929577058373801814e-12	2.512238668403656333e-13	2.850230459819295955e-10
9.390259531572145590e+01	4.218725875303989622e-11	2.327470883085098049e-12	1.970913865670122278e-13	2.303596780957695252e-10
9.589259329848152902e+01	3.175117285177563076e-11	1.730150976872789223e-12	1.447086053227888959e-13	1.741425161040658197e-10
9.792476361905691817e+01	2.082176057747083843e-11	1.121009566094905168e-12	9.264348687826427916e-14	1.146866992467841992e-10
