# Data associated with arXiv:2110.09653
# 
# Scale-free J-factor angular distribution, J_S(theta), of a nfw1-4 dark matter distribution (see Eq. 8 and the surrounding discussion)
# 
# Published: 3/29/22, Jack Runburg, contact: runburg@hawaii.edu
# 
# 
# -----------------------------------------------------------------
# 
# 	 tilde theta 		 | 	 tilde J s-wave 		 | 	 tilde J p-wave 		 | 	 tilde J d-wave 		 | 	 tilde J sommerfeld 
# 
# -----------------------------------------------------------------
1.000000000000000021e-03	2.667246958296273369e+05	2.453955557572136240e+04	6.548463670006645771e+03	1.441573815808007028e+06
1.021192151037671062e-03	2.568139528554338031e+05	2.391013189301261082e+04	6.441330865789072959e+03	1.379413551425941521e+06
1.042833409340945643e-03	2.472757264875811816e+05	2.329682502582295274e+04	6.335813548062030350e+03	1.319965922078640899e+06
1.064933292458827233e-03	2.380870457713155483e+05	2.269878110379097780e+04	6.231830720893655780e+03	1.263053075618874747e+06
1.087501519637659123e-03	2.292370749343655771e+05	2.211569102750455568e+04	6.129369162782074454e+03	1.208576526162648806e+06
1.110548016095517111e-03	2.207172539846527507e+05	2.154742740171714468e+04	6.028443346053697496e+03	1.156461165987071581e+06
1.134082917387199208e-03	2.125174762040079804e+05	2.099368565449735615e+04	5.929038793799372797e+03	1.106617452016965253e+06
1.158116573861711456e-03	2.046182574429594679e+05	2.045374293079188283e+04	5.831087427919128459e+03	1.058899158227810403e+06
1.182659555214217667e-03	1.970102912699995504e+05	1.992732138075447074e+04	5.734576927320174036e+03	1.013222455730964895e+06
1.207722655134462354e-03	1.896863207703092776e+05	1.941430672489503922e+04	5.639519298472136143e+03	9.695300596545280423e+05
1.233316896053688856e-03	1.826373110881666653e+05	1.891441449970212852e+04	5.545901569469410788e+03	9.277403270332894754e+05
1.259453533992170365e-03	1.758467368124354980e+05	1.842697771996734809e+04	5.453654062826335576e+03	8.877304255433261860e+05
1.286144063509461061e-03	1.693066052563428530e+05	1.795177919791328895e+04	5.362772673055458654e+03	8.494371107708484633e+05
1.313400222759557485e-03	1.630107628593413101e+05	1.748867359204987952e+04	5.273261424976922171e+03	8.128030904082506895e+05
1.341233998653187541e-03	1.569511488178733562e+05	1.703743039457995110e+04	5.185112313372835160e+03	7.777648950347267091e+05
1.369657632129505243e-03	1.511137482369219069e+05	1.659744029006404162e+04	5.098260194018377661e+03	7.442202345169263426e+05
1.398683623539492566e-03	1.454916969144073664e+05	1.616852125995308415e+04	5.012701929356256187e+03	7.121144184470830951e+05
1.428324738143458596e-03	1.400797756356778555e+05	1.575052761007114350e+04	4.928439499332349442e+03	6.814000082829067251e+05
1.458594011725036863e-03	1.348708057152018591e+05	1.534325086917124827e+04	4.845465619005092776e+03	6.520252097038384527e+05
1.489504756324154782e-03	1.298529022319779615e+05	1.494614072045793728e+04	4.763718022572035807e+03	6.239002339647877961e+05
1.521070566091505720e-03	1.250201703409935872e+05	1.455902529776801020e+04	4.683193056348556638e+03	5.969813804219389567e+05
1.553305323267072666e-03	1.203681821427425311e+05	1.418179615923325400e+04	4.603895787791213479e+03	5.712315363938510418e+05
1.586223204285366938e-03	1.158905553119583201e+05	1.381424176125817394e+04	4.525816155397096736e+03	5.466019603167935275e+05
1.619838686010041055e-03	1.115772119171932427e+05	1.345588237794907945e+04	4.448897856406214487e+03	5.230231626511257491e+05
1.654166552100628336e-03	1.074230897446556628e+05	1.310654466018550920e+04	4.373134197278131978e+03	5.004545208369604661e+05
1.689221899514206692e-03	1.034244311806396436e+05	1.276615551306670022e+04	4.298533901143997355e+03	4.788663593929706258e+05
1.725020145144853453e-03	9.957557080254187167e+04	1.243448283986587194e+04	4.225079558100877875e+03	4.582165533439177671e+05
1.761577032603788440e-03	9.586796354205773969e+04	1.211112421515631650e+04	4.152723977955793089e+03	4.384476763057417120e+05
1.798908639143220224e-03	9.229726236575283110e+04	1.179591596722540271e+04	4.081459102937669286e+03	4.195254917063562316e+05
1.837031382726912916e-03	8.886027751122534391e+04	1.148880506601037268e+04	4.011296870988813225e+03	4.014275818266727147e+05
1.875962029250603357e-03	8.555198728360480163e+04	1.118955949636729565e+04	3.942215718234382621e+03	3.841150812285004649e+05
1.915717699915417882e-03	8.236514683870527369e+04	1.089782415688090259e+04	3.874173698836825679e+03	3.675405301860290347e+05
1.956315878757565116e-03	7.929602342090809543e+04	1.061345962148611397e+04	3.807164199672806262e+03	3.516775434936469537e+05
1.997774420337589726e-03	7.634190842126589268e+04	1.033639862635581994e+04	3.741194985553769129e+03	3.365037333002988598e+05
2.040111557592579582e-03	7.349835682740702759e+04	1.006644961854736721e+04	3.676249408740028684e+03	3.219890188073093304e+05
2.083345909854779961e-03	7.075922660117803025e+04	9.803281445971477297e+03	3.612285598475557890e+03	3.080934605272404733e+05
2.127496491040134757e-03	6.812131258079153486e+04	9.546783900568625540e+03	3.549301007954456509e+03	2.947944550952095888e+05
2.172582718010372237e-03	6.558231393103850132e+04	9.296876122466230299e+03	3.487297150684959888e+03	2.820731925188642344e+05
2.218624419112281976e-03	6.313830115812846634e+04	9.053397336494501360e+03	3.426262802843977170e+03	2.699050550104290596e+05
2.265641842897974604e-03	6.078406751413476013e+04	8.816038237814209424e+03	3.366153427701777673e+03	2.582550865988353908e+05
2.313655667029933423e-03	5.851686097262967087e+04	8.584699085099082367e+03	3.306967912458444516e+03	2.471052838111522142e+05
2.362687007374795686e-03	5.633472635290082690e+04	8.359322011309452137e+03	3.248710442133824017e+03	2.364408035739924817e+05
2.412757427289825233e-03	5.423419409978033946e+04	8.139745092930842475e+03	3.191367599635203533e+03	2.262389057183457189e+05
2.463888947106213784e-03	5.221085062817701692e+04	7.925703799321343467e+03	3.134901343955650191e+03	2.164726789747833973e+05
2.516104053813336943e-03	5.026233307921735832e+04	7.717091626971229744e+03	3.079305949947341560e+03	2.071251791410773294e+05
2.569425710948245768e-03	4.838697934024287679e+04	7.513878164765375004e+03	3.024591332803461682e+03	1.981848059354792058e+05
2.623877368694733318e-03	4.658172946993508231e+04	7.315888748785045209e+03	2.970737127292536115e+03	1.896319653288306436e+05
2.679482974196439188e-03	4.484284246164275828e+04	7.122902179536186850e+03	2.917712352700308202e+03	1.814442129733871843e+05
2.736266982088478034e-03	4.316828968129686837e+04	6.934820361367044825e+03	2.865510394659856047e+03	1.736075409342183848e+05
2.794254365252289707e-03	4.155665755622199504e+04	6.751622725883114072e+03	2.814143707310623995e+03	1.661131217121802911e+05
2.853470625798387814e-03	4.000525032889268186e+04	6.573137202156166495e+03	2.763587364914938917e+03	1.589430138805000170e+05
2.913941806281861776e-03	3.851089728069012199e+04	6.399166575172507692e+03	2.713813188186451043e+03	1.520787343017749663e+05
2.975694501155571117e-03	3.707185680274779588e+04	6.229632452327598912e+03	2.664817655812017165e+03	1.455095243405413930e+05
3.038755868466027146e-03	3.568692615697004658e+04	6.064498256168816624e+03	2.616607133286144744e+03	1.392263871925821295e+05
3.103153641797168783e-03	3.435373287883568264e+04	5.903623822869352807e+03	2.569163739419196190e+03	1.332154660950923280e+05
3.168916142467233243e-03	3.306958976334545878e+04	5.746825478814132111e+03	2.522459322045522185e+03	1.274611003693630773e+05
3.236072291984112663e-03	3.183300168762474277e+04	5.594040064903821076e+03	2.476492674312029521e+03	1.219540721900155622e+05
3.304651624764658874e-03	3.064294481712604102e+04	5.445225476665560564e+03	2.431266763442390129e+03	1.166869273370723677e+05
3.374684301123556836e-03	2.949733325742006855e+04	5.300257175300923336e+03	2.386765766693740261e+03	1.116481497171787196e+05
3.446201120537424525e-03	2.839388972379728511e+04	5.158971599876007531e+03	2.342963473521240758e+03	1.068241733667359949e+05
3.519233535190044709e-03	2.733133075540896607e+04	5.021301377424037128e+03	2.299854668921406301e+03	1.022074757310363348e+05
3.593813663804625805e-03	2.630878436828564736e+04	4.887224389986628921e+03	2.257447087009528332e+03	9.779230322516711021e+04
3.669974305769219299e-03	2.532441835129574247e+04	4.756613470942229469e+03	2.215721547537808419e+03	9.356805293543101288e+04
3.747748955561452412e-03	2.437630291517334263e+04	4.629332405063919396e+03	2.174656719431084639e+03	8.952444644995074486e+04
3.827171817478984984e-03	2.346333635374643200e+04	4.505312234478353275e+03	2.134245670610956040e+03	8.565438262417368242e+04
3.908277820682117681e-03	2.258477561708469148e+04	4.384542685676951805e+03	2.094499080498073909e+03	8.195334121910827525e+04
3.991102634555192957e-03	2.173901277364700945e+04	4.266897199700551027e+03	2.055395255066447135e+03	7.841232517397108313e+04
4.075682684393532908e-03	2.092441259182117574e+04	4.152255803503374409e+03	2.016914647659804587e+03	7.502257024688045203e+04
4.162055167422817371e-03	2.014002943288815004e+04	4.040563564961159955e+03	1.979053651919134609e+03	7.177840714287325682e+04
4.250258069157961290e-03	1.938522976185205334e+04	3.931803168375218320e+03	1.941818393469337479e+03	6.867612827905466838e+04
4.340330180108637088e-03	1.865860369157874447e+04	3.825864392467899052e+03	1.905189920798763751e+03	6.570790208823815919e+04
4.432311112838861061e-03	1.795876566070447734e+04	3.722634384849590333e+03	1.869147858194661694e+03	6.286636955819404102e+04
4.526241319388085715e-03	1.728490403405100733e+04	3.622071379925233941e+03	1.833691900693232810e+03	6.014722956393595086e+04
4.622162109061505458e-03	1.663647833186424396e+04	3.524149622012821510e+03	1.798824394098760422e+03	5.754670120116988255e+04
4.720115666597336779e-03	1.601225334953024867e+04	3.428775399434802694e+03	1.764530333712296397e+03	5.505860753847122396e+04
4.820145070719144588e-03	1.541105513166855599e+04	3.335847164088837417e+03	1.730790462188996344e+03	5.267684484060678369e+04
4.922294313081310678e-03	1.483218709799644967e+04	3.245325503141721583e+03	1.697603834680509635e+03	5.039753045632968133e+04
5.026608317615998724e-03	1.427518787162616354e+04	3.157190443213510662e+03	1.664973388578326194e+03	4.821780540656553785e+04
5.133132960290130720e-03	1.373897615743983624e+04	3.071352756272556235e+03	1.632883160222553215e+03	4.613236597556099150e+04
5.241915089281041530e-03	1.322255733335148943e+04	2.987724402834422108e+03	1.601316132371197000e+03	4.413598440844038851e+04
5.353002545579732367e-03	1.272533360119998179e+04	2.906262967559523986e+03	1.570268211346149428e+03	4.222544827154724044e+04
5.466444184030696055e-03	1.224691085464521711e+04	2.826960038266182892e+03	1.539746698205947041e+03	4.039856484709204233e+04
5.582289894817666839e-03	1.178634326768968640e+04	2.749725440788692595e+03	1.509733092982714425e+03	3.865047784515744570e+04
5.700590625404708227e-03	1.134278819138636754e+04	2.674486246411073353e+03	1.480214211541360100e+03	3.697721350695373258e+04
5.821398402942216249e-03	1.091573263414805660e+04	2.601203844990938251e+03	1.451185924377099809e+03	3.537590946280768549e+04
5.944766357147824969e-03	1.050483972318440829e+04	2.529870924394662325e+03	1.422654856166676836e+03	3.384471621419823350e+04
6.070748743672167193e-03	1.010928275643936468e+04	2.460402142563530106e+03	1.394601487093476180e+03	3.237961259805082227e+04
6.199400967959818945e-03	9.728347863019984288e+03	2.392731641800200578e+03	1.367013378912608687e+03	3.097716252206080026e+04
6.330779609615908021e-03	9.361594856413248635e+03	2.326829943460958020e+03	1.339889073853123591e+03	2.963508435012248810e+04
6.464942447289089879e-03	9.008735582949873788e+03	2.262682875618097569e+03	1.313231520741054965e+03	2.835177157874370096e+04
6.601948484081890736e-03	8.669047992680665629e+03	2.200219608127328229e+03	1.287025862976623785e+03	2.712385024186553710e+04
6.741857973499477616e-03	8.341927331694285385e+03	2.139378724260668150e+03	1.261259252846913569e+03	2.594841080947468436e+04
6.884732445948405985e-03	8.026995912405769559e+03	2.080133711855727142e+03	1.235929787060422314e+03	2.482369223869227426e+04
7.030634735796891313e-03	7.724007073696800944e+03	2.022471908316057352e+03	1.211040298406582451e+03	2.374816694127492883e+04
7.179629009008595825e-03	7.432330622749456779e+03	1.966327596766268016e+03	1.186575876408842078e+03	2.271905919605875533e+04
7.331780791361950343e-03	7.151454257918590883e+03	1.911647800205058729e+03	1.162525592467819479e+03	2.173402408771113915e+04
7.487156997267587974e-03	6.881053940613443956e+03	1.858404607632471652e+03	1.138886087552230265e+03	2.079139209873251457e+04
7.645825959196438613e-03	6.620918366545883146e+03	1.806592884148701842e+03	1.115663136675024589e+03	1.989009315643143054e+04
7.807857457731475631e-03	6.370497901135020584e+03	1.756147266353889563e+03	1.092839950518312435e+03	1.902767755010543624e+04
7.973322752256328111e-03	6.129358570535369836e+03	1.707022347091499114e+03	1.070406539301398880e+03	1.820217002268798024e+04
8.142294612294233985e-03	5.897222386601369180e+03	1.659193760129674956e+03	1.048360392528049942e+03	1.741223399276205964e+04
8.314847349511189298e-03	5.673908189929456057e+03	1.612656014681748502e+03	1.026706366305020310e+03	1.665698945592208474e+04
8.491056850397209546e-03	5.458936937823908011e+03	1.567349465784505583e+03	1.005428743900314430e+03	1.593427119208529075e+04
8.671000609640279119e-03	5.251941014358860230e+03	1.523233044755917490e+03	9.845182381432337024e+02	1.524250956135082924e+04
8.854757764207504128e-03	5.052681956129235914e+03	1.480288268931449466e+03	9.639742909079894844e+02	1.458061719752259887e+04
9.042409128148579806e-03	4.861004321957917455e+03	1.438504361091498140e+03	9.437977735490026134e+02	1.394772304086727127e+04
9.234037228136720080e-03	4.676490878059245006e+03	1.397830958399166320e+03	9.239757944081983396e+02	1.334214277736671829e+04
9.429726339762870002e-03	4.498830222217643495e+03	1.358230456009788213e+03	9.044993363562119839e+02	1.276250753714212988e+04
9.629562524599030379e-03	4.327817814600712154e+03	1.319685089624920010e+03	8.853672912891630631e+02	1.220787449706797997e+04
9.833633668047030499e-03	4.163320167901072637e+03	1.282187806668604935e+03	8.665826499392853748e+02	1.167759125435422357e+04
1.004202951798940403e-02	4.004974126293586778e+03	1.245690431719737489e+03	8.481314306256894042e+02	1.117018103304128817e+04
1.025484172425938229e-02	3.852515906377497231e+03	1.210161040871145815e+03	8.300058102402615532e+02	1.068451702069153362e+04
1.047216387894729824e-02	3.705770081212808691e+03	1.175580804651071276e+03	8.122030116707325078e+02	1.021981944932029546e+04
1.069409155756119272e-02	3.564621917658712846e+03	1.141946861398944293e+03	7.947278883550317232e+02	9.775548125961317055e+03
1.092072236105970547e-02	3.428755538541309761e+03	1.109212593468822433e+03	7.775659511145469196e+02	9.350411831734696534e+03
1.115215595877575537e-02	3.297947496121989388e+03	1.077350424304181161e+03	7.607108662284439333e+02	8.943521813528122948e+03
1.138849413224978825e-02	3.172047347235424695e+03	1.046344994545875807e+03	7.441603930009021042e+02	8.554207125656350399e+03
1.162984081999205582e-02	3.050956389653288170e+03	1.016190278551740676e+03	7.279166344915721538e+02	8.181991713083637478e+03
1.187630216319339981e-02	2.934400051408995751e+03	9.868462874301458214e+02	7.119675088228267441e+02	7.825836738417391643e+03
1.212798655240480798e-02	2.822189049925845211e+03	9.582875168738773937e+02	6.963065849527392857e+02	7.484956257150276542e+03
1.238500467520621366e-02	2.714194380712963266e+03	9.305019162675920370e+02	6.809334400069112689e+02	7.158819577300523633e+03
1.264746956488544717e-02	2.610331054837340616e+03	9.034823303891554360e+02	6.658488036328394628e+02	6.847027525643442459e+03
1.291549665014883955e-02	2.510360561180488276e+03	8.771925290248232159e+02	6.510407537774278808e+02	6.548673993251951288e+03
1.318920380588532899e-02	2.414122554734877212e+03	8.516104092608089786e+02	6.365037969609029460e+02	6.263133197015870792e+03
1.346871140500627631e-02	2.321506426435744288e+03	8.267229395775518697e+02	6.222362019783271307e+02	5.989947249833801834e+03
1.375414237138396570e-02	2.232438926674108643e+03	8.025268730680959379e+02	6.082409826594337119e+02	5.728781325242293860e+03
1.404562223391196511e-02	2.146713005489926218e+03	7.789869354367802998e+02	5.945053557643193471e+02	5.478871035109040349e+03
1.434327918171109106e-02	2.064192827046308594e+03	7.560838189322471408e+02	5.810240878908798550e+02	5.239705998630948670e+03
1.464724412050539583e-02	1.984783564959686601e+03	7.338066845382176098e+02	5.677961414126982618e+02	5.010891602896700533e+03
1.495765073019278586e-02	1.908422027493087398e+03	7.121515104269620906e+02	5.548237937545300156e+02	4.792151477039974452e+03
1.527463552363575450e-02	1.834928594042783061e+03	6.910873076293325994e+02	5.420957521332641136e+02	4.582851939725761440e+03
1.559833790669801906e-02	1.764188186738193963e+03	6.705959382801578386e+02	5.296064151284657555e+02	4.382542886517952866e+03
1.592890023955338338e-02	1.696119519530474463e+03	6.506688768122221518e+02	5.173555924959699723e+02	4.190922584602768438e+03
1.626646789929399317e-02	1.630668024282085980e+03	6.313006424139698538e+02	5.053439676787574513e+02	4.007746054548262691e+03
1.661118934386526108e-02	1.567677979504575887e+03	6.124641018273619011e+02	4.935618503707337368e+02	3.832465225402842862e+03
1.696321617735579643e-02	1.507051887652161213e+03	5.941436714425865375e+02	4.820043652874886675e+02	3.664731708753168277e+03
1.732270321667098503e-02	1.448720078387087597e+03	5.763296420379574556e+02	4.706697780289683237e+02	3.504271052528918972e+03
1.768980855961942850e-02	1.392635383520844925e+03	5.590195209731872410e+02	4.595604962136308700e+02	3.350888007041285618e+03
1.806469365444235767e-02	1.338662891406817607e+03	5.421869811409885642e+02	4.486661077757192970e+02	3.204121603547507675e+03
1.844752337081655841e-02	1.286719993382877192e+03	5.258184346725257683e+02	4.379823525215844597e+02	3.063677388872295069e+03
1.883846607236187159e-02	1.236746982759031425e+03	5.099060686078984190e+02	4.275082623475099695e+02	2.929328475605288531e+03
1.923769369068539445e-02	1.188703047345190271e+03	4.944462849421437340e+02	4.172450521191672124e+02	2.800910824782246436e+03
1.964538180099485026e-02	1.142471383263673488e+03	4.794160226483047040e+02	4.071834693761888957e+02	2.678039565162492181e+03
2.006170969931423895e-02	1.097981991340030845e+03	4.648029347046215207e+02	3.973194336416449346e+02	2.560459524687694284e+03
2.048686048133601528e-02	1.055183710939127877e+03	4.506001134330457489e+02	3.876520015242916202e+02	2.447993947657561421e+03
2.092102112294418406e-02	1.014041193494606432e+03	4.368040469226378377e+02	3.781822480187952351e+02	2.340497890414485028e+03
2.136438256244391209e-02	9.744533822077777359e+02	4.233938200378949546e+02	3.689013371510186516e+02	2.237640006138724857e+03
2.181713978453380873e-02	9.363609569852666255e+02	4.103589517666532629e+02	3.598058655984991674e+02	2.139225681261824775e+03
2.227949190605761978e-02	8.997200864673204705e+02	3.976919802299755133e+02	3.508939288684559301e+02	2.045088912278577936e+03
2.275164226357336353e-02	8.645001230248673210e+02	3.853913258945670464e+02	3.421679342533059298e+02	1.955117932654902688e+03
2.323379850277806913e-02	8.306136954175619849e+02	3.734368539390264914e+02	3.336184105340407200e+02	1.869034569851842434e+03
2.372617266982774559e-02	7.980105276538922681e+02	3.618190439315814046e+02	3.252420164521025754e+02	1.786668692456969666e+03
2.422898130459259780e-02	7.666530737225269831e+02	3.505327688543438853e+02	3.170384998295610330e+02	1.707892240450128384e+03
2.474244553588843265e-02	7.365147344395176106e+02	3.395746154944058048e+02	3.090082473843510229e+02	1.632602422227506850e+03
2.526679117872631872e-02	7.075200250028919982e+02	3.289274131210171959e+02	3.011432009269940977e+02	1.560569343145367839e+03
2.580224883362318075e-02	6.796263291229521428e+02	3.185828448922633811e+02	2.934405021420690787e+02	1.491651279494339860e+03
2.634905398801689475e-02	6.528014901874483940e+02	3.085354465892457370e+02	2.858991627658155608e+02	1.425738612862196305e+03
2.690744711983068457e-02	6.270223989308194632e+02	2.987831182464179847e+02	2.785203237645160925e+02	1.362750008031179959e+03
2.747767380323228384e-02	6.022238880038648858e+02	2.893094185420727058e+02	2.712955101032421794e+02	1.302484694939530527e+03
2.805998481663422514e-02	5.783698284133247398e+02	2.801073118306688343e+02	2.642225887760448586e+02	1.244830615232724767e+03
2.865463625298309350e-02	5.554326843716966096e+02	2.711722949522463750e+02	2.573009412979093895e+02	1.189695816271568219e+03
2.926188963238583740e-02	5.333923578218915509e+02	2.625015296000534022e+02	2.505305546463950463e+02	1.137006539968226207e+03
2.988201201712300387e-02	5.121926314816645345e+02	2.540807580054323580e+02	2.439042348980683244e+02	1.086600296836309553e+03
3.051527612909937445e-02	4.918028709090943380e+02	2.459038449344919002e+02	2.374201976389801416e+02	1.038381366147871177e+03
3.116196046978347151e-02	4.721995016794908224e+02	2.379661492631171598e+02	2.310769535540872539e+02	9.922702454925059783e+02
3.182234944268905880e-02	4.533650265600522857e+02	2.302654515197805836e+02	2.248749879828970961e+02	9.482094363938498418e+02
3.249673347845206950e-02	4.352509872656744392e+02	2.227889228609685119e+02	2.188077473310048333e+02	9.060600119807146484e+02
3.318540916255835471e-02	4.178314032739829145e+02	2.155308100349713527e+02	2.128729659280788269e+02	8.657405755220656829e+02
3.388867936577820428e-02	4.010860958318104394e+02	2.084872510536349068e+02	2.070697031932078573e+02	8.271885477769388899e+02
3.460685337736497946e-02	3.849998162933612207e+02	2.016561101369458129e+02	2.013984066084152857e+02	7.903535893358734938e+02
3.534024704107661952e-02	3.695308285861862601e+02	1.950256972997572404e+02	1.958525920007104730e+02	7.551171820862622326e+02
3.608918289407971741e-02	3.546570943437527603e+02	1.885908657681391389e+02	1.904301177017804889e+02	7.214142803781904831e+02
3.685399030879719234e-02	3.403613452171636595e+02	1.823483168962941079e+02	1.851304795467333690e+02	6.891915925704830670e+02
3.763500563776207147e-02	3.266302785223020919e+02	1.762959293559667913e+02	1.799536872211498917e+02	6.584054202305112540e+02
3.843257236154112161e-02	3.134279785443757760e+02	1.704230708135105488e+02	1.748935141350877700e+02	6.289579133063388099e+02
3.924704123979310538e-02	3.007357463358118821e+02	1.647254773067458586e+02	1.699486229574920344e+02	6.007946392579427766e+02
4.007877046552850431e-02	2.885388077901641850e+02	1.591999676894627669e+02	1.651179207945286009e+02	5.738704373308340791e+02
4.092812582263813392e-02	2.768255459937554974e+02	1.538444243112423919e+02	1.604013082402731243e+02	5.481485306855643103e+02
4.179548084676026898e-02	2.655650814354419254e+02	1.486496491636172834e+02	1.557935729422693498e+02	5.235477194406042827e+02
4.268121698955689575e-02	2.547415443168495131e+02	1.436115479015027745e+02	1.512927414413836686e+02	5.000215358883338013e+02
4.358572378647117967e-02	2.443422977718733478e+02	1.387272658651164363e+02	1.468981141325363069e+02	4.775320512905462920e+02
4.450939902804028347e-02	2.343571867592249589e+02	1.339951972774481703e+02	1.426098924307467257e+02	4.560505692381939298e+02
4.545264893483848267e-02	2.247596866854810287e+02	1.294065661124018334e+02	1.384223862462807801e+02	4.355057946896346266e+02
4.641588833612779463e-02	2.155363247911842564e+02	1.249579898874245032e+02	1.343343933990525159e+02	4.158599167091609274e+02
4.739954085229469011e-02	2.066762953600589583e+02	1.206471000784198822e+02	1.303452071869197084e+02	3.970843024253343856e+02
4.840403908115278181e-02	1.981707122937275187e+02	1.164718167976226511e+02	1.264543195702137268e+02	3.791496789474991260e+02
4.942982478819387543e-02	1.899968143340458937e+02	1.124247782182076776e+02	1.226571760535926074e+02	3.619992790809524763e+02
5.047734910087089966e-02	1.821431598584534868e+02	1.085028807442634076e+02	1.189523352168006767e+02	3.456026954679544474e+02
5.154707270699779992e-02	1.746005118880548821e+02	1.047037055480664662e+02	1.153389618812100110e+02	3.299322227859615850e+02
5.263946605735428386e-02	1.673610868399890990e+02	1.010257506846496369e+02	1.118169035339732602e+02	3.149666392088948328e+02
5.375500957258409762e-02	1.604053734340523647e+02	9.746211988814575022e+01	1.083816019194402998e+02	3.006571579964231091e+02
5.489419385447772554e-02	1.537236513688074524e+02	9.401005454465067146e+01	1.050317439518753844e+02	2.869774925853088234e+02
5.605751990173300781e-02	1.473080273813385190e+02	9.066752712949880788e+01	1.017665821950284908e+02	2.739060016595998377e+02
5.724549933028778848e-02	1.411516767809524424e+02	8.743296917096456866e+01	9.858589284850449985e+01	2.614236810547923824e+02
5.845865459832211286e-02	1.352378930059874449e+02	8.430028540575044360e+01	9.548535669746186727e+01	2.494902111217851370e+02
5.969751923602879817e-02	1.295584147270909341e+02	8.126704670816540954e+01	9.246391574311273587e+01	2.380832502437805260e+02
6.096263808025296355e-02	1.241064995555759225e+02	7.833144765182899505e+01	8.952080444591535979e+01	2.271854073460139318e+02
6.225456751410456124e-02	1.188761574645932484e+02	7.549192270837335172e+01	8.665560850732359199e+01	2.167802638695186772e+02
6.357387571164835327e-02	1.138531007792688428e+02	7.274310017425872843e+01	8.386447836991662541e+01	2.068336718454295067e+02
6.492114288777969811e-02	1.090303049454715136e+02	7.008286397607672313e+01	8.114640691249516635e+01	1.973277740351611556e+02
6.629696155339574737e-02	1.044020131892552001e+02	6.750943327755150847e+01	7.850052289259375016e+01	1.882475527369736881e+02
6.770193677597398374e-02	9.996296258247733135e+01	6.502148888611664290e+01	7.592650022446557045e+01	1.795791404778635183e+02
6.913668644567325106e-02	9.570095022064349166e+01	6.261413532259685866e+01	7.342067486846829638e+01	1.712936810599119895e+02
7.060184154707406512e-02	9.161000012102222456e+01	6.028550142684189694e+01	7.098208255244682618e+01	1.633769328909115472e+02
7.209804643667737378e-02	8.768519954749416456e+01	5.803407155874455725e+01	6.861005873290693557e+01	1.558159129158522944e+02
7.362595912628441819e-02	8.392191937315381267e+01	5.585853766122477992e+01	6.630409378306335100e+01	1.485988294454929814e+02
7.518625157238204015e-02	8.030975236192939803e+01	5.375460339958224409e+01	6.406090178639128396e+01	1.417021695901960072e+02
7.677960997166025092e-02	7.684361165712802233e+01	5.172047628748868675e+01	6.187939553247493762e+01	1.351133639841518743e+02
7.840673506279315086e-02	7.351930735059495703e+01	4.975497222238685424e+01	5.975919529860190949e+01	1.288219921786834732e+02
8.006834243461452560e-02	7.033276294502984172e+01	4.785668622595674293e+01	5.769950265098465536e+01	1.228177293274303707e+02
8.176516284082480102e-02	6.727511704072080079e+01	4.602191057651596395e+01	5.569744234939654604e+01	1.170812592098512681e+02
8.349794252136732986e-02	6.434203676113735071e+01	4.424901625891400414e+01	5.375196928543580555e+01	1.116017990107001197e+02
8.526744353061486981e-02	6.152995135584108510e+01	4.253697596046276885e+01	5.186272876355005224e+01	1.063710197439903737e+02
8.707444407251174745e-02	5.883526599508922317e+01	4.088441363045318866e+01	5.002884543566206332e+01	1.013799120460487018e+02
8.891973884281766105e-02	5.625044962499053725e+01	3.928807340907441414e+01	4.824770841039159563e+01	9.661240052147437041e+01
9.080413937860487561e-02	5.377180870522148837e+01	3.774651180511219195e+01	4.651835125949769889e+01	9.205940326404869722e+01
9.272847441516200717e-02	5.139630319000553982e+01	3.625875772649477113e+01	4.484035048190644090e+01	8.771403352538095533e+01
9.469359025046093781e-02	4.912075720405989188e+01	3.482359322210726305e+01	4.321292936988399447e+01	8.356882558678087491e+01
9.670035111734798239e-02	4.693878491075795267e+01	3.343811191667830229e+01	4.163365042781888548e+01	7.961008082973843614e+01
9.874963956362264872e-02	4.484723462432327068e+01	3.210106082441767938e+01	4.010168017833538556e+01	7.583046618138207862e+01
1.008423568401705106e-01	4.284352285345242706e+01	3.081151591010280910e+01	3.861649465824720551e+01	7.222423094457455761e+01
1.029794232973221257e-01	4.092483335022617297e+01	2.956837020923915205e+01	3.717738711234052573e+01	6.878483175209575506e+01
1.051617787896111378e-01	3.908577043284067543e+01	2.836905614877626292e+01	3.578210927646613726e+01	6.550092927656143615e+01
1.073903830891107247e-01	3.732364007042771448e+01	2.721243308046474851e+01	3.442982853986539737e+01	6.236649268776347554e+01
1.096662163075285135e-01	3.563625047750805663e+01	2.609771264414525760e+01	3.312013134666152325e+01	5.937676327666444820e+01
1.119902793272475605e-01	3.402109753255093949e+01	2.502382036292041079e+01	3.185222094524668535e+01	5.652597452450524429e+01
1.143635942415015677e-01	3.247363780122974930e+01	2.398852758242455963e+01	3.062410319495556976e+01	5.380487141270029383e+01
1.167872048038782751e-01	3.099156489439976525e+01	2.299081314147644761e+01	2.943500349282187400e+01	5.120843052201601608e+01
1.192621768873494831e-01	2.957301882962118000e+01	2.202995873445522790e+01	2.828447968705447479e+01	4.873262611963338742e+01
1.217895989530276418e-01	2.821577937768600108e+01	2.110496917184275745e+01	2.717176954924961407e+01	4.637247867305926263e+01
1.243705825288575900e-01	2.691602327673929551e+01	2.021389541737475071e+01	2.609506495796233239e+01	4.412040324510986977e+01
1.270062626984522769e-01	2.567177682266527583e+01	1.935580750729841526e+01	2.505359881739158823e+01	4.197221996169898262e+01
1.296977986002878502e-01	2.448146119128531595e+01	1.853010688065818812e+01	2.404704393922424899e+01	3.992456130251630952e+01
1.324463739374786009e-01	2.334311331509323395e+01	1.773581149300483872e+01	2.307452848457392491e+01	3.797310320092524449e+01
1.352531974983535168e-01	2.225351825935264571e+01	1.697125074756146645e+01	2.213448488081662902e+01	3.611166478416258485e+01
1.381195036880665805e-01	2.121098782339951327e+01	1.623559721236986064e+01	2.122620800795704810e+01	3.433672519989405458e+01
1.410465530714722360e-01	2.021418151690440723e+01	1.552829904431629338e+01	2.034932998919182623e+01	3.264545925177189645e+01
1.440356329275057634e-01	1.926136836744750980e+01	1.484846033236449969e+01	1.950304562563529487e+01	3.103418715668571792e+01
1.470880578153118678e-01	1.834984707702247064e+01	1.419461555558407717e+01	1.868591579430450267e+01	2.949781949124529490e+01
1.502051701523716420e-01	1.747817444082089366e+01	1.356603594360628762e+01	1.789729649888217011e+01	2.803342589159538889e+01
1.533883408048797858e-01	1.664521209777809929e+01	1.296219641521133958e+01	1.713678921165224267e+01	2.663854130339061754e+01
1.566389696906345663e-01	1.584943783411814699e+01	1.238232707508432640e+01	1.640370130906716639e+01	2.531020982711890710e+01
1.599584863947036695e-01	1.508858384833739308e+01	1.182510446848060859e+01	1.569666475380848780e+01	2.404408060865544527e+01
1.633483507981373095e-01	1.436141715860120804e+01	1.128991276083279516e+01	1.501513069421163671e+01	2.283780794066704090e+01
1.668100537200059019e-01	1.366697091302894229e+01	1.077625925132413087e+01	1.435868206636689770e+01	2.168926575863355666e+01
1.703451175730422984e-01	1.300391008070854859e+01	1.028344030665893705e+01	1.372665463233253824e+01	2.059595778315807735e+01
1.739550970331800450e-01	1.237033254962781115e+01	9.810319378739540852e+00	1.311784697894412588e+01	1.955432213804981600e+01
1.776415797232799298e-01	1.176518570939441055e+01	9.356321178875358413e+00	1.253170159806229123e+01	1.856233006771316241e+01
1.814061869113461622e-01	1.118764831749969701e+01	8.921050308904160175e+00	1.196790130715704237e+01	1.761833331491618182e+01
1.852505742235391883e-01	1.063655268804870602e+01	8.503814130320336062e+00	1.142572379333847543e+01	1.672007252553357759e+01
1.891764323722997243e-01	1.011030504392295448e+01	8.103661438232141023e+00	1.090415366330358182e+01	1.586468972986365600e+01
1.931854878999012814e-01	9.608007518416251003e+00	7.720065105469692490e+00	1.040264801067604594e+01	1.505046098224151763e+01
1.972795039377621684e-01	9.128962568152402923e+00	7.352665268626649819e+00	9.920893269670029824e+00	1.427600960816434572e+01
2.014602809818480389e-01	8.672151697629663758e+00	7.000861958760916437e+00	9.458258413483587645e+00	1.353947090046639801e+01
2.057296576845067948e-01	8.236240966947415032e+00	6.663788651322581913e+00	9.013758384682509117e+00	1.283838800739731312e+01
2.100895116630852322e-01	7.820465252633140629e+00	6.341029931419003063e+00	8.586994829442724964e+00	1.217143724595701215e+01
2.145417603256798700e-01	7.424232164562336145e+00	6.032224455439312294e+00	8.177584611495435141e+00	1.153740803635356649e+01
2.190883617143895290e-01	7.046655856203420498e+00	5.736834755756943238e+00	7.784954444759973669e+00	1.093470392054315887e+01
2.237313153664367560e-01	6.686621229791243515e+00	5.454141273952051172e+00	7.408281938609413864e+00	1.036137149588541106e+01
2.284726631935388719e-01	6.343477013205943926e+00	5.183732624743812245e+00	7.047113420121841720e+00	9.816198237131262161e+00
2.333144903799153069e-01	6.016720268853772424e+00	4.925322311042671153e+00	6.701163522391408556e+00	9.298278294492165585e+00
2.382589262993237145e-01	5.705582780326791337e+00	4.678418963926659124e+00	6.369876261244796112e+00	8.806237621810131699e+00
2.433081454515323150e-01	5.409133649469128891e+00	4.442389028828476860e+00	6.052502998320928640e+00	8.338421814280765787e+00
2.484643684186368384e-01	5.126819232733015319e+00	4.216882633859320606e+00	5.748651518126258075e+00	7.893863320586232746e+00
2.537298628416438939e-01	4.858212741564915227e+00	4.001647033921554630e+00	5.458057625222918041e+00	7.471799747705000883e+00
2.591069444177515613e-01	4.602650000419337140e+00	3.796229426088851611e+00	5.180187887913732858e+00	7.071053965399570984e+00
2.645979779187619951e-01	4.359355045493804148e+00	3.600096065955936897e+00	4.914397090064743345e+00	6.690293224793986582e+00
2.702053782310787078e-01	4.127857926859749504e+00	3.412940863455049545e+00	4.660332942153467606e+00	6.328701114204199563e+00
2.759316114177428059e-01	3.907796725198230181e+00	3.234529832751094069e+00	4.417735047348345212e+00	5.985621966855157794e+00
2.817791958029755572e-01	3.698599045411119501e+00	3.064464046516098161e+00	4.186115679083488139e+00	5.660078655912177403e+00
2.877507030797054055e-01	3.499619142843734210e+00	2.902293304879519198e+00	3.964925247758698035e+00	5.350999696302537245e+00
2.938487594405665426e-01	3.310458787916556567e+00	2.747742385164614554e+00	3.753836080704863409e+00	5.057676523896287968e+00
3.000760467328633108e-01	3.130811356841828985e+00	2.600603994286762255e+00	3.552601008584772568e+00	4.779569381033095254e+00
3.064353036380134121e-01	2.960185203668774800e+00	2.460532980329912078e+00	3.360795716072372930e+00	4.515866127006159303e+00
3.129293268759847368e-01	2.798043936366787054e+00	2.327136563354555321e+00	3.177923724489581936e+00	4.265667893378779496e+00
3.195609724352570513e-01	2.644050753607329884e+00	2.200175365811932071e+00	3.003689982944436121e+00	4.028407032946068611e+00
3.263331568288500573e-01	2.497946193014982885e+00	2.079471704005681154e+00	2.837880579133301939e+00	3.803631164194487546e+00
3.332488583769670498e-01	2.359309455667149447e+00	1.964719142661128348e+00	2.680107282078755926e+00	3.590653365123619878e+00
3.403111185168231634e-01	2.227695890189758998e+00	1.855583193300827327e+00	2.529938184657758882e+00	3.388737751621223815e+00
3.475230431402304698e-01	2.102821273473386210e+00	1.751855480510690732e+00	2.387109532262450706e+00	3.197403398561159626e+00
3.548878039595292910e-01	1.984466382353607283e+00	1.653382377108812751e+00	2.251431632584777631e+00	3.016290145860376359e+00
3.624086399024666338e-01	1.872272398311450203e+00	1.559894949771103434e+00	2.122555685258332936e+00	2.844823448694823842e+00
3.700888585366366446e-01	1.765871549619493219e+00	1.471108116531011811e+00	2.000105537648152687e+00	2.682392706908991009e+00
3.779318375241043637e-01	1.665024576627015973e+00	1.386842402412942432e+00	1.883848809331654994e+00	2.528603222203973822e+00
3.859410261068597081e-01	1.569546596798575555e+00	1.306965063010868233e+00	1.773618326949774726e+00	2.383155761972643560e+00
3.941199466237500504e-01	1.479132849174378039e+00	1.231240668309230957e+00	1.669102082002880127e+00	2.245560897017036872e+00
4.024721960595590287e-01	1.393479905606670011e+00	1.159430737296185621e+00	1.569980577925847776e+00	2.115332187120919194e+00
4.110014476269163164e-01	1.312386915140936861e+00	1.091379921115387619e+00	1.476048014811324860e+00	1.992146031434181452e+00
4.197114523817274123e-01	1.235698300265887895e+00	1.026969756305134762e+00	1.387148438070275436e+00	1.875745314134184882e+00
4.286060408728412652e-01	1.163156293770466698e+00	9.659979514822352176e-01	1.303010580120792072e+00	1.765722609390657061e+00
4.376891248266767120e-01	1.094511239855429086e+00	9.082673533961609369e-01	1.223368638898594041e+00	1.661686830168263018e+00
4.469646988675492483e-01	1.029595050935948386e+00	8.536445343501459782e-01	1.148042043303366233e+00	1.563367218615477006e+00
4.564368422744575216e-01	9.682771476896080420e-01	8.020272246949773365e-01	1.076893903702489164e+00	1.470552904828168472e+00
4.661097207750954374e-01	9.103404731392290561e-01	7.532399081865406298e-01	1.009683678036913168e+00	1.382903292958285402e+00
4.759875883778879602e-01	8.555802326736859920e-01	7.071170857096900075e-01	9.461848168910701462e-01	1.300099091696431008e+00
4.860747892428489703e-01	8.038562380745941649e-01	6.635473120874165742e-01	8.862456754971341777e-01	1.221923345016175944e+00
4.963757595920870180e-01	7.550592179168184037e-01	6.224429875581500848e-01	8.297460836095061909e-01	1.148202050014503373e+00
5.068950296608012440e-01	7.090072491247755293e-01	5.836539200129110538e-01	7.764778424950296021e-01	1.078649885757255511e+00
5.176372256896176749e-01	6.655328902124166834e-01	5.470424885506255386e-01	7.262507748861928292e-01	1.013006996491425671e+00
5.286070719591531297e-01	6.245196602946289088e-01	5.125136619984796971e-01	6.789334291972903834e-01	9.510934869702082350e-01
5.398093928676924724e-01	5.858764283210958768e-01	4.799928593656883069e-01	6.344219619150170963e-01	8.927666409502463818e-01
5.512491150528981976e-01	5.494514691280504293e-01	4.493536266071851970e-01	5.925397971630059768e-01	8.377932115502706445e-01
5.629312695584811621e-01	5.151083722931162345e-01	4.204827755246953735e-01	5.531294646474979038e-01	7.859641379232529257e-01
5.748609940467923618e-01	4.827507516407783528e-01	3.933005657542545941e-01	5.160794581992843577e-01	7.371327815090625846e-01
5.870435350582976497e-01	4.523028930909567813e-01	3.677436194882808818e-01	4.813003830908051950e-01	6.911821845453336444e-01
5.994842503189414806e-01	4.236389128925319159e-01	3.437056500863790443e-01	4.486429068276730492e-01	6.479187214490534918e-01
6.121886110964055439e-01	3.966481127066836532e-01	3.210935688219002104e-01	4.179765348858406893e-01	6.071735360214086663e-01
6.251622046063020077e-01	3.712510885211520728e-01	2.998402177651957046e-01	3.892062874774618320e-01	5.688254287140697141e-01
6.384107364693620834e-01	3.473851991625060975e-01	2.798923845429917567e-01	3.622563538324211074e-01	5.327786731676864562e-01
6.519400332206916060e-01	3.249465694941376936e-01	2.611620730098990206e-01	3.370030140089925186e-01	4.988758910894474097e-01
6.657560448722088520e-01	3.038457429609575655e-01	2.435731233654407912e-01	3.133386870063723517e-01	4.669817403213045170e-01
6.798648475293831428e-01	2.840176183401619814e-01	2.270700731940548112e-01	2.911847848895034452e-01	4.369977953385681957e-01
6.942726460634290886e-01	2.654106082351243012e-01	2.116087053530576745e-01	2.704780255210907369e-01	4.088462282177402485e-01
7.089857768401280902e-01	2.479394863060566390e-01	1.971161006613795508e-01	2.511155374100478288e-01	3.823982704050545300e-01
7.240107105064845783e-01	2.315322862623969968e-01	1.835308579746357527e-01	2.330107758808211693e-01	3.575458923950846080e-01
7.393540548364295750e-01	2.161359059011827011e-01	1.708071186112556372e-01	2.160982199583224295e-01	3.342092482969454825e-01
7.550225576368376768e-01	2.017080724894181054e-01	1.589082385876953440e-01	2.003252878240049106e-01	3.123247903741633857e-01
7.710231097151263313e-01	1.881792753863710810e-01	1.477745141638525939e-01	1.856078013564236573e-01	2.917880247351832823e-01
7.873627479097432547e-01	1.754918957801497870e-01	1.373563434984884923e-01	1.718755775293364096e-01	2.725127120579978190e-01
8.040486581848822478e-01	1.636028537846285769e-01	1.276165944551052311e-01	1.590759205300007750e-01	2.544346204110775056e-01
8.210881787907730045e-01	1.524776942286979742e-01	1.185251382024289230e-01	1.471654626808371613e-01	2.375020518186587437e-01
8.384888034909533383e-01	1.420600735209055776e-01	1.100333381966693003e-01	1.360756900195792263e-01	2.216305207160664259e-01
8.562581848579297050e-01	1.323040935470504997e-01	1.021016725574620115e-01	1.257509527477244093e-01	2.067515371483751863e-01
8.744041376386801900e-01	1.231750049161965399e-01	9.469994592982833304e-02	1.161482733376697218e-01	1.928132844846129068e-01
8.929346421914835519e-01	1.146448834904571501e-01	8.780381635858357237e-02	1.072328957267170424e-01	1.797743475569475724e-01
9.118578479955742333e-01	1.066683494475329508e-01	8.137404413703001882e-02	9.894972442035550320e-02	1.675667146427198551e-01
9.311820772351820930e-01	9.920903598881751495e-02	7.537928663022096243e-02	9.125475212163969285e-02	1.561363140431657470e-01
9.509158284595223831e-01	9.223908111488952899e-02	6.979544088912217892e-02	8.411400272619649898e-02	1.454418018095566811e-01
9.710677803203476843e-01	8.573598881502438041e-02	6.460264586610654780e-02	7.749898131717529448e-02	1.354496908768624552e-01
9.916467953887124764e-01	7.966344927313576130e-02	5.976978722916907738e-02	7.136650572212839549e-02	1.261058067699466767e-01
1.012661924052612461e+00	7.399280826663699739e-02	5.527220984940572207e-02	6.568218139887535556e-02	1.173675518586719813e-01
1.034122408497234025e+00	6.870186521230017829e-02	5.109056424654232625e-02	6.041872868818708858e-02	1.092019161518810177e-01
1.056037686769547568e+00	6.377261005231742164e-02	4.720913209500125080e-02	5.555392747407404686e-02	1.015822943114191024e-01
1.078417396929040706e+00	5.917618536245473210e-02	4.360327107728010493e-02	5.105380124781381396e-02	9.446559824936021088e-02
1.101271381286411888e+00	5.489014457641875483e-02	4.025372170073761302e-02	4.689172143728068815e-02	8.781838661423362058e-02
1.124609690732098155e+00	5.089691203958702365e-02	3.714525809607369111e-02	4.304642407085376016e-02	8.161457317542969436e-02
1.148442589156521310e+00	4.718216226475472480e-02	3.426544469760207240e-02	3.950049392011970029e-02	7.583304078976706164e-02
1.172780557964020254e+00	4.372311784835420517e-02	3.159482795806720090e-02	3.622732697577965566e-02	7.043946886877593128e-02
1.197634300682437924e+00	4.050230023306877064e-02	2.911857169611242399e-02	3.320665705548569296e-02	6.540787392954626467e-02
1.223014747670394531e+00	3.750588722898526295e-02	2.682474575744922193e-02	3.042199735177439357e-02	6.071768750371647066e-02
1.248933060924324545e+00	3.472255987382757286e-02	2.470358763226391044e-02	2.785980745962528607e-02	5.635221042776328987e-02
1.275400638987373769e+00	3.213446491097090435e-02	2.274009520281452396e-02	2.549991703055536074e-02	5.228467194765688830e-02
1.302429121962336289e+00	2.972807580626254595e-02	2.092281861188688419e-02	2.332681140669089909e-02	4.849487463653002345e-02
1.330030396630823342e+00	2.749259567682118058e-02	1.924257104433553869e-02	2.132801195269616937e-02	4.496671883956874366e-02
1.358216601680917401e+00	2.541914184708667090e-02	1.769169270371602487e-02	1.949299014350180242e-02	4.168694739544553246e-02
1.387000133045610317e+00	2.349381914163080343e-02	1.625860061910714902e-02	1.780638275996447237e-02	3.863456232339504415e-02
1.416393649354382722e+00	2.170622506226892179e-02	1.493460586534855680e-02	1.625660673600497902e-02	3.579403248271638416e-02
1.446410077500298819e+00	2.004798372198731207e-02	1.371265891246679393e-02	1.483421348537640808e-02	3.315285520849677731e-02
1.477062618325094778e+00	1.851217241359407947e-02	1.258689216298757713e-02	1.353128412314471424e-02	3.070073935322378822e-02
1.508364752424737887e+00	1.708805311100415614e-02	1.154848110929794849e-02	1.233630741621469934e-02	2.842144095379246782e-02
1.540330246078020826e+00	1.576767670150162198e-02	1.059084043951554442e-02	1.124063828528340872e-02	2.630291825153528024e-02
1.572973157300799230e+00	1.454459042771067724e-02	9.708584415913641338e-03	1.023716263119226789e-02	2.433544673740909228e-02
1.606307842028519950e+00	1.341343662043769161e-02	8.897241816908388334e-03	9.319957825907007956e-03	2.251106085000677964e-02
1.640348960429783842e+00	1.236597593146636538e-02	8.150156381323268515e-03	8.480503093521045421e-03	2.081723488028349930e-02
1.675111483353698638e+00	1.139617297409464478e-02	7.462396161408223205e-03	7.712433958500523185e-03	1.924480805051394586e-02
1.710610698913865635e+00	1.049909114760129610e-02	6.829908796901721681e-03	7.010505111679078520e-03	1.778627727188001467e-02
1.746862219211904321e+00	9.670612933508900694e-03	6.249293261095731356e-03	6.370284584167226240e-03	1.643546533689583047e-02
1.783881987203444153e+00	8.904460981503350275e-03	5.715575136462228319e-03	5.785539963764010571e-03	1.518278350168966034e-02
1.821686283709640364e+00	8.196082399750361652e-03	5.225092224891196568e-03	5.251634513068589166e-03	1.402124020275902563e-02
1.860291734577268707e+00	7.541726754635129024e-03	4.774807670656733977e-03	4.764712933144544214e-03	1.294509120163295744e-02
1.899715317990559260e+00	6.938251638009238637e-03	4.362181469365697048e-03	4.321540743603121369e-03	1.194960092598014098e-02
1.939974371937992492e+00	6.380908122643445118e-03	3.983514295090317264e-03	3.917576199516425821e-03	1.102746634008877798e-02
1.981086601837313665e+00	5.866283725513335087e-03	3.636112875774295036e-03	3.549484509685352836e-03	1.017341437593098641e-02
2.023070088322156401e+00	5.391548862647095597e-03	3.317729746878999349e-03	3.214476656723072156e-03	9.383080905837767882e-03
2.065943295193674256e+00	4.954321862331740114e-03	3.026477158847051905e-03	2.910200436966531908e-03	8.652849996013093833e-03
2.109725077540682392e+00	4.551035071893077578e-03	2.759631358208948417e-03	2.633390552456339132e-03	7.977178204784392268e-03
2.154434690031884259e+00	4.179147085647046990e-03	2.515220662842652596e-03	2.381658262376202834e-03	7.352091103084104455e-03
2.200091795383838367e+00	3.836537676408693920e-03	2.291601231843892923e-03	2.153012111056346132e-03	6.774301461394169332e-03
2.246716473008353532e+00	3.521414040921977667e-03	2.087384290325632746e-03	1.945766257595899287e-03	6.241065090459043535e-03
2.294329227843169949e+00	3.231114342247971057e-03	1.900571256157941634e-03	1.757578502686395639e-03	5.748169277344282110e-03
2.342950999369765697e+00	2.963757832420894824e-03	1.729743064340345934e-03	1.586776244391948764e-03	5.292673241002675624e-03
2.392603170822269476e+00	2.717766520912975013e-03	1.573703460815188389e-03	1.431943898479696433e-03	4.872122923745493724e-03
2.443307578591545681e+00	2.491799903987805022e-03	1.431434602243106388e-03	1.291879836469437886e-03	4.484426403975655569e-03
2.495086521828544068e+00	2.283885347697427529e-03	1.301488839460905470e-03	1.164928613574430817e-03	4.126432174548213747e-03
2.547962772251191943e+00	2.092639652202953841e-03	1.182852085843244484e-03	1.049928025117295716e-03	3.795966164369256497e-03
2.601959584159102334e+00	1.916896157635154894e-03	1.074655479224237648e-03	9.458769451029397108e-04	3.491166183605503605e-03
2.657100704660517732e+00	1.755659106868183699e-03	9.761603652143739391e-04	8.519245418311729165e-04	3.210469646673643537e-03
2.713410384115983121e+00	1.607476251373851899e-03	8.863366782924994710e-04	7.669306852141724888e-04	2.951547068898553207e-03
2.770913386803353973e+00	1.471336492320675935e-03	8.044507205244147202e-04	6.900728436839828270e-04	2.712767226253100065e-03
2.829635001808795014e+00	1.346382856891030055e-03	7.298881673128374556e-04	6.206657915523422888e-04	2.492772065400253225e-03
2.889601054148607684e+00	1.231880382013955276e-03	6.621163867508443775e-04	5.581125886990406185e-04	2.290386497011554900e-03
2.950837916126738403e+00	1.126766794224744747e-03	6.003964844569254248e-04	5.016173924777579674e-04	2.103865770981849011e-03
3.013372518932980082e+00	1.030307372564195478e-03	5.442176590852663412e-04	4.506269443239971774e-04	1.932036584723276565e-03
3.077232364486974792e+00	9.418765878836653791e-04	4.931371498902972685e-04	4.046592979905841696e-04	1.773874106893033207e-03
3.142445537533192557e+00	8.609353144801305856e-04	4.467770897775829729e-04	3.633051403599771322e-04	1.628513228903246020e-03
3.209040717992251324e+00	7.867113860574394312e-04	4.046176822417556218e-04	3.260217337807071094e-04	1.494680502972874038e-03
3.277047193573979555e+00	7.186739836107270156e-04	3.662956482663062385e-04	2.924260538321380560e-04	1.371497494784178857e-03
3.346494872657771680e+00	6.563693040425627907e-04	3.315032288459783820e-04	2.621951538631607168e-04	1.258225833114303208e-03
3.417414297445926952e+00	5.994042310169127351e-04	2.999698653820214410e-04	2.350436910135743427e-04	1.154216240417186819e-03
3.489836657395697816e+00	5.472208748429240781e-04	2.713323791575810882e-04	2.106052674185015074e-04	1.058539534584115958e-03
3.563793802936028321e+00	4.994378643895128027e-04	2.453376644664685951e-04	1.886215561559058428e-04	9.705579625178551708e-04
3.639318259474964901e+00	4.557279230799855048e-04	2.217686652697350882e-04	1.688711526741578652e-04	8.897268771666426782e-04
3.716443241703908829e+00	4.158060412876184078e-04	2.004376085811288564e-04	1.511636825204970178e-04	8.155744265560842992e-04
3.795202668205029717e+00	3.792715029474667495e-04	1.810901094076438494e-04	1.352502300564238159e-04	7.474176128703901830e-04
3.875631176368202979e+00	3.458517776621851283e-04	1.635511759874196580e-04	1.209580543425538973e-04	6.847974051461293288e-04
3.957764137624104617e+00	3.153121817633254120e-04	1.476701550614795263e-04	1.081389103560552559e-04	6.273172677639418356e-04
4.041637673000112230e+00	2.874472152741972051e-04	1.333156670017723974e-04	9.666379247492498943e-05	5.746303799951187237e-04
4.127288669005872102e+00	2.619706799692601384e-04	1.203119835402179723e-04	8.636679532404043728e-05	5.262416759809571826e-04
4.214754793855508552e+00	2.386888259115529367e-04	1.085390696247265016e-04	7.713357810836938449e-05	4.818211349334703287e-04
4.304074514033643162e+00	2.174342870349855073e-04	9.789253738410000501e-05	6.886480312858793613e-05	4.410799675293655816e-04
4.395287111212434539e+00	1.980596662463846632e-04	8.828140626850121235e-05	6.147434863156342531e-05	4.037667788427933826e-04
4.488432699527177050e+00	1.803616663283646668e-04	7.958490431806201882e-05	5.485216435671956851e-05	3.695230747033069279e-04
4.583552243217979161e+00	1.642032227647990115e-04	7.172117570619643214e-05	4.892317127568144853e-05	3.381116586175266620e-04
4.680687574645305382e+00	1.494656036479281587e-04	6.461843150963791427e-05	4.362130118490820514e-05	3.093249434446731692e-04
4.779881412687339015e+00	1.360436116503853951e-04	5.821422144130310151e-05	3.888978939026397757e-05	2.829807644400185061e-04
4.881177381527165515e+00	1.237935907847856473e-04	5.242596445183637379e-05	3.465599085438652227e-05	2.588206172840033640e-04
4.984620029838152888e+00	1.126190325368305842e-04	4.719792555012582142e-05	3.087059146827517608e-05	2.366751185092397138e-04
5.090254850375883322e+00	1.024361294960741487e-04	4.248139543765260228e-05	2.749057303518224208e-05	2.163950302463178244e-04
5.198128299985286915e+00	9.317015480538565046e-05	3.823341660267506452e-05	2.447821983159975031e-05	1.978486001468086669e-04
5.308287820031761584e+00	8.472010511430852183e-05	3.439829889385922590e-05	2.178656693539379741e-05	1.808516397988943860e-04
5.420781857265304815e+00	7.701833067939700521e-05	3.093810211691300997e-05	1.938316691259327841e-05	1.652825729634216291e-04
5.535659885126738011e+00	7.000595906523824187e-05	2.782004944503548659e-05	1.724025730990642855e-05	1.510350645623425800e-04
5.652972425505520704e+00	6.363014286894062171e-05	2.501473512430223947e-05	1.533294898713261837e-05	1.380143187281630812e-04
5.772771070958623518e+00	5.782020830371855172e-05	2.248464490084907565e-05	1.363083304766050795e-05	1.260889393712745087e-04
5.895108507400270703e+00	5.252893492040487661e-05	2.020427432257077788e-05	1.211296593258818263e-05	1.151721770358278389e-04
6.020038537272556667e+00	4.771515519775951003e-05	1.815164762956371892e-05	1.076148148492060408e-05	1.051893235327400260e-04
6.147616103207036886e+00	4.334164992077009867e-05	1.630672885865324742e-05	9.560071242385085563e-06	9.607121519093860440e-05
6.277897312187818990e+00	3.935919497086225009e-05	1.464445577702912366e-05	8.489242366020105724e-06	8.772512816258588170e-05
6.410939460226692255e+00	3.573496097576552938e-05	1.314776659613300459e-05	7.535542916675780177e-06	8.008987843960542420e-05
6.546801057561175696e+00	3.244028591424612365e-05	1.180186377309075557e-05	6.687385444728823411e-06	7.311182674067705570e-05
6.685541854386596761e+00	2.944905836853677197e-05	1.059336561580456904e-05	5.934381108615133922e-06	6.674208811576497517e-05
6.827222867133428963e+00	2.672714515347391332e-05	9.505515064549877161e-06	5.264000884209470557e-06	6.091496418109074851e-05
6.971906405301561804e+00	2.425180740327694621e-05	8.526974291650649070e-06	4.667674108894079592e-06	5.558714695233026341e-05
7.119656098863218929e+00	2.200317229699065582e-05	7.647848051263759911e-06	4.137959434776594576e-06	5.072081329053665079e-05
7.270536926246596643e+00	1.996298639599078969e-05	6.859210343551143423e-06	3.668235629032040983e-06	4.628105423065878831e-05
7.424615242912579127e+00	1.810768150437856963e-05	6.149931349017506778e-06	3.250519244107119998e-06	4.222156877852140041e-05
7.581958810536977289e+00	1.642156279322438121e-05	5.512485648118101572e-06	2.879357244560112638e-06	3.851198164095795721e-05
7.742636826811277295e+00	1.489090546474149300e-05	4.940348129832775205e-06	2.549762964803448908e-06	3.512561797234568599e-05
7.906719955874896399e+00	1.350299134081946082e-05	4.427524330457240582e-06	2.258350001088452315e-06	3.203749990969955168e-05
8.074280359392364659e+00	1.224161335234132545e-05	3.966696073788243897e-06	1.999223863541318972e-06	2.921536276208221817e-05
8.245391728289099831e+00	1.109597390633833306e-05	3.552902280755628897e-06	1.769233882951251690e-06	2.663776457094577937e-05
8.420129315159766037e+00	1.005662983186534060e-05	3.181419119104366896e-06	1.564984392708444142e-06	2.428588575616840906e-05
8.598569967363353328e+00	9.114745417192235034e-06	2.849478076221188762e-06	1.385030061977583136e-06	2.214218041709763236e-05
8.780792160819700598e+00	8.259220256221993199e-06	2.551068811294007744e-06	1.224964197833036320e-06	2.018396482702042175e-05
8.966876034522190508e+00	7.482648043508534064e-06	2.283327395539978182e-06	1.083037041608406880e-06	1.839625088854341493e-05
9.156903425781846906e+00	6.778149740498056186e-06	2.043068025057911562e-06	9.572154104570192907e-07	1.676591154701652850e-05
9.350957906218383187e+00	6.140817929115101465e-06	1.828743328454740018e-06	8.463206888685399922e-07	1.528047557598720724e-05
9.549124818513869073e+00	5.561864386567724935e-06	1.636115986555140801e-06	7.478431418843018315e-07	1.392416246331619774e-05
9.751491313945386707e+00	5.036627873301596222e-06	1.463419311342099772e-06	6.601516484420715653e-07	1.268645031049713291e-05
9.958146390713055851e+00	4.560451335974889152e-06	1.308749234238022548e-06	5.834471905938353946e-07	1.155787974179371054e-05
1.016918093308028581e+01	4.129803336054233898e-06	1.170549580275306799e-06	5.149042937452549972e-07	1.053073043053010063e-05
1.038468775134352740e+01	3.738835590971865941e-06	1.046582723840362533e-06	4.545475602483303073e-07	9.592862441288365279e-06
1.060476162264905220e+01	3.384324920829410552e-06	9.350893952393029210e-07	4.011930446188508330e-07	8.737366002988434618e-06
1.082949933267470577e+01	3.063261030278450487e-06	8.361709206116988235e-07	3.539110277397281571e-07	7.957887840536273933e-06
1.105899971819510696e+01	2.772717396226913078e-06	7.473715567137032722e-07	3.123841465227916468e-07	7.248170534284559406e-06
1.129336371054865928e+01	2.509215131025372010e-06	6.673779173182783463e-07	2.755291054714695123e-07	6.600642137219203471e-06
1.153269438002595848e+01	2.270398681010164483e-06	5.962040451060628856e-07	2.428577544279502652e-07	6.010209781335969136e-06
1.177709698119876869e+01	2.054224391134257926e-06	5.324253146698334484e-07	2.141496341160166115e-07	5.472465251321553147e-06
1.202667899920963279e+01	1.858676475993955672e-06	4.756696534878698372e-07	1.887597012010189491e-07	4.982985045655382683e-06
1.228155019704247053e+01	1.681408239833742826e-06	4.247357697540705865e-07	1.663282098686597855e-07	4.536550109590530274e-06
1.254182266379493349e+01	1.520819204312924364e-06	3.790877064600077963e-07	1.465851281440257499e-07	4.129628959551460738e-06
1.280761086397376225e+01	1.375525373663253724e-06	3.384330648819535127e-07	1.291566013017739947e-07	3.759138820351418655e-06
1.307903168783481007e+01	1.244142385230359284e-06	3.020631805273242135e-07	1.137379590217778053e-07	3.422014172731109469e-06
1.335620450278989146e+01	1.125090959511609339e-06	2.695426356376175967e-07	1.001356626081104389e-07	3.114620460343687749e-06
1.363925120590300821e+01	1.016856776329464336e-06	2.405382261715064161e-07	8.828596968851758084e-08	2.834529096647140174e-06
1.392829627749924271e+01	9.197933222046139239e-07	2.146265235771501948e-07	7.751632767013350345e-08	2.579607639180629049e-06
1.422346683590943783e+01	8.316638966824997833e-07	1.914373806966412922e-07	6.830775140513784587e-08	2.347687132568454293e-06
1.452489269337533528e+01	7.513809808640819771e-07	1.707234149624413244e-07	6.018254753581599739e-08	2.136295789101634275e-06
1.483270641313931115e+01	6.791781549338624516e-07	1.522790773438155947e-07	5.302435580836492992e-08	1.943723266388887258e-06
1.514704336774399174e+01	6.142627134287258757e-07	1.358015300071545727e-07	4.652308961983929290e-08	1.768521451414853318e-06
1.546804179856737527e+01	5.548205138983222174e-07	1.210494687238079353e-07	4.096943031035089247e-08	1.609159822107402435e-06
1.579584287661962527e+01	5.013607229690265591e-07	1.078833136880198072e-07	3.607106112832783619e-08	1.463943312458333196e-06
1.613059076462826624e+01	4.530534390861578403e-07	9.628844314957520620e-08	3.176140411722759178e-08	1.331697554131033576e-06
1.647243268043913034e+01	4.092283770686932151e-07	8.560073801785388210e-08	2.784814347853459697e-08	1.211406974129316362e-06
1.682151896176083383e+01	3.698608810223406238e-07	7.636624493716278046e-08	2.450811862608221065e-08	1.102020813477446428e-06
1.717800313228151410e+01	3.341144111577782881e-07	6.812063774277520716e-08	2.156485459799980599e-08	1.002365090922862644e-06
1.754204196918641045e+01	3.016976201480162587e-07	6.077083146483182026e-08	1.897560724869804950e-08	9.112723514089435216e-07
1.791379557210657580e+01	2.725252559871971126e-07	5.400159203794211798e-08	1.662783212011740918e-08	8.291311336988228221e-07
1.829342743352862044e+01	2.462601619679039512e-07	4.815412340371114770e-08	1.462415646522218480e-08	7.541152874743016926e-07
1.868110451069663469e+01	2.223878733015878363e-07	4.293605170657573488e-08	1.286009603772076092e-08	6.853947958945577440e-07
1.907699729903783492e+01	2.007257528773591030e-07	3.828763366993383348e-08	1.130951426647637557e-08	6.231092450858541875e-07
1.948127990714428748e+01	1.812617411862195174e-07	3.400708776889683064e-08	9.903694875784569700e-09	5.665885753547167111e-07
1.989413013334363711e+01	1.636248644799333884e-07	3.031235235048077329e-08	8.705419843174944207e-09	5.152940052431163759e-07
2.031572954389253738e+01	1.476969451721602287e-07	2.701614606206084878e-08	7.650655793722388639e-09	4.684777824344252765e-07
2.074626355282718393e+01	1.335067498458921213e-07	2.408135171788052503e-08	6.724209138476943131e-09	4.257950184631375461e-07
2.118592150350598402e+01	1.204081448581377294e-07	2.138065933479733135e-08	5.885265705660773051e-09	3.871008968928917740e-07
2.163489675188052530e+01	1.086433841708137548e-07	1.904975653204631563e-08	5.170051445477016110e-09	3.518635479218932737e-07
2.209338675153079734e+01	9.816687141004980459e-08	1.697176675477785375e-08	4.541219648027923304e-09	3.199652244530425189e-07
2.256159314050291798e+01	8.871612965479430996e-08	1.512245317832743473e-08	3.989211838620430705e-09	2.907363782352267255e-07
2.303972182998693796e+01	7.987825306324949889e-08	1.342058645254175850e-08	3.489228797008907859e-09	2.642570077653490147e-07
2.352798309487394945e+01	7.216160337297249276e-08	1.195315548974804707e-08	3.063669419853228309e-09	2.401409967835977414e-07
2.402659166623228870e+01	6.518913259221603343e-08	1.064523167671212591e-08	2.689572571286695077e-09	2.182137099232891539e-07
2.453576682574353285e+01	5.890120551806531701e-08	9.481671874066195158e-09	2.361322760287202651e-09	1.983521485613197170e-07
2.505573250213976877e+01	5.302165900279339926e-08	8.411606012339602070e-09	2.064376032201521922e-09	1.802473992431907865e-07
2.558671736968459953e+01	4.788956450457350394e-08	7.488948237518014267e-09	1.811555901523862558e-09	1.637472251926897643e-07
2.612895494874115698e+01	4.325353687432251815e-08	6.666926244294579521e-09	1.589440976788467204e-09	1.487549964275246299e-07
2.668268370847132687e+01	3.907383325766369633e-08	5.936351956663174630e-09	1.394872330839199754e-09	1.353257881021171031e-07
2.724814717171165412e+01	3.516589970455936146e-08	5.264280593158944324e-09	1.218737455784408144e-09	1.228324498217347848e-07
2.782559402207125743e+01	3.175575007205906779e-08	4.685192206348855538e-09	1.068942144848503084e-09	1.115473993394353289e-07
2.841527821329990999e+01	2.867592890142578838e-08	4.169563855287829210e-09	9.374594636103193885e-10	1.014399917465659533e-07
2.901745908097360527e+01	2.589998819724776813e-08	3.711214457437679905e-09	8.222116926480394170e-10	9.226622623611387484e-08
2.963240145654703639e+01	2.330468672279815676e-08	3.289858787425824933e-09	7.180179793571033012e-10	8.361852002265276630e-08
3.026037578382308624e+01	2.104059204826664908e-08	2.926994364382902115e-09	6.294771794501426813e-10	7.602849874839248392e-08
3.090165823789054755e+01	1.899624715612896699e-08	2.603885825124533803e-09	5.517391667843390118e-10	6.912755993353454294e-08
3.155653084658241525e+01	1.715407517078028502e-08	2.316854923314036170e-09	4.836705170016574146e-10	6.286535174170968446e-08
3.222528161450811979e+01	1.543183401565440186e-08	2.053129105905453784e-09	4.221920936388753803e-10	5.696334658513932301e-08
3.290820464971425707e+01	1.392977859753826771e-08	1.825972569276348201e-09	3.699175570662554666e-10	5.178288860949663108e-08
3.360560029302952501e+01	1.257377897671945627e-08	1.623830584596219214e-09	3.240691694673298303e-10	4.707402711711977554e-08
3.431777525015100849e+01	1.135216864868438049e-08	1.444405683602292538e-09	2.839789277185155941e-10	4.280242597038593337e-08
3.504504272652905428e+01	1.021009897480685810e-08	1.279463975483212310e-09	2.477323698158024310e-10	3.877473112682771068e-08
3.578772256511129513e+01	9.214293824701934165e-09	1.137489269148987511e-09	2.169457819055469270e-10	3.524096154442991253e-08
3.654614138700539883e+01	8.315482826116398506e-09	1.011248444310674618e-09	1.899810066262228975e-10	3.202975496261998698e-08
3.732063273512289925e+01	7.505931654928557218e-09	8.991642571193813379e-10	1.663846917610175358e-10	2.911683041049827934e-08
3.811153722086707774e+01	6.749080980697162964e-09	7.961630377726161949e-10	1.450655544085297464e-10	2.636981770156293495e-08
3.891920267392951160e+01	6.089320292003691663e-09	7.075761472735584834e-10	1.269824264633874082e-10	2.396081331962611106e-08
3.974398429526115706e+01	5.493922288397735906e-09	6.288001658041339657e-10	1.111390536975984330e-10	2.177132749941703656e-08
4.058624481328516254e+01	4.957765236148518261e-09	5.588776617039259454e-10	9.727961451709944480e-11	1.978564188634250292e-08
4.144635464342010778e+01	4.456492535717381904e-09	4.946549877950143590e-10	8.477080966203974523e-11	1.791308148613802871e-08
4.232469205098434628e+01	4.019624618179483549e-09	4.394389356927612774e-10	7.416566272406438482e-11	1.627136165458092712e-08
4.322164331755172384e+01	3.625434899191994956e-09	3.903373024393974362e-10	6.487230726531039935e-11	1.477911172546130124e-08
4.413760291083362119e+01	3.270535291736748070e-09	3.467772547816876385e-10	5.674971703830358310e-11	1.342611650165635605e-08
4.507297365816076251e+01	2.938705992740524852e-09	3.067845315777896493e-10	4.942491740304689788e-11	1.215011690209470965e-08
4.602816692364147144e+01	2.649572804211083901e-09	2.724112436261776039e-10	4.321739502174722691e-11	1.103172317255749427e-08
4.700360278907441369e+01	2.388719433708080021e-09	2.418456247555151362e-10	3.777748924301260583e-11	1.001505491678430524e-08
4.799971023869517950e+01	2.153906811861720222e-09	2.147458277928018843e-10	3.302761171000670986e-11	9.093542075722412658e-09
4.901692734783804895e+01	1.934337785230038638e-09	1.898716731225049727e-10	2.874673040427875697e-11	8.224342927373199641e-09
5.005570147559598126e+01	1.743056344825911702e-09	1.684882051880704423e-10	2.511668789809527819e-11	7.462425037324739160e-09
5.111648946156338980e+01	1.570501106403959970e-09	1.494846656398376279e-10	2.193888569904314628e-11	6.769971363397984544e-09
5.219975782674825382e+01	1.415193645924068230e-09	1.326433337122998030e-10	1.916618312172149187e-11	6.142437804350995933e-09
5.330598297874255564e+01	1.269948847741540697e-09	1.171886873662508465e-10	1.666861641931566741e-11	5.550447452904985945e-09
5.443565142123959077e+01	1.143434018130775477e-09	1.039032323754055191e-10	1.455060727002847971e-11	5.031508143660618024e-09
5.558925996799251124e+01	1.029310161864345288e-09	9.210091614050103055e-11	1.269773307036591087e-11	4.559920086355327548e-09
5.676731596130657209e+01	9.266017854614916900e-10	8.164525411692692730e-11	1.108205431958322360e-11	4.132592747070925061e-09
5.797033749516177181e+01	8.305286236511403579e-10	7.205161419658977403e-11	9.627281124895196855e-12	3.729363248889693491e-09
5.919885364306400533e+01	7.468484116296011353e-10	6.380624476593998615e-11	8.394013250037920610e-12	3.375903916518254096e-09
6.045340469072480261e+01	6.713597738349864966e-10	5.648261092751608543e-11	7.315530824479493067e-12	3.054651196670649695e-09
6.173454237367209174e+01	6.034192569107652544e-10	4.999590445019279245e-11	6.375489415227623216e-12	2.763530766054650592e-09
6.304283011989645757e+01	5.398469158367858968e-10	4.404410186403121105e-11	5.529326510555352738e-12	2.488732109252449622e-09
6.437884329763940627e+01	4.844665204888935103e-10	3.893058302372616572e-11	4.812589097919113351e-12	2.247832559956216411e-09
6.574316946843353549e+01	4.344937994502997476e-10	3.438810234397067587e-11	4.185785805240670704e-12	2.028790461638212967e-09
6.713640864550379206e+01	3.895039671382948482e-10	3.036427181748734420e-11	3.639464267989953661e-12	1.830202133227337519e-09
6.855917355764610477e+01	3.473812490136450524e-10	2.667138718272118525e-11	3.147736313235031528e-12	1.642634306468993348e-09
7.001208991869765441e+01	3.106636990631014594e-10	2.350043603151358376e-11	2.731896326569085690e-12	1.478157199553528156e-09
7.149579670271769771e+01	2.775054593143585170e-10	2.068137701225697487e-11	2.367931181968877370e-12	1.328431757967158682e-09
7.301094642500031284e+01	2.476247831056408341e-10	1.818263347241821868e-11	2.050581954399616004e-12	1.192529712387897307e-09
7.455820542904223203e+01	2.196122675291909697e-10	1.588677049982381341e-11	1.764642179721070222e-12	1.063982256534218924e-09
7.613825417959219521e+01	1.951499752015456949e-10	1.391432988556332712e-11	1.522961836283769300e-12	9.510447501973104109e-10
7.775178756191070306e+01	1.730113782981453994e-10	1.215939459987304169e-11	1.311514453301088676e-12	8.480381407578280181e-10
7.939951518737163383e+01	1.530056747742494743e-10	1.059995774738620854e-11	1.126712815779844598e-12	7.542345587484250021e-10
8.108216170554010205e+01	1.341887299351337964e-10	9.163206065448071136e-12	9.598219760034542680e-13	6.651949958091752433e-10
8.280046712286477373e+01	1.176678556938975709e-10	7.922914132511549363e-12	8.181437463279048710e-13	5.864801067689141363e-10
8.455518712812224180e+01	1.026178944475264404e-10	6.814819021736024546e-12	6.939367023511861531e-13	5.142490258520504769e-10
8.634709342475994731e+01	8.889478461219492225e-11	5.823715658716294598e-12	5.849062154520922063e-13	4.478428101029095737e-10
8.817697407028136070e+01	7.584354712120086106e-11	4.901240050574724780e-12	4.855080583410138428e-13	3.840800175391153618e-10
9.004563382282356088e+01	6.415701806594847244e-11	4.091000440444485995e-12	3.998260608370533658e-13	3.265207484273097358e-10
9.195389449507966617e+01	5.321873648071150105e-11	3.349017475135763803e-12	3.229928943460150084e-13	2.721837306566845796e-10
9.390259531572145590e+01	4.280564210963270579e-11	2.659076835710810563e-12	2.531440489222489267e-13	2.199656852596964822e-10
9.589259329848152902e+01	3.220967132392193928e-11	1.975931689637730565e-12	1.857709096384119350e-13	1.663156563905850696e-10
9.792476361905691817e+01	2.111811568721560539e-11	1.279925861602456341e-12	1.188970573549787960e-13	1.095438918184668022e-10
