# Data associated with arXiv:2110.09653
# 
# Scale-free velocity distribution, f(E), of a nfw1-4 dark matter distribution (see Eq. 13 and the surrounding discussion)
# 
# Published: 3/29/22, Jack Runburg, contact: runburg@hawaii.edu
# 
# 
# -----------------------------------------------------------------
# 
# 	 tilde E 	 | 	 tilde f
# 
# -----------------------------------------------------------------
1.041666364817714786e-03	7.682522358984027100e+10
1.052194968543185543e-03	7.417759763195315552e+10
1.062829987674933103e-03	7.155704586691778564e+10
1.073572497776632047e-03	6.897264266045004272e+10
1.084423585281669208e-03	6.646236291427043915e+10
1.095384347602969006e-03	6.396936521282160187e+10
1.106455893243948104e-03	6.155023053920372772e+10
1.117639341910566832e-03	5.922258042924203491e+10
1.128935824624534203e-03	5.698295761360827637e+10
1.140346483837644410e-03	5.482802836820897675e+10
1.151872473547261265e-03	5.275459224452239227e+10
1.163514959412991802e-03	5.075956739788795471e+10
1.175275118874508692e-03	4.883998860510847473e+10
1.187154141270589571e-03	4.699300264811421967e+10
1.199153227959334680e-03	4.521586433769947815e+10
1.211273592439616586e-03	4.350593223003265381e+10
1.223516460473749855e-03	4.186066477834387207e+10
1.235883070211387606e-03	4.027761655337681580e+10
1.248374672314694813e-03	3.875443464932205200e+10
1.260992530084754579e-03	3.728885506306271362e+10
1.273737919589281505e-03	3.587869945899703979e+10
1.286612129791594051e-03	3.452187184931090546e+10
1.299616462680915682e-03	3.321635552635247040e+10
1.312752233403976631e-03	3.196021008866031265e+10
1.326020770397938389e-03	3.075156843656725311e+10
1.339423415524685582e-03	2.958863409766075516e+10
1.352961524206438854e-03	2.846967859928591156e+10
1.366636465562770259e-03	2.739303877779368591e+10
1.380449622548973482e-03	2.635711436554282379e+10
1.394402392095855231e-03	2.536036563722011948e+10
1.408496185250912667e-03	2.440131107682929993e+10
1.422732427320961505e-03	2.347852518758147049e+10
1.437112558016187449e-03	2.259063642279561996e+10
1.451638031595645691e-03	2.173632503798244476e+10
1.466310317014255741e-03	2.091432126418124771e+10
1.481130898071247783e-03	2.012340331001520920e+10
1.496101273560133862e-03	1.936239559540583801e+10
1.511222957420167452e-03	1.863016700509565735e+10
1.526497478889361683e-03	1.792562919582208252e+10
1.541926382659023279e-03	1.724773498097466278e+10
1.557511229029857284e-03	1.659547677372717285e+10
1.573253594069659502e-03	1.596788512698007965e+10
1.589155069772572350e-03	1.536402713340930176e+10
1.605217264219979591e-03	1.478300533364877892e+10
1.621441801742993984e-03	1.422395612326883507e+10
1.637830323086612860e-03	1.368604853665438271e+10
1.654384485575509118e-03	1.316848306646585464e+10
1.671105963281499258e-03	1.267049043175544548e+10
1.687996447192713616e-03	1.219133044661141586e+10
1.705057645384454052e-03	1.173029090711591148e+10
1.722291283191794160e-03	1.128668655376866341e+10
1.739699103383902934e-03	1.085985803884846306e+10
1.757282866340143489e-03	1.044917094526752090e+10
1.775044350227939459e-03	1.005401485223044014e+10
1.792985351182427734e-03	9.673802424019784927e+09
1.811107683487949566e-03	9.307968526049888611e+09
1.829413179761334943e-03	8.955969409756465912e+09
1.847903691137076521e-03	8.617281882991445541e+09
1.866581087454331506e-03	8.291402533939945221e+09
1.885447257445844321e-03	7.977846998337262154e+09
1.904504108928753176e-03	7.676149224426983833e+09
1.923753568997318714e-03	7.385860781907634735e+09
1.943197584217622870e-03	7.106550206203426361e+09
1.962838120824181125e-03	6.837802344296134949e+09
1.982677164918630365e-03	6.579217743039076805e+09
2.002716722670286765e-03	6.330412058916899681e+09
2.022958820518820904e-03	6.091015475092766762e+09
2.043405505378978991e-03	5.860672179160511971e+09
2.064058844847335879e-03	5.639039786829933167e+09
2.084920927411121946e-03	5.425788881383826256e+09
2.105993862659142485e-03	5.220602506282663345e+09
2.127279781494963076e-03	5.023175675313799858e+09
2.148780836351989274e-03	4.833214945906046867e+09
2.170499201410967111e-03	4.650437974911104202e+09
2.192437072819550942e-03	4.474573088639125824e+09
2.214596668914049250e-03	4.305358894174505234e+09
2.236980230443511887e-03	4.142543880985579014e+09
2.259590020796001329e-03	3.985886051513944626e+09
2.282428326227149435e-03	3.835152560648529053e+09
2.305497456091055650e-03	3.690119354535687923e+09
2.328799743073515800e-03	3.550570877403676987e+09
2.352337543427479583e-03	3.416299708442545891e+09
2.376113237211096695e-03	3.287106276211361408e+09
2.400129228527918789e-03	3.162798553495248795e+09
2.424387945769751647e-03	3.043191777396798611e+09
2.448891841861770315e-03	2.928108170985977650e+09
2.473643394510198143e-03	2.817376681396923542e+09
2.498645106452471697e-03	2.710832724451904774e+09
2.523899505709913203e-03	2.608317939782276154e+09
2.549409145842895796e-03	2.509679955135639668e+09
2.575176606208747897e-03	2.414772160308749199e+09
2.601204492221992088e-03	2.323453490776044369e+09
2.627495435617470138e-03	2.235588217151845455e+09
2.654052094715922232e-03	2.151045739675168037e+09
2.680877154692387718e-03	2.069700403825549364e+09
2.707973327847142033e-03	1.991431298139094114e+09
2.735343353879530603e-03	1.916122092692297220e+09
2.762990000164465988e-03	1.843660849116345882e+09
2.790916062031696676e-03	1.773939868417758703e+09
2.819124363047981544e-03	1.706855519875628710e+09
2.847617755301966574e-03	1.642308094754266739e+09
2.876399119692016684e-03	1.580201653784139633e+09
2.905471366216995713e-03	1.520443885569111824e+09
2.934837434269811987e-03	1.462945971182135820e+09
2.964500292934072953e-03	1.407622448319888592e+09
2.994462941283625515e-03	1.354391088626738787e+09
3.024728408685181148e-03	1.303172773015306950e+09
3.055299755103914328e-03	1.253891372215077400e+09
3.086180071412198203e-03	1.206473639811396599e+09
3.117372479701410737e-03	1.160849096160804987e+09
3.148880133596865943e-03	1.116949928729208708e+09
3.180706218575961308e-03	1.074710888639737844e+09
3.212853952289462453e-03	1.034069194473885536e+09
3.245326584886072500e-03	9.949644402588977814e+08
3.278127399340219350e-03	9.573385025044224262e+08
3.311259711783177094e-03	9.211354569205557108e+08
3.344726871837490345e-03	8.863014944980053902e+08
3.378532262954755255e-03	8.527848396311222315e+08
3.412679302756828348e-03	8.205356766086221933e+08
3.447171443380418927e-03	7.895060717595871687e+08
3.482012171825190835e-03	7.596499057991291285e+08
3.517205010305311103e-03	7.309228033272674084e+08
3.552753516604580802e-03	7.032820651844940186e+08
3.588661284435098672e-03	6.766866089711148739e+08
3.624931943799522549e-03	6.510969051134858131e+08
3.661569161357012755e-03	6.264749192743048668e+08
3.698576640792787182e-03	6.027840552379674911e+08
3.735958123191469339e-03	5.799891007206376791e+08
3.773717387414033363e-03	5.580561751564431190e+08
3.811858250478763165e-03	5.369526794423495531e+08
3.850384567945828486e-03	5.166472468395949006e+08
3.889300234305801372e-03	4.971096968756611943e+08
3.928609183372108737e-03	4.783109908637473583e+08
3.968315388677286573e-03	4.602231880452930331e+08
4.008422863873435660e-03	4.428194028044250607e+08
4.048935663136455504e-03	4.260737714024462700e+08
4.089857881574496257e-03	4.099614012338339686e+08
4.131193655640408302e-03	3.944583432077231407e+08
4.172947163548408958e-03	3.795415603208184242e+08
4.215122625694848330e-03	3.651888766561740637e+08
4.257724305083244315e-03	3.513789611305323243e+08
4.300756507753576360e-03	3.380912881646391749e+08
4.344223583215829285e-03	3.253061080282174349e+08
4.388129924887960651e-03	3.130044182614492178e+08
4.432479970538180658e-03	3.011679343728446364e+08
4.477278202731709358e-03	2.897790642034095526e+08
4.522529149281993843e-03	2.788208800695939660e+08
4.568237383706428775e-03	2.682770950169683993e+08
4.614407525686680875e-03	2.581320375958795249e+08
4.661044241533547974e-03	2.483706298672070205e+08
4.708152244656569479e-03	2.389783619466790855e+08
4.755736296038235583e-03	2.299412754606088996e+08
4.803801204713015541e-03	2.212459382804613411e+08
4.852351828251135618e-03	2.128794264025370181e+08
4.901393073247214266e-03	2.048293048716597557e+08
4.950929895813784010e-03	1.970836087487636805e+08
5.000967302079719137e-03	1.896308256484246254e+08
5.051510348693695820e-03	1.824598786247687638e+08
5.102564143332637830e-03	1.755601095290701687e+08
5.154133845215262341e-03	1.689212632928863466e+08
5.206224665620758779e-03	1.625334726593814790e+08
5.258841868412633680e-03	1.563872436129207909e+08
5.311990770567816961e-03	1.504734410686538219e+08
5.365676742710989711e-03	1.447832753516846001e+08
5.419905209654339931e-03	1.393082893768408000e+08
5.474681650942591835e-03	1.340403457367598563e+08
5.530011601403581056e-03	1.289716147825476527e+08
5.585900651704238731e-03	1.240945629778656662e+08
5.642354448912166587e-03	1.194019416571881026e+08
5.699378697062806517e-03	1.148867762861912996e+08
5.756979157732225461e-03	1.105423561187228858e+08
5.815161650615685573e-03	1.063622241295115054e+08
5.873932054111876550e-03	1.023401675032233894e+08
5.933296305913077218e-03	9.847020842006406188e+07
5.993260403601098976e-03	9.474659505891916156e+07
6.053830405249217492e-03	9.116379312055926025e+07
6.115012430030097867e-03	8.771647764797011018e+07
6.176812658829709812e-03	8.439952497435520589e+07
6.239237334867451384e-03	8.120800527798879147e+07
6.302292764322316512e-03	7.813717512898081541e+07
6.365985316965415072e-03	7.518247047378873825e+07
6.430321426798675521e-03	7.233949986647875607e+07
6.495307592699948659e-03	6.960403792816576362e+07
6.560950379074515990e-03	6.697201904757878929e+07
6.627256416513047782e-03	6.443953143245934695e+07
6.694232402456130535e-03	6.200281113474942744e+07
6.761885101865316994e-03	5.965823661368055642e+07
6.830221347900939863e-03	5.740232322947935015e+07
6.899248042606550418e-03	5.523171818219856173e+07
6.968972157600198877e-03	5.314319540191186219e+07
7.039400734772554777e-03	5.113365085831771791e+07
7.110540886991929821e-03	4.920009788600338250e+07
7.182399798816324621e-03	4.733966277419037372e+07
7.254984727212452494e-03	4.554958049294979125e+07
7.328303002281981449e-03	4.382719054697054625e+07
7.402362027994851233e-03	4.216993308287507296e+07
7.477169282929963835e-03	4.057534505753794312e+07
7.552732321023054862e-03	3.904105654361602664e+07
7.629058772322115309e-03	3.756478724757397920e+07
7.706156343750178092e-03	3.614434311998914927e+07
7.784032819875576908e-03	3.477761306106651574e+07
7.862696063689994866e-03	3.346256577855378762e+07
7.942154017394060031e-03	3.219724698068575561e+07
8.022414703190667434e-03	3.097977600418405607e+07
8.103486224086218354e-03	2.980834346796474606e+07
8.185376764699695343e-03	2.868120840395218879e+07
8.268094592079741276e-03	2.759669562578883395e+07
8.351648056529709443e-03	2.655319338215443492e+07
8.436045592440976140e-03	2.554915080988890305e+07
8.521295719134288488e-03	2.458307568501676247e+07
8.607407041709501383e-03	2.365353226853212714e+07
8.694388251903618567e-03	2.275913906825191155e+07
8.782248128957273123e-03	2.189856686428830028e+07
8.870995540489727202e-03	2.107053668414015323e+07
8.960639443382404853e-03	2.027381792493169382e+07
9.051188884671204291e-03	1.950722653718607128e+07
9.142653002447419588e-03	1.876962323112409562e+07
9.235041026767599678e-03	1.805991179556887969e+07
9.328362280572263104e-03	1.737703750126120821e+07
9.422626180613619465e-03	1.671998546925252676e+07
9.517842238392389478e-03	1.608777922397291660e+07
9.614020061103706327e-03	1.547947921744606458e+07
9.711169352592393181e-03	1.489418141273434833e+07
9.809299914317426081e-03	1.433101598706626706e+07
9.908421646325901375e-03	1.378914597788817063e+07
1.000854454823649035e-02	1.326776611007891782e+07
1.010967872023244354e-02	1.276610152750085108e+07
1.021183436406432506e-02	1.228340669685667008e+07
1.031502178406241282e-02	1.181896428046802431e+07
1.041925138815911339e-02	1.137208404871589690e+07
1.052453368892111892e-02	1.094210188778198138e+07
1.063087930459174872e-02	1.052837879358333349e+07
1.073829896014332451e-02	1.013029993711327203e+07
1.084680348833979950e-02	9.747273722648954019e+06
1.095640383080968144e-02	9.378730930783363059e+06
1.106711103912929282e-02	9.024123879892917350e+06
1.117893627591666494e-02	8.682925587492709979e+06
1.129189081593579870e-02	8.354629003747726791e+06
1.140598604721183330e-02	8.038746248164871708e+06
1.152123347215678641e-02	7.734807898198057897e+06
1.163764470870628544e-02	7.442362281347304583e+06
1.175523149146723116e-02	7.160974798316580243e+06
1.187400567287642990e-02	6.890227287453462370e+06
1.199397922437058124e-02	6.629717416551757604e+06
1.211516423756725525e-02	6.379058034821777605e+06
1.223757292545748707e-02	6.137876660974821076e+06
1.236121762360960046e-02	5.905814889748857357e+06
1.248611079138470421e-02	5.682527864007533528e+06
1.261226501316384252e-02	5.467683774153448641e+06
1.273969299958676617e-02	5.260963353767122142e+06
1.286840758880276707e-02	5.062059418825348839e+06
1.299842174773321347e-02	4.870676390579191968e+06
1.312974857334640172e-02	4.686529870945882984e+06
1.326240129394432206e-02	4.509346221346028149e+06
1.339639327046186247e-02	4.338862140490587801e+06
1.353173799777828389e-02	4.174824297274046112e+06
1.366844910604118543e-02	4.016988932529987302e+06
1.380654036200309499e-02	3.865121507720509078e+06
1.394602567037058448e-02	3.718996348239097744e+06
1.408691907516640418e-02	3.578396319753345102e+06
1.422923476110428236e-02	3.443112496108901221e+06
1.437298705497684279e-02	3.312943853225366212e+06
1.451819042705661603e-02	3.187696967050153296e+06
1.466485949251021548e-02	3.067185728124944959e+06
1.481300901282590551e-02	2.951231066642320249e+06
1.496265389725448189e-02	2.839660680239833426e+06
1.511380920426385818e-02	2.732308787276612129e+06
1.526649014300710677e-02	2.629015872407867108e+06
1.542071207480436371e-02	2.529628451535130851e+06
1.557649051463863912e-02	2.433998847663521301e+06
1.573384113266552628e-02	2.341984969090132974e+06
1.589277975573688204e-02	2.253450082239522599e+06
1.605332236893900963e-02	2.168262647136120126e+06
1.621548511714492394e-02	2.086296088031783700e+06
1.637928430658101495e-02	2.007428610048858682e+06
1.654473640640836962e-02	1.931543030050031142e+06
1.671185805031862037e-02	1.858526595165391918e+06
1.688066603814464620e-02	1.788270815223527141e+06
1.705117733748604675e-02	1.720671303305621725e+06
1.722340908534968421e-02	1.655627620055916486e+06
1.739737858980520274e-02	1.593043124108678894e+06
1.757310333165584132e-02	1.532824827604309190e+06
1.775060096612452940e-02	1.474883259382280987e+06
1.792988932455541126e-02	1.419132332515936112e+06
1.811098641613088575e-02	1.365489214521740098e+06
1.829391042960431396e-02	1.313874205890726764e+06
1.847867973504854072e-02	1.264210619139306713e+06
1.866531288562015695e-02	1.216424668126200791e+06
1.885382861933991572e-02	1.170445357107235817e+06
1.904424586088909743e-02	1.126204374807547312e+06
1.923658372342221257e-02	1.083635991289059166e+06
1.943086151035408257e-02	1.042676964924523723e+06
1.962709871736311937e-02	1.003266443269322161e+06
1.982531503402870307e-02	9.653458760739634745e+05
2.002553034585231526e-02	9.288589270794214681e+05
2.022776473611881745e-02	8.937513900997209130e+05
2.043203848780871662e-02	8.599711083783325739e+05
2.063837208552737543e-02	8.274678976457448443e+05
2.084678621745131646e-02	7.961934711263246136e+05
2.105730177729175229e-02	7.661013683974902378e+05
2.126993986627528574e-02	7.371468854956980795e+05
2.148472179514234956e-02	7.092870095892574172e+05
2.170166908616275037e-02	6.824803511999711627e+05
2.192080347516911845e-02	6.566870908797500888e+05
2.214214691360804829e-02	6.318689115076265298e+05
2.236572157060899221e-02	6.079889453013724415e+05
2.259154983507111539e-02	5.850117193738310598e+05
2.281965431776828215e-02	5.629031017480490264e+05
2.305005785347204530e-02	5.416302508032699116e+05
2.328278350309292283e-02	5.211615672586260480e+05
2.351785455584004536e-02	5.014666461042406736e+05
2.375529453139922295e-02	4.825162325711273588e+05
2.399512718212949702e-02	4.642821779018947273e+05
2.423737649527835797e-02	4.467373974027933436e+05
2.448206669521563184e-02	4.298558310109455488e+05
2.472922224568627897e-02	4.136124037153857644e+05
2.497886785208188604e-02	3.979829892091587535e+05
2.523102846373136837e-02	3.829443717942688381e+05
2.548572927621056000e-02	3.684742158077384811e+05
2.574299573367106950e-02	3.545510290386634297e+05
2.600285353118828718e-02	3.411541317657888285e+05
2.626532861712873104e-02	3.282636265592337004e+05
2.653044719553687009e-02	3.158603683344263700e+05
2.679823572854116501e-02	3.039259355954777566e+05
2.706872093877998181e-02	2.924426038049999624e+05
2.734192981184676435e-02	2.813933184031025157e+05
2.761788959875519089e-02	2.707616696183716413e+05
2.789662781842380465e-02	2.605318683889705280e+05
2.817817226018065960e-02	2.506887223715216969e+05
2.846255098624943594e-02	2.412176137415078410e+05
2.874979233443840723e-02	2.321044775121656130e+05
2.903992492049837018e-02	2.233357803552027908e+05
2.933297764083823284e-02	2.148985008024308190e+05
2.962897967509789399e-02	2.067801095601044362e+05
2.992796048877274101e-02	1.989685511389236490e+05
3.022994983585811785e-02	1.914522259543092805e+05
3.053497776151412740e-02	1.842199729205309413e+05
3.084307460475059146e-02	1.772610528967811551e+05
3.115427100113209516e-02	1.705651328120099206e+05
3.146859788550350479e-02	1.641222704488969466e+05
3.178608649473557007e-02	1.579228992570784758e+05
3.210676837049084020e-02	1.519578145968505705e+05
3.243067536200990031e-02	1.462181597180684621e+05
3.275783962891783141e-02	1.406954127519255271e+05
3.308829364405108109e-02	1.353813740833165357e+05
3.342207019630428350e-02	1.302681541179040214e+05
3.375920239349777807e-02	1.253481614862343849e+05
3.409972366526490412e-02	1.206140918852874020e+05
3.444366776595990387e-02	1.160589171927819552e+05
3.479106877758567778e-02	1.116758749605204503e+05
3.514196111274182910e-02	1.074584584443376516e+05
3.549637951759283816e-02	1.034004069506909291e+05
3.585435907485609586e-02	9.949569638367887819e+04
3.621593520681001821e-02	9.573853048769984161e+04
3.658114367832209640e-02	9.212333213586502825e+04
3.695002059989667409e-02	8.864473501214217686e+04
3.732260243074253525e-02	8.529757571807006025e+04
3.769892598186013605e-02	8.207688611755036982e+04
3.807902841914841130e-02	7.897788577535552031e+04
3.846294726653086415e-02	7.599597511416381167e+04
3.885072040910124425e-02	7.312672840004749014e+04
3.924238609628816210e-02	7.036588722327405412e+04
3.963798294503900754e-02	6.770935416645809892e+04
4.003754994302256148e-02	6.515318670484518952e+04
4.044112645185047455e-02	6.269359134940528747e+04
4.084875221031734893e-02	6.032691811972972937e+04
4.126046733765927066e-02	5.804965491584534902e+04
4.167631233683033454e-02	5.585842244518650114e+04
4.209632809779750851e-02	5.374996920770084398e+04
4.252055590081477848e-02	5.172116658427819493e+04
4.294903741989837542e-02	4.976900421205006569e+04
4.338181472596715216e-02	4.789058560165829840e+04
4.381893029033889081e-02	4.608312364914197678e+04
4.426042698808028975e-02	4.434393681077997462e+04
4.470634810140469706e-02	4.267044470237722271e+04
4.515673732308641414e-02	4.106016458346334548e+04
4.561163875989093786e-02	3.951070753084090393e+04
4.607109693602066264e-02	3.801977509437087429e+04
4.653515679657605625e-02	3.658515542696039483e+04
4.700386371103163624e-02	3.520472050465950451e+04
4.747726347672679564e-02	3.387642267454852117e+04
4.795540232237047867e-02	3.259829170662934848e+04
4.843832691155986608e-02	3.136843183489580770e+04
4.892608434631250808e-02	3.018501893213505900e+04
4.941872217061108602e-02	2.904629795155375905e+04
4.991628837396109436e-02	2.795057999029080383e+04
5.041883139496008276e-02	2.689624012301082257e+04
5.092640012487884699e-02	2.588171481624100488e+04
5.143904391125313919e-02	2.490549964391684261e+04
5.195681256148621668e-02	2.396614708250427793e+04
5.247975634646124404e-02	2.306226407842118715e+04
5.300792600416272954e-02	2.219251065031137841e+04
5.354137274330710711e-02	2.135559718065235938e+04
5.408014824698104822e-02	2.055028285648999736e+04
5.462430467628735103e-02	1.977537378571428417e+04
5.517389467399775455e-02	1.902972122689877870e+04
5.572897136821145653e-02	1.831221976510691820e+04
5.628958837660472808e-02	1.762180563443786377e+04
5.685579981231188990e-02	1.695745551087780768e+04
5.742766027716391525e-02	1.631818517257478015e+04
5.800522487394778326e-02	1.570304689206353760e+04
5.858854922126650183e-02	1.511112856068514520e+04
5.917768943226242584e-02	1.454155348227630020e+04
5.977270212838115687e-02	1.399347761672358683e+04
6.037364446519690592e-02	1.346608843543881085e+04
6.098057409041609395e-02	1.295860472517318158e+04
6.159354920190133337e-02	1.247027446708232310e+04
6.221262849357881569e-02	1.200037444236717420e+04
6.283787121135507581e-02	1.154820802617588561e+04
6.346933713593387594e-02	1.111310534149388695e+04
6.410708655813855683e-02	1.069442221764497117e+04
6.475118034461468941e-02	1.029153833716034933e+04
6.540167987000689021e-02	9.903857128791090872e+03
6.605864708344195979e-02	9.530804020115458115e+03
6.672214448662699970e-02	9.171826522896832103e+03
6.739223510668373995e-02	8.826393515189585742e+03
6.806898255793915331e-02	8.493992998034502307e+03
6.875245101782993806e-02	8.174132751233738418e+03
6.944270519874330694e-02	7.866339655552147633e+03
7.013981041208869338e-02	7.570157560836431003e+03
7.084383254274183306e-02	7.285147968919652158e+03
7.155483802071375965e-02	7.010889395473143850e+03
7.227289388587369856e-02	6.746975468339515828e+03
7.299806776171251232e-02	6.493015551041801700e+03
7.373042782760703961e-02	6.248634129166702223e+03
7.447004288264312544e-02	6.013469225790508062e+03
7.521698231942978985e-02	5.787172799195554944e+03
7.597131609771340388e-02	5.569410308314361828e+03
7.673311480578563770e-02	5.359859277365235357e+03
7.750244963508050311e-02	5.158209669537836817e+03
7.827939235579113586e-02	4.964163410279536947e+03
7.906401537450366557e-02	4.777433247434506484e+03
7.985639171024906668e-02	4.597742954896046285e+03
8.065659497262030186e-02	4.424826916971885112e+03
8.146469942158708621e-02	4.258429343077082194e+03
8.228077991022335336e-02	4.098304169038849977e+03
8.310491194182996477e-02	3.944214609229966754e+03
8.393717162820239774e-02	3.795932865741617206e+03
8.477763571961689781e-02	3.653239708168798188e+03
8.562638160444556445e-02	3.515924164175701662e+03
8.648348729577891303e-02	3.383783361034447353e+03
8.734903144559152954e-02	3.256621955161348978e+03
8.822309336538840252e-02	3.134251934506351972e+03
8.910575299082881817e-02	3.016492590584413392e+03
8.999709089948994267e-02	2.903169926029649105e+03
9.089718834677769366e-02	2.794116449216924593e+03
9.180612719898539886e-02	2.689171091378542314e+03
9.272399001782301309e-02	2.588178844452189878e+03
9.365085997505695481e-02	2.490990597524333225e+03
9.458682093362394405e-02	2.397462736431298254e+03
9.553195741797343432e-02	2.307457148051831609e+03
9.648635457312963737e-02	2.220841022573305509e+03
9.745009826010213316e-02	2.137486457681782667e+03
9.842327494967584300e-02	2.057270454613681522e+03
9.940597181878409183e-02	1.980074536095914709e+03
1.003982767133650700e-01	1.905784781329500447e+03
1.014002781032766198e-01	1.834291675142465920e+03
1.024120651712407404e-01	1.765489630923218328e+03
1.034337277721312509e-01	1.699277148982636845e+03
1.044653563861476092e-01	1.635556661365708351e+03
1.055070422107811240e-01	1.574234095584411762e+03
1.065588771176413513e-01	1.515219019547138259e+03
1.076209536051062621e-01	1.458424504200027059e+03
1.086933648908359890e-01	1.403766739525959565e+03
1.097762048672944607e-01	1.351165149279641810e+03
1.108695680550059598e-01	1.300542288505658234e+03
1.119735496932677266e-01	1.251823510522283641e+03
1.130882456803718045e-01	1.204936981245400148e+03
1.142137526039455481e-01	1.159813664294237697e+03
1.153501676768316081e-01	1.116387118890752390e+03
1.164975888439771928e-01	1.074593367566407323e+03
1.176561146646947220e-01	1.034370882878482007e+03
1.188258444082209847e-01	9.956604148864153103e+02
1.200068780116941014e-01	9.584049732414968048e+02
1.211993160411640319e-01	9.225497547551517528e+02
1.224032597748457712e-01	8.880419807249028281e+02
1.236188111108275506e-01	8.548308774885953198e+02
1.248460726459642844e-01	8.228675886189688526e+02
1.260851476018166606e-01	7.921050973184861732e+02
1.273361398862442040e-01	7.624981584140939503e+02
1.285991540367020514e-01	7.340032466206903337e+02
1.298742952461997835e-01	7.065784852736375115e+02
1.311616693487578922e-01	6.801835508065602198e+02
1.324613828417946781e-01	6.547796449630260440e+02
1.337735428382234582e-01	6.303294600229195339e+02
1.350982570799772742e-01	6.067970840640693950e+02
1.364356339723234723e-01	5.841479352414830828e+02
1.377857824988504287e-01	5.623487692824262467e+02
1.391488123116826625e-01	5.413675812929254789e+02
1.405248336247654772e-01	5.211735832337969896e+02
1.419139572996699628e-01	5.017371259148542322e+02
1.433162948029389483e-01	4.830296934998013967e+02
1.447319581502239383e-01	4.650238653115747525e+02
1.461610599914983932e-01	4.476932165933773717e+02
1.476037135611210360e-01	4.310123354971784693e+02
1.490600326163840084e-01	4.149567826678438678e+02
1.505301315487689306e-01	3.995030244695906845e+02
1.520141252403600929e-01	3.846284240965312051e+02
1.535121291730573434e-01	3.703111812103337570e+02
1.550242593713511696e-01	3.565303282140098418e+02
1.565506323378403897e-01	3.432657061795835034e+02
1.580913651487552141e-01	3.304978894113783099e+02
1.596465753747793037e-01	3.182081824239214143e+02
1.612163811070880248e-01	3.063786154386597218e+02
1.628009008689113857e-01	2.949918970760522825e+02
1.644002537180937196e-01	2.840313640674609701e+02
1.660145591798015685e-01	2.734809940241352137e+02
1.676439371762505071e-01	2.633253813846446292e+02
1.692885081261652769e-01	2.535496779212932950e+02
1.709483928764104765e-01	2.441396046336220707e+02
1.726237126330244787e-01	2.350814331164605164e+02
1.743145890547212196e-01	2.263619311692062013e+02
1.760211441847411018e-01	2.179683741272523321e+02
1.777435003843385319e-01	2.098885236079078709e+02
1.794817804325811450e-01	2.021105938536939277e+02
1.812361073854994176e-01	1.946232474555772001e+02
1.830066046610986652e-01	1.874155681177622341e+02
1.847933959785583447e-01	1.804770532423144402e+02
1.865966053119220425e-01	1.737976031971079749e+02
1.884163569104436720e-01	1.673674914662526021e+02
1.902527752912727133e-01	1.611773559059751904e+02
1.921059851696465537e-01	1.552181919298001844e+02
1.939761114814337051e-01	1.494813321419809711e+02
1.958632793428742302e-01	1.439584348271706915e+02
1.977676140309680142e-01	1.386414746161296137e+02
1.996892409510084565e-01	1.335227261487108024e+02
2.016282856568793191e-01	1.285947528166838083e+02
2.035848737640791883e-01	1.238504036972852873e+02
2.055591309520308496e-01	1.192827949778119461e+02
2.075511829691739085e-01	1.148852966319841045e+02
2.095611555843060192e-01	1.106515329425112526e+02
2.115891745107844335e-01	1.065753690825474536e+02
2.136353654863771545e-01	1.026508987517307077e+02
2.156998541202529152e-01	9.887243945190232353e+01
2.177827659756761125e-01	9.523451920938104820e+01
2.198842264953556058e-01	9.173187412606027635e+01
2.220043609142684782e-01	8.835944107723284446e+01
2.241432943356118090e-01	8.511234175142801917e+01
2.263011516486357344e-01	8.198588387083160001e+01
2.284780574355735339e-01	7.897555454643477901e+01
2.306741360528048179e-01	7.607700520103615816e+01
2.328895115421437956e-01	7.328605294623902466e+01
2.351243075336488242e-01	7.059867525442302849e+01
2.373786473287119170e-01	6.801099555349091474e+01
2.396526538062747069e-01	6.551928531549060608e+01
2.419464493230859270e-01	6.311995846254336584e+01
2.442601557954880709e-01	6.080955932005546316e+01
2.465938946020579114e-01	5.858476402619503887e+01
2.489477864827823461e-01	5.644237564669937512e+01
2.513219516164875156e-01	5.437931370063476066e+01
2.537165095213186339e-01	5.239261482507686907e+01
2.561315789542829013e-01	5.047942880142512934e+01
2.585672779813664168e-01	4.863700960152847586e+01
2.610237238772778467e-01	4.686271516551290262e+01
2.635010330266157053e-01	4.515400439934236942e+01
2.659993209840534334e-01	4.350842899816512244e+01
2.685187023746639090e-01	4.192363353102260248e+01
2.710592907976837607e-01	4.039735192080682680e+01
2.736211988883851531e-01	3.892740196345415171e+01
2.762045381514297016e-01	3.751168366024465683e+01
2.788094190158870722e-01	3.614817566925162851e+01
2.814359506973629355e-01	3.483493266918063114e+01
2.840842412014193963e-01	3.357008235207896973e+01
2.867543972462943680e-01	3.235182224148216790e+01
2.894465242200091049e-01	3.117841765653960451e+01
2.921607261175478421e-01	3.004819916260695223e+01
2.948971054774967016e-01	2.895955957616695997e+01
2.976557633697816674e-01	2.791095189845622926e+01
3.004367992614063732e-01	2.690088736107500722e+01
3.032403110518040457e-01	2.592793274292488093e+01
3.060663949125714267e-01	2.499070870230215391e+01
3.089151453371107858e-01	2.408788739969284620e+01
3.117866549644143226e-01	2.321819087876285792e+01
3.146810146397135965e-01	2.238038860156718712e+01
3.175983132261475661e-01	2.157329697010531433e+01
3.205386376550274918e-01	2.079577560334514530e+01
3.235020728168824800e-01	2.004672732104074839e+01
3.264887014398695220e-01	1.932509645825095390e+01
3.294986041333821669e-01	1.862986589773442248e+01
3.325318592717434463e-01	1.796005701486973294e+01
3.355885428670144499e-01	1.731472822801609723e+01
3.386687286182974432e-01	1.669297229550771533e+01
3.417724877893522084e-01	1.609391629156982262e+01
3.448998890778636195e-01	1.551672034029991565e+01
3.480509986674202860e-01	1.496057511062909029e+01
3.512258801008269482e-01	1.442470195893520035e+01
3.544245941477580097e-01	1.390835162605075936e+01
3.576471988564364213e-01	1.341080215968799294e+01
3.608937494245118560e-01	1.293135887776456272e+01
3.641642980669095309e-01	1.246935336206786360e+01
3.674588940644810675e-01	1.202414150532130499e+01
3.707775836342381837e-01	1.159510354768937290e+01
3.741204097992202326e-01	1.118164309179155502e+01
3.774874124315230617e-01	1.078318548895405193e+01
3.808786281237002136e-01	1.039917774010502249e+01
3.842940900623305622e-01	1.002908767921738686e+01
3.877338280631721923e-01	9.672402577220049480e+00
3.911978684454808786e-01	9.328628960633219336e+00
3.946862339106784190e-01	8.997291892967538729e+00
3.981989435818150125e-01	8.677933929235498667e+00
4.017360128129406904e-01	8.370114716101440422e+00
4.052974532236219285e-01	8.073410260141724137e+00
4.088832725395044054e-01	7.787412399016226949e+00
4.124934745736374420e-01	7.511728110267626768e+00
4.161280591471573365e-01	7.245978967145068061e+00
4.197870219958216853e-01	6.989800687565357329e+00
4.234703547148591096e-01	6.742842458224292734e+00
4.271780447148981752e-01	6.504766451676703198e+00
4.309100750996871509e-01	6.275247530012172170e+00
4.346664246188058911e-01	6.053972548804714471e+00
4.384470676463407268e-01	5.840639939015123794e+00
4.422519740170861025e-01	5.634959382582038323e+00
4.460811090747597851e-01	5.436651326088212777e+00
4.499344334845714610e-01	5.245446594829113351e+00
4.538119032786450679e-01	5.061085894462023838e+00
4.577134697484255832e-01	4.883319647663372010e+00
4.616390793226343159e-01	4.711907491258989999e+00
4.655886736361036227e-01	4.546617946745818095e+00
4.695621893198623775e-01	4.387228140837415857e+00
4.735595580739850874e-01	4.233523357141032228e+00
4.775807065566710641e-01	4.085296876596705928e+00
4.816255562640371357e-01	3.942349701001669260e+00
4.856940235977502129e-01	3.804490014643532980e+00
4.897860197559442130e-01	3.671533166518309077e+00
4.939014506219924772e-01	3.543301516548239327e+00
4.980402167320963080e-01	3.419623730149265572e+00
5.022022134589132492e-01	3.300334637636950230e+00
5.063873306411184050e-01	3.185275626477882760e+00
5.105954525008069567e-01	3.074293699923148715e+00
5.148264581871478951e-01	2.967241326017085790e+00
5.190802209999804129e-01	2.863977357829601722e+00
5.233566080593096137e-01	2.764363902940348172e+00
5.276554836056166486e-01	2.668268243845461907e+00
5.319767026105995944e-01	2.575566226706943240e+00
5.363201155844666834e-01	2.486135529703864311e+00
5.406855689572603874e-01	2.399856632405757306e+00
5.450729015162990576e-01	2.316616719075197839e+00
5.494819476352064136e-01	2.236306645406349158e+00
5.539125351061811031e-01	2.158821623159793646e+00
5.583644856835849879e-01	2.084060315247532991e+00
5.628376166179196449e-01	2.011924225149429812e+00
5.673317384774378969e-01	1.942320047991222154e+00
5.718466552281753490e-01	1.875157395477005995e+00
5.763821670414178699e-01	1.810347970268220363e+00
5.809380669040360434e-01	1.747808285712108001e+00
5.855141414565223634e-01	1.687457594293320318e+00
5.901101733396585391e-01	1.629217000090241729e+00
5.947259380346682223e-01	1.573011741353157911e+00
5.993612050588134066e-01	1.518769486784186773e+00
6.040157394379336298e-01	1.466419857127688298e+00
6.086892993190272660e-01	1.415895911632781390e+00
6.133816371051696859e-01	1.367132814183265044e+00
6.180925005040649456e-01	1.320067689540139311e+00
6.228216305138336573e-01	1.274640636541351180e+00
6.275687625319600338e-01	1.230793577562696361e+00
6.323336272941332270e-01	1.188470250803052908e+00
6.371159489352176131e-01	1.147617071100101693e+00
6.419154460773356385e-01	1.108182040816292790e+00
6.467318328376154835e-01	1.070114717267537374e+00
6.515648170914412063e-01	1.033367187983648128e+00
6.564141006299915038e-01	9.978929899356777655e-01
6.612793818222526543e-01	9.636469221671373209e-01
6.661603519897563164e-01	9.305858343222545015e-01
6.710566984347531294e-01	8.986681464788847107e-01
6.759681022758418090e-01	8.678536747147024277e-01
6.808942404669687809e-01	8.381036284374919765e-01
6.858347844017903538e-01	8.093806534981623502e-01
6.907894008042284595e-01	7.816487962538118950e-01
6.957577513860701002e-01	7.548733406285940140e-01
7.007394931961489215e-01	7.290207581585267382e-01
7.057342789325418142e-01	7.040587814125429666e-01
7.107417558554621762e-01	6.799563601490024034e-01
7.157615678577817775e-01	6.566834682122261180e-01
7.207933532018526712e-01	6.342111628300965975e-01
7.258367473043144669e-01	6.125115379929118031e-01
7.308913798179410559e-01	5.915576959599118112e-01
7.359568779781001657e-01	5.713236428413976942e-01
7.410328636546843484e-01	5.517844025713428691e-01
7.461189556220999552e-01	5.329158347049456346e-01
7.512147689221866376e-01	5.146946696509078212e-01
7.563199141917251733e-01	4.970984354431515206e-01
7.614340002250002959e-01	4.801053740266403302e-01
7.665566308250401084e-01	4.636947546250340668e-01
7.716874067271378701e-01	4.478464058637878775e-01
7.768259270487113399e-01	4.325407211969580779e-01
7.819717863323327744e-01	4.177591124318174587e-01
7.871245763858709665e-01	4.034834640343578083e-01
7.922838878505560345e-01	3.896961803951673464e-01
7.974493071165358327e-01	3.763805634063069339e-01
8.026204184148323373e-01	3.635203434679056267e-01
8.077968050035322367e-01	3.510997245625493424e-01
8.129780465444860216e-01	3.391037113198893116e-01
8.181637206817690133e-01	3.275176476351487342e-01
8.233534052975927109e-01	3.163273412837456777e-01
8.285466739410382031e-01	3.055194049482196639e-01
8.337430990151687427e-01	2.950805835191083748e-01
8.389422550842026149e-01	2.849980551535484796e-01
8.441437102580681140e-01	2.752598857746449967e-01
8.493470341217085329e-01	2.658542001656599707e-01
8.545517966472861993e-01	2.567694392713146812e-01
8.597575646230780633e-01	2.479947718997139450e-01
8.649639049796643553e-01	2.395195784161837926e-01
8.701703853445968972e-01	2.313335430817837213e-01
8.753765712728096560e-01	2.234268022068905124e-01
8.805820300518558685e-01	2.157898050331190920e-01
8.857863270774097852e-01	2.084133551820967767e-01
8.909890294565933067e-01	2.012885466546121271e-01
8.961897036463363220e-01	1.944067838543045712e-01
9.013879171343830432e-01	1.877597736930740613e-01
9.065832378911984346e-01	1.813394844561537766e-01
9.117752347630170284e-01	1.751382085233261776e-01
9.169634773372632441e-01	1.691484829886854002e-01
9.221475363209746812e-01	1.633630823523736786e-01
9.273269842831201037e-01	1.577750433603379854e-01
9.325013939521323847e-01	1.523776489723767946e-01
9.376703413589678737e-01	1.471644002592787104e-01
9.428334021835318435e-01	1.421290256500998550e-01
9.479901562544365001e-01	1.372654488352627877e-01
9.531401834952480945e-01	1.325678576917660445e-01
9.582830663610334421e-01	1.280306026303203726e-01
9.634183907625193388e-01	1.236481900062090383e-01
9.685457436132958176e-01	1.194153729820867094e-01
9.736647151763243579e-01	1.153270608104738082e-01
9.787748984369261107e-01	1.113783473413892111e-01
9.838758880577486154e-01	1.075644645966651741e-01
9.889672845189390049e-01	1.038808003804682079e-01
9.940486880322580987e-01	1.003229993166852435e-01
9.991197028606295660e-01	9.688674030121940950e-02
1.004179939986938441e+00	9.356782994207853144e-02
1.009229008855463627e+00	9.036236016150114847e-02
1.014266525259740703e+00	8.726647004768550708e-02
1.019292108454610490e+00	8.427638485170685367e-02
1.024305381537349735e+00	8.138851328071422531e-02
1.029305971260373820e+00	7.859940366494946873e-02
1.034293507655714262e+00	7.590569001066418964e-02
1.039267626980276304e+00	7.330409689095362946e-02
1.044227968007426233e+00	7.079151466164346207e-02
1.049174173752666528e+00	6.836491784461383447e-02
1.054105893286571893e+00	6.602135199571869395e-02
1.059022778827569899e+00	6.375801315862900109e-02
1.063924486852517282e+00	6.157217462200591934e-02
1.068810680447932260e+00	5.946118153693983471e-02
1.073681025172198211e+00	5.742248330078855018e-02
1.078535194080815440e+00	5.545360907590840549e-02
1.083372862752908672e+00	5.355220220286029814e-02
1.088193712351321008e+00	5.171596492936368639e-02
1.092997430350292509e+00	4.994265212606088106e-02
1.097783708268742275e+00	4.823012666192947467e-02
1.102552243067647986e+00	4.657632265317010467e-02
1.107302737024396189e+00	4.497923141090941906e-02
1.112034897917245635e+00	4.343691432782503109e-02
1.116748438824673784e+00	4.194750685341963603e-02
1.121443077793836229e+00	4.050920419340264811e-02
1.126118539211992342e+00	3.912025493841622681e-02
1.130774552353208229e+00	3.777897606045360623e-02
1.135410852176221397e+00	3.648374068052368663e-02
1.140027179340035612e+00	3.523297020295432236e-02
1.144623280373163077e+00	3.402514966724648482e-02
1.149198906286677424e+00	3.285881195583342795e-02
1.153753815738844279e+00	3.173253212715061722e-02
1.158287771100876773e+00	3.064494115034188323e-02
1.162800542183851427e+00	2.959471300962491017e-02
1.167291903352370319e+00	2.858057444503471489e-02
1.171761634664554075e+00	2.760128883966979363e-02
1.176209523273597846e+00	2.665565335288868493e-02
1.180635360814548562e+00	2.574252534333672932e-02
1.185038944461865640e+00	2.486079035899599332e-02
1.189420078914732004e+00	2.400936180851090743e-02
1.193778573035648938e+00	2.318721013470525713e-02
1.198114241396783575e+00	2.239333128530768269e-02
1.202426905935176205e+00	2.162674543171586028e-02
1.206716392909679358e+00	2.088652574657609909e-02
1.210982533880957668e+00	2.017176735576522648e-02
1.215225168320765992e+00	1.948158565454037247e-02
1.219444139450995834e+00	1.881514579983509239e-02
1.223639296129952481e+00	1.817163215564236017e-02
1.227810494835789745e+00	1.755024819446703022e-02
1.231957595673432992e+00	1.695024238407314213e-02
1.236080464525652678e+00	1.637087823174721707e-02
1.240178974760947517e+00	1.581143791942424270e-02
1.244253003150201708e+00	1.527124539582072442e-02
1.248302432268235007e+00	1.474963738344136840e-02
1.252327151927481230e+00	1.424596650224156658e-02
1.256327055522331371e+00	1.375962256472990086e-02
1.260302041971077092e+00	1.329000959134814079e-02
1.264252017101444192e+00	1.283654678593682680e-02
1.268176890097897358e+00	1.239867941482871577e-02
1.272076577320100155e+00	1.197587053702693811e-02
1.275950998441873319e+00	1.156760245117069430e-02
1.279800079943599123e+00	1.117337266977373039e-02
1.283623752502387472e+00	1.079269683069785865e-02
1.287421952266598391e+00	1.042510901776960014e-02
1.291194620175641239e+00	1.007015775618500496e-02
1.294941702281971363e+00	9.727405884586927745e-03
1.298663149973112940e+00	9.396433395223793839e-03
1.302358918265904553e+00	9.076835232905870049e-03
1.306028968629310061e+00	8.768217643182019821e-03
1.309673265704416334e+00	8.470201750594898854e-03
1.313291780370131612e+00	8.182422457511216371e-03
1.316884486347512651e+00	7.904526326108831172e-03
1.320451364000976957e+00	7.636171057058569432e-03
1.323992396337599242e+00	7.377028792037255978e-03
1.327507571817958087e+00	7.126781279750573836e-03
1.330996883266256869e+00	6.885121444343102366e-03
1.334460326938744501e+00	6.651753014136482615e-03
1.337897904922642489e+00	6.426387857482601836e-03
1.341309622146227509e+00	6.208752648263698472e-03
1.344695487407777224e+00	5.998579886975292236e-03
1.348055515599758225e+00	5.795608800240358190e-03
1.351389723426153822e+00	5.599594839417096868e-03
1.354698131737142042e+00	5.410297050522453952e-03
1.357980767264028721e+00	5.227480205240145686e-03
1.361237658142516960e+00	5.050924495487153082e-03
1.364468836753375047e+00	4.880413251470989977e-03
1.367674340645488984e+00	4.715735094494086579e-03
1.370854209171150861e+00	4.556692391638000883e-03
1.374008485000402180e+00	4.403088955633580395e-03
1.377137217309922557e+00	4.254734007694197309e-03
1.380240454632128522e+00	4.111450882014377334e-03
1.383318250843617703e+00	3.973064578819193206e-03
1.386370662992460367e+00	3.839403680732596507e-03
1.389397751340186726e+00	3.710307041832168300e-03
1.392399577891548335e+00	3.585616027411731976e-03
1.395376211005716405e+00	3.465176873394224064e-03
1.398327718076934234e+00	3.348846839916734194e-03
1.401254170943397659e+00	3.236483801886180355e-03
1.404155645601187885e+00	3.127948883420459802e-03
1.407032218398654999e+00	3.023110957663698636e-03
1.409883971056854257e+00	2.921842394710694700e-03
1.412710985161605759e+00	2.824021080259242738e-03
1.415513346960578289e+00	2.729527969894282331e-03
1.418291144068750231e+00	2.638248390989186495e-03
1.421044466854712418e+00	2.550071859569790021e-03
1.423773408296015619e+00	2.464890635562915627e-03
1.426478063717303790e+00	2.382602498493385616e-03
1.429158529563412605e+00	2.303108723630300104e-03
1.431814905834686513e+00	2.226311835555468913e-03
1.434447294454649358e+00	2.152119163042312804e-03
1.437055798266659190e+00	2.080442029502728007e-03
1.439640523683897833e+00	2.011193897629753174e-03
1.442201577199479612e+00	1.944290734321773521e-03
1.444739069819270805e+00	1.879651440375969176e-03
1.447253111558444605e+00	1.817199878260347505e-03
1.449743815252847678e+00	1.756860725145342706e-03
1.452211296384862793e+00	1.698560389320042784e-03
1.454655670592243766e+00	1.642229769110155595e-03
1.457077055930056098e+00	1.587801119081565585e-03
1.459475572017437495e+00	1.535209139365218420e-03
1.461851339220004098e+00	1.484391338346937109e-03
1.464204480055981694e+00	1.435286488491519614e-03
1.466535118285316353e+00	1.387836018545666886e-03
1.468843378379242948e+00	1.341983710034017627e-03
1.471129386718478482e+00	1.297674439940500876e-03
1.473393270833336599e+00	1.254855504107667535e-03
1.475635158773775046e+00	1.213476380652728096e-03
1.477855180303977001e+00	1.173487407498385480e-03
1.480053466299205533e+00	1.134840960625115936e-03
1.482230148160094574e+00	1.097491978712942422e-03
1.484385357830867003e+00	1.061395925779638413e-03
1.486519229843189960e+00	1.026509341102286275e-03
1.488631897969743267e+00	9.927918052260865760e-04
1.490723496827707883e+00	9.602034591965465321e-04
1.492794163262649354e+00	9.287050982120852128e-04
1.494844033368846192e+00	8.982603489779999355e-04
1.496873243846087442e+00	8.688334696431986330e-04
1.498881933586067916e+00	8.403896093103822938e-04
1.500870239600574196e+00	8.128949751027270652e-04
1.502838303334910419e+00	7.863168922722749577e-04
1.504786262292119536e+00	7.606255675101008867e-04
1.506714256531004104e+00	7.357907816597616035e-04
1.508622427133078592e+00	7.117825119736678838e-04
1.510510914647668956e+00	6.885731892728212070e-04
1.512379860027360357e+00	6.661358947083513430e-04
1.514229404935082623e+00	6.444442631082307167e-04
1.516059691012620503e+00	6.234731348200945808e-04
1.517870860147646495e+00	6.031982586789420842e-04
1.519663054414705616e+00	5.835959395979015574e-04
1.521436416481085629e+00	5.646433444756620602e-04
1.523191088592475761e+00	5.463187031838304553e-04
1.524927213305015794e+00	5.286008412724949729e-04
1.526644933285425054e+00	5.114691242296170092e-04
1.528344391473592356e+00	4.949039411931959592e-04
1.530025729860985617e+00	4.788862331557662685e-04
1.531689092041913502e+00	4.633974282557171793e-04
1.533334619761814288e+00	4.484197429192350592e-04
1.534962456465572389e+00	4.339358241461172211e-04
1.536572744271887725e+00	4.199294391838913863e-04
1.538165624710595925e+00	4.063845266655656823e-04
1.539741241259012794e+00	3.932850930202309490e-04
1.541299735276339788e+00	3.806166454891140530e-04
1.542841248055146774e+00	3.683647407186562100e-04
1.544365922157260096e+00	3.565150166056227582e-04
1.545873898338551378e+00	3.450544019192224249e-04
1.547365317163827303e+00	3.339698242032413961e-04
1.548840320326337006e+00	3.232483392355519681e-04
1.550299047784207129e+00	3.128782433072547099e-04
1.551741638810035351e+00	3.028477552938400267e-04
1.553168234449470608e+00	2.931451125120859377e-04
1.554578973334192371e+00	2.837598239905470910e-04
1.555973993672576050e+00	2.746812548657655176e-04
1.557353435400689934e+00	2.658987817134261214e-04
1.558717435634999315e+00	2.574029878655041876e-04
1.560066131576020254e+00	2.491842968182050562e-04
1.561399661293035646e+00	2.412331456712663220e-04
1.562718160919420507e+00	2.335409937327389900e-04
1.564021765879868964e+00	2.260991813913980006e-04
1.565310613070961310e+00	2.188990882717168870e-04
1.566584836699240979e+00	2.119330365813431574e-04
1.567844570874428634e+00	2.051932674549447188e-04
1.569089950403189881e+00	1.986720865002966423e-04
1.570321107645655800e+00	1.923623250348558951e-04
1.571538176343509896e+00	1.862569828482658950e-04
1.572741287565415425e+00	1.803493802466989051e-04
1.573930573464075833e+00	1.746329159491827429e-04
1.575106164587102064e+00	1.691012396195961710e-04
1.576268191301507526e+00	1.637483214160943064e-04
1.577416782955493701e+00	1.585682775626760669e-04
1.578552068399807329e+00	1.535553238899985237e-04
1.579674176375571504e+00	1.487039780417097432e-04
1.580783233457181636e+00	1.440089950534442309e-04
1.581879367413817405e+00	1.394651935578725772e-04
1.582962703297665641e+00	1.350676078979701341e-04
1.584033367595222952e+00	1.308114238047801880e-04
1.585091483877470564e+00	1.266919921944897464e-04
1.586137177220126038e+00	1.227047876499049437e-04
1.587170569978065382e+00	1.188455568578999249e-04
1.588191784842764243e+00	1.151100890010958548e-04
1.589200943758628970e+00	1.114943291202612229e-04
1.590198166953628700e+00	1.079943616166080327e-04
1.591183575650944260e+00	1.046062907231228836e-04
1.592157288688377248e+00	1.013266325987341367e-04
1.593119424217100732e+00	9.815183323167604170e-05
1.594070101079003710e+00	9.507830105066910785e-05
1.595009435884615634e+00	9.210290387918643000e-05
1.595937544384782081e+00	8.922243506751526541e-05
1.596854543094532675e+00	8.643365656463843593e-05
1.597760546177958707e+00	8.373375893078905546e-05
1.598655666935332009e+00	8.111981364614163936e-05
1.599540019808234348e+00	7.858886769231054003e-05
1.600413716196023683e+00	7.613840127101292681e-05
1.601276867467130716e+00	7.376583302214844925e-05
1.602129584553740882e+00	7.146850406180974870e-05
1.602971977483111266e+00	6.924401354848258366e-05
1.603804154876244059e+00	6.709006350144423869e-05
1.604626225123890748e+00	6.500431137464227321e-05
1.605438295869038079e+00	6.298455028770104575e-05
1.606240473268910396e+00	6.102869859265221093e-05
1.607032863258405442e+00	5.913464579391792793e-05
1.607815571037662705e+00	5.730042998857898029e-05
1.608588699872924188e+00	5.552411718467468261e-05
1.609352354301439636e+00	5.380377181984942594e-05
1.610106635824609000e+00	5.213768246951652703e-05
1.610851646340512922e+00	5.052411331068998611e-05
1.611587486575435824e+00	4.896129655700031178e-05
1.612314256942202428e+00	4.744761683198672828e-05
1.613032056135773828e+00	4.598155602259505108e-05
1.613740982557780868e+00	4.456155946055825260e-05
1.614441133949828355e+00	4.318607954721351180e-05
1.615132607307123935e+00	4.185375151830588597e-05
1.615815497673532386e+00	4.056325818938636552e-05
1.616489900514374023e+00	3.931316450849818789e-05
1.617155910616558057e+00	3.810217627491832955e-05
1.617813620480461845e+00	3.692910023976200514e-05
1.618463123626477262e+00	3.579268505193062031e-05
1.619104511281092895e+00	3.469178045628284958e-05
1.619737874623605300e+00	3.362524225672821828e-05
1.620363304184212705e+00	3.259199155270559760e-05
1.620980888434791378e+00	3.159097736219365317e-05
1.621590717174314911e+00	3.062111703167851430e-05
1.622192877429298186e+00	2.968146541538313579e-05
1.622787456396256545e+00	2.877105680178260679e-05
1.623374540562629642e+00	2.788894594206311827e-05
1.623954214883420288e+00	2.703426795965168937e-05
1.624526564259185291e+00	2.620611842574928189e-05
1.625091672722351666e+00	2.540365954840783936e-05
1.625649622951305107e+00	2.462610945988808790e-05
1.626200497442118476e+00	2.387264100421399019e-05
1.626744377951073739e+00	2.314247486647556158e-05
1.627281345185550343e+00	2.243494855412433159e-05
1.627811478161598879e+00	2.174932948713065165e-05
1.628334857550111092e+00	2.108484488787995797e-05
1.628851561164139872e+00	2.044090072222665681e-05
1.629361666251955665e+00	1.981685373716709689e-05
1.629865250743351979e+00	1.921200607131294197e-05
1.630362390477366308e+00	1.862583128693846404e-05
1.630853160042679884e+00	1.805773918448259509e-05
1.631337635588072654e+00	1.750708175245140370e-05
1.631815890420429849e+00	1.697337789895091652e-05
1.632287997367942944e+00	1.645610140927441010e-05
1.632754029902096171e+00	1.595468589220682762e-05
1.633214059154153963e+00	1.546866865763253364e-05
1.633668156411269390e+00	1.499756087240248606e-05
1.634116392276133478e+00	1.454089100842279605e-05
1.634558835840215885e+00	1.409821001600480848e-05
1.634995556902936409e+00	1.366907104256450840e-05
1.635426622808995534e+00	1.325307579093974902e-05
1.635852101715766338e+00	1.284980831739296630e-05
1.636272059968440828e+00	1.245882807056112588e-05
1.636686565050945008e+00	1.207975569724944746e-05
1.637095681089665966e+00	1.171227928928379015e-05
1.637499473226822211e+00	1.135600577045577293e-05
1.637898006195355194e+00	1.101056452962386312e-05
1.638291342613505952e+00	1.067565183435494037e-05
1.638679545931029491e+00	1.035091658346472038e-05
1.639062678098875736e+00	1.003603243373107704e-05
1.639440800871886372e+00	9.730716764817886648e-06
1.639813974482154046e+00	9.434682911634769892e-06
1.640182259577174007e+00	9.147625369544647590e-06
1.640545715553821893e+00	8.869240382366782086e-06
1.640904402021871267e+00	8.599259583087699686e-06
1.641258376793060858e+00	8.337470026624311259e-06
1.641607696876159705e+00	8.083604460926279307e-06
1.641952420596770601e+00	7.837373305458012485e-06
1.642292603725806321e+00	7.598583251942556127e-06
1.642628301704263771e+00	7.367000096581436736e-06
1.642959570720853302e+00	7.142362263623352315e-06
1.643286464994218266e+00	6.924501439927655421e-06
1.643609037706194709e+00	6.713203926324351363e-06
1.643927343717594969e+00	6.508220237925561623e-06
1.644241435245985761e+00	6.309400603591656604e-06
1.644551363862045035e+00	6.116554640076670681e-06
1.644857182586024980e+00	5.929454364518953993e-06
1.645158941874194536e+00	5.747962346782406300e-06
1.645456691768947710e+00	5.571903892444794895e-06
1.645750483302029110e+00	5.401066946327772106e-06
1.646040365390551985e+00	5.235339847356400866e-06
1.646326386414373344e+00	5.074675779971531760e-06
1.646608591672241051e+00	4.918781525144702903e-06
1.646887036727443743e+00	4.767271766354063523e-06
1.647161767985562131e+00	4.620251416378658023e-06
1.647432825262467926e+00	4.477790603160659744e-06
1.647700258288201214e+00	4.339560828790289067e-06
1.647964112318004881e+00	4.205361379757170571e-06
1.648224433360935492e+00	4.075116100832760143e-06
1.648481265219863712e+00	3.948713163316883905e-06
1.648734652695095004e+00	3.826035484858991203e-06
1.648984638715192519e+00	3.706966873552235669e-06
1.649231267005722756e+00	3.591388114865403306e-06
1.649474579963472909e+00	3.479194843019749533e-06
1.649714619652459469e+00	3.370289618220523734e-06
1.649951427798336923e+00	3.264568323295062254e-06
1.650185045328039113e+00	3.161920034255187943e-06
1.650415513855574057e+00	3.062252232475461866e-06
1.650642872291091079e+00	2.965486955968485222e-06
1.650867161459049548e+00	2.871527932493199387e-06
1.651088419625217796e+00	2.780284169223859314e-06
1.651306686678230662e+00	2.691670431365912294e-06
1.651522000008931457e+00	2.605607055996776045e-06
1.651734398364486101e+00	2.522011208312756067e-06
1.651943918685662815e+00	2.440809092133820557e-06
1.652150598118588887e+00	2.361924964119385612e-06
1.652354473521662648e+00	2.285288908965354934e-06
1.652555580261100054e+00	2.210826759913347845e-06
1.652753955336294878e+00	2.138459479854477958e-06
1.652949633237614790e+00	2.068140493077676710e-06
1.653142648444952734e+00	1.999776093468755967e-06
1.653333038007766875e+00	1.933303850209268354e-06
1.653520832392412210e+00	1.868725178990278564e-06
1.653706066242756734e+00	1.805940686827357150e-06
1.653888773939470092e+00	1.744857279872226617e-06
1.654068987673703806e+00	1.685458777757183785e-06
1.654246739198710570e+00	1.627679053835458487e-06
1.654422062420545236e+00	1.571440050771674031e-06
1.654594987635150671e+00	1.516722107486210741e-06
1.654765546213836425e+00	1.463506926310514840e-06
1.654933767036930181e+00	1.411697061578099141e-06
1.655099685427152023e+00	1.361196668268143284e-06
1.655263328848999516e+00	1.312014875597814846e-06
1.655424727253025807e+00	1.264117004349631223e-06
1.655583910355082677e+00	1.217408269070863850e-06
1.655740908873047701e+00	1.171873191588513839e-06
1.655895747547307284e+00	1.127504884288946589e-06
1.656048457127266671e+00	1.084221033729105730e-06
1.656199064923487008e+00	1.041959705532898268e-06
1.656347599512589808e+00	1.000687530377902991e-06
1.656494087628374690e+00	9.603675435592836232e-07
1.656638556410906737e+00	9.209587326329431088e-07
1.656781032298797918e+00	8.824060946716396255e-07
1.656921542481830212e+00	8.446658562500369875e-07
1.657060111890048537e+00	8.077010728918817377e-07
1.657196766878430205e+00	7.714569797748017368e-07
1.657331532696747267e+00	7.358809138382117598e-07
1.657464434464559044e+00	7.009279605370238933e-07
1.657595496671360413e+00	6.665447479507066030e-07
1.657724743745090823e+00	6.326629368551910506e-07
1.657852200698900491e+00	5.992195296564303380e-07
1.657977890057674930e+00	5.661507503087585886e-07
1.658101836493464099e+00	5.328678144664073015e-07
1.658224062521084008e+00	5.002987139069714238e-07
1.658344591281470048e+00	4.678161695266680824e-07
1.658463445737434760e+00	4.352879252018414058e-07
1.658580647445998535e+00	4.025477370999557753e-07
1.658696219609365530e+00	3.693715411445540171e-07
1.658810183592790422e+00	3.354797616189047039e-07
1.658922560147594316e+00	3.004536879277812874e-07
1.659033371827829173e+00	2.636334977550961155e-07
1.659142639845448075e+00	2.239606541125693735e-07
1.659250383125032258e+00	1.793475591423329687e-07
1.659356623362413297e+00	1.243195636341018019e-07
1.659461380368237204e+00	0.000000000000000000e+00
