# Data associated with arXiv:2110.09653
# 
# Scale-free velocity distribution, f(E), of a einasto0-20 dark matter distribution (see Eq. 13 and the surrounding discussion)
# 
# Published: 3/29/22, Jack Runburg, contact: runburg@hawaii.edu
# 
# 
# -----------------------------------------------------------------
# 
# 	 tilde E 		 | 		 tilde f
# 
# -----------------------------------------------------------------
1.572744509700548483e-07	7.808077237979602051e+11
1.621764074535535886e-07	7.513760015541932373e+11
1.672295782447392914e-07	7.218160033472926025e+11
1.724385732475936723e-07	6.922792101024498291e+11
1.778081410095084296e-07	6.632373049364710693e+11
1.833431728259227335e-07	6.342149690407249756e+11
1.890487069642732457e-07	6.060017089898510742e+11
1.949299330106277035e-07	5.790462631686904297e+11
2.009921963425087046e-07	5.532924422690151367e+11
2.072410027314753955e-07	5.286865717511506958e+11
2.136820230791490594e-07	5.051773791062333374e+11
2.203210982904762539e-07	4.827158861764240723e+11
2.271642442880970218e-07	4.612553063013416138e+11
2.342176571718382223e-07	4.407509460951868286e+11
2.414877185274114779e-07	4.211601116314880981e+11
2.489810008885591324e-07	4.024420188334304199e+11
2.567042733569629290e-07	3.845577078842557373e+11
2.646645073843745315e-07	3.674699614949520264e+11
2.728688827215557647e-07	3.511432268153906250e+11
2.813247935387039578e-07	3.355435408826539307e+11
2.900398547222237756e-07	3.206384593843684082e+11
2.990219083527745843e-07	3.063969886273684082e+11
3.082790303697231914e-07	2.927895205738700562e+11
3.178195374272139687e-07	2.797877707804516602e+11
3.276519939472447559e-07	2.673647191056146240e+11
3.377852193752889890e-07	2.554945531106752014e+11
3.482282956441110090e-07	2.441526139758085327e+11
3.589905748516434847e-07	2.333153448468492432e+11
3.700816871588791024e-07	2.229602414995866089e+11
3.815115489139694448e-07	2.130658052156245422e+11
3.932903710088083675e-07	2.036114977838731689e+11
4.054286674746356333e-07	1.945776984885177612e+11
4.179372643232923824e-07	1.859456630691867981e+11
4.308273086409886121e-07	1.776974844728656921e+11
4.441102779416344274e-07	1.698160554071929932e+11
4.577979897869159955e-07	1.622850325534384460e+11
4.719026116805850759e-07	1.550888023783685913e+11
4.864366712445266075e-07	1.482124484853345642e+11
5.014130666844804881e-07	1.416417204366446838e+11
5.168450775534060196e-07	1.353630039535121002e+11
5.327463758207563790e-07	1.293632924745430298e+11
5.491310372561533486e-07	1.236301599695421143e+11
5.660135531361100370e-07	1.181517349740752411e+11
5.834088422827953853e-07	1.129166758056015167e+11
6.013322634439444751e-07	1.079141468593664246e+11
6.197996280233926199e-07	1.031337959958119965e+11
6.388272131718487561e-07	9.856573291862802124e+10
6.584317752478515618e-07	9.420050853842929077e+10
6.786305636591197071e-07	9.002909524254598999e+10
6.994413350946998126e-07	8.604286806272309875e+10
7.208823681587207867e-07	8.223358668306993103e+10
7.429724784167018065e-07	7.859337824825086975e+10
7.657310338658044184e-07	7.511472094781773376e+10
7.891779708405846158e-07	7.179042832698088074e+10
8.133338103661852021e-07	6.861363431164083862e+10
8.382196749712446971e-07	6.557777889156266022e+10
8.638573059730038183e-07	6.267659445222025299e+10
8.902690812475988929e-07	5.990409271470111847e+10
9.174780334986757640e-07	5.725455226235725403e+10
9.455078690380010213e-07	5.472250662204745483e+10
9.743829870919292830e-07	5.230273288267354584e+10
1.004128499648062989e-06	4.999024082095701599e+10
1.034770251856816606e-06	4.778026250948339844e+10
1.066334843002863963e-06	4.566824240054478455e+10
1.098849648062036339e-06	4.364982784076103210e+10
1.132342839859415737e-06	4.172086001923703003e+10
1.166843411845015550e-06	3.987736531513764954e+10
1.202381201503657238e-06	3.811554703505999756e+10
1.238986914416208361e-06	3.643177751663910675e+10
1.276692148989817386e-06	3.482259059072180939e+10
1.315529421875065760e-06	3.328467437451368713e+10
1.355532194088689306e-06	3.181486438995473099e+10
1.396734897860700211e-06	3.041013698860932922e+10
1.439172964225542104e-06	2.906760307273473358e+10
1.482882851377133128e-06	2.778450209293312836e+10
1.527902073808341136e-06	2.655819631705258560e+10
1.574269232255976845e-06	2.538616535396437836e+10
1.622024044472733608e-06	2.426600092337141418e+10
1.671207376848363482e-06	2.319540185667964935e+10
1.721861276902608166e-06	2.217216932319131088e+10
1.774029006673330265e-06	2.119420226919883347e+10
1.827755077023568360e-06	2.025949306042874146e+10
1.883085282892055072e-06	1.936612331884610367e+10
1.940066739512366428e-06	1.851225994632686996e+10
1.998747919626295204e-06	1.769615132453292465e+10
2.059178691718043815e-06	1.691612368544648170e+10
2.121410359296105904e-06	1.617057764343248558e+10
2.185495701250808625e-06	1.545798488322840118e+10
2.251489013315810536e-06	1.477688499319445229e+10
2.319446150662811001e-06	1.412588244247171974e+10
2.389424571659486541e-06	1.350364369185953331e+10
2.461483382821134202e-06	1.290889443429659843e+10
2.535683384987739094e-06	1.234041695655143929e+10
2.612087120758452168e-06	1.179704762178019905e+10
2.690758923216806023e-06	1.127767446147301483e+10
2.771764965980353124e-06	1.078123487602332497e+10
2.855173314609554734e-06	1.030671343844691277e+10
2.941053979411646706e-06	9.853139794688613892e+09
3.029478969675733886e-06	9.419586658709814072e+09
3.120522349376869619e-06	9.005167896075426102e+09
3.214260294387125018e-06	8.609036694135005951e+09
3.310771151233301023e-06	8.230383811930754662e+09
3.410135497441314422e-06	7.868435910607070923e+09
3.512436203508635412e-06	7.522453955673106194e+09
3.617758496547235073e-06	7.191731692370657921e+09
3.726190025640105473e-06	6.875594188075159073e+09
3.837820928956158341e-06	6.573396439847648621e+09
3.952743902668659333e-06	6.284522044096362114e+09
4.071054271724234032e-06	6.008381925085049629e+09
4.192850062509940543e-06	5.744413121109856606e+09
4.318232077467517935e-06	5.492077623434920311e+09
4.447303971705146324e-06	5.250861267849330902e+09
4.580172331657760367e-06	5.020272675347670555e+09
4.716946755849061574e-06	4.799842239654785156e+09
4.857739937808705994e-06	4.589121160468510628e+09
5.002667751200407985e-06	4.387680519147282600e+09
5.151849337217210683e-06	4.195110395794499397e+09
5.305407194302055871e-06	4.011019025812541962e+09
5.463467270253252199e-06	3.835031993512261391e+09
5.626159056775246209e-06	3.666791462283213139e+09
5.793615686537564631e-06	3.505955438140851021e+09
5.965974032805152211e-06	3.352197067064060211e+09
6.143374811706077051e-06	3.205203962768631935e+09
6.325962687203037121e-06	3.064677564668248177e+09
6.513886378837383483e-06	2.930332524669480801e+09
6.707298772316106263e-06	2.801896120657525539e+09
6.906357033013056961e-06	2.679107696651061058e+09
7.111222722458724921e-06	2.561718127427369595e+09
7.322061917893124649e-06	2.449489307164906979e+09
7.539045334959699832e-06	2.342193660790346146e+09
7.762348453618575980e-06	2.239613677065271854e+09
7.992151647360246441e-06	2.141541506393746614e+09
8.228640315802717984e-06	2.047778313761460543e+09
8.472005020756155999e-06	1.958134312979022503e+09
8.722441625842568478e-06	1.872427935682076931e+09
8.980151439758383048e-06	1.790485680050649643e+09
9.245341363271710841e-06	1.712141711316913843e+09
9.518224040046235874e-06	1.637237521937718868e+09
9.799018011387924061e-06	1.565621607029653788e+09
1.008794787501094931e-05	1.497149185379952431e+09
1.038524444792316605e-05	1.431681776788172483e+09
1.069114493353285514e-05	1.369087081854798555e+09
1.100589309308075547e-05	1.309238697268002033e+09
1.132973942150489335e-05	1.252015715140255451e+09
1.166294132784646232e-05	1.197302618449567080e+09
1.200576332030929856e-05	1.144988890874850273e+09
1.235847719608679822e-05	1.094969062109359503e+09
1.272136223607337729e-05	1.047142151940966487e+09
1.309470540458018864e-05	1.001411728644448876e+09
1.347880155417700950e-05	9.576855877579816580e+08
1.387395363578634146e-05	9.158755988809511662e+08
1.428047291415665589e-05	8.758975139423352480e+08
1.469867918884656779e-05	8.376708018068255186e+08
1.512890102085345769e-05	8.011184821497299671e+08
1.557147596502347453e-05	7.661669684635255337e+08
1.602675080838320690e-05	7.327459184432686567e+08
1.649508181453562228e-05	7.007880902580934763e+08
1.697683497426770376e-05	6.702292055130320787e+08
1.747238626251827927e-05	6.410078181125782728e+08
1.798212190186007121e-05	6.130651896562198400e+08
1.850643863265193068e-05	5.863451689983444214e+08
1.904574399002138265e-05	5.607940790055001974e+08
1.960045658784116297e-05	5.363606058085163832e+08
2.017100640986622961e-05	5.129956959340686202e+08
2.075783510820349077e-05	4.906524552181038857e+08
2.136139630928698683e-05	4.692860544249081016e+08
2.198215592753908321e-05	4.488536375596439838e+08
2.262059248689816997e-05	4.293142345754405260e+08
2.327719745040070625e-05	4.106286787791603804e+08
2.395247555800752786e-05	3.927595265578904152e+08
2.464694517286860882e-05	3.756709817509834766e+08
2.536113863622660686e-05	3.593288228760811090e+08
2.609560263116021076e-05	3.437003333908286691e+08
2.685089855537753340e-05	3.287542358713629842e+08
2.762760290326908926e-05	3.144606278510035872e+08
2.842630765743874548e-05	3.007909216414505839e+08
2.924762068993371503e-05	2.877177862200466394e+08
3.009216617339834738e-05	2.752150918483028412e+08
3.096058500238514513e-05	2.632578570046871603e+08
3.185353522505560879e-05	2.518221979309841096e+08
3.277169248551520752e-05	2.408852801067942679e+08
3.371575047702522190e-05	2.304252720848781765e+08
3.468642140634495882e-05	2.204213013477980494e+08
3.568443646945954599e-05	2.108534118647016287e+08
3.671054633895553409e-05	2.017025239485133290e+08
3.776552166331186721e-05	1.929503954600426257e+08
3.885015357837793621e-05	1.845795851510169804e+08
3.996525423131969958e-05	1.765734171158435345e+08
4.111165731731532394e-05	1.689159469989198744e+08
4.229021862929303795e-05	1.615919311095436811e+08
4.350181662100611644e-05	1.545867929825041592e+08
4.474735298374786632e-05	1.478865965503713787e+08
4.602775323701557153e-05	1.414780165990177393e+08
4.734396733343653471e-05	1.353483123204244077e+08
4.869697027828094111e-05	1.294853014816412032e+08
5.008776276388533474e-05	1.238773359105153233e+08
5.151737181932446305e-05	1.185132779823928177e+08
5.298685147567115021e-05	1.133824781682470143e+08
5.449728344719247190e-05	1.084747536007958651e+08
5.604977782883855455e-05	1.037803675180600435e+08
5.764547381038348680e-05	9.929000968597418070e+07
5.928554040759212841e-05	9.499477764523361623e+07
6.097117721078473883e-05	9.088615878578756750e+07
6.270361515118759671e-05	8.695601322290264070e+07
6.448411728545935416e-05	8.319655741001500189e+07
6.631397959879329099e-05	7.960034851171493530e+07
6.819453182700355609e-05	7.616026943046964705e+07
7.012713829800807015e-05	7.286951446228235960e+07
7.211319879313640398e-05	6.972157570221677423e+07
7.415414942868854770e-05	6.671022991989777982e+07
7.625146355818901217e-05	6.382952605329138786e+07
7.840665269578212752e-05	6.107377331235916167e+07
8.062126746122688507e-05	5.843752969104951620e+07
8.289689854695666226e-05	5.591559114065364003e+07
8.523517770767688158e-05	5.350298103233736753e+07
8.763777877298845379e-05	5.119494025905401260e+07
9.010641868352381218e-05	4.898691767068631947e+07
9.264285855110260574e-05	4.687456093211570382e+07
9.524890474341547427e-05	4.485370784286896139e+07
9.792640999375774543e-05	4.292037797141160071e+07
1.006772745363442045e-04	4.107076471977706254e+07
1.035034472677423350e-04	3.930122768369927257e+07
1.064069269349799415e-04	3.760828537400848418e+07
1.093897633508805317e-04	3.598860826080428809e+07
1.124540586372028180e-04	3.443901210184266418e+07
1.156019684961617745e-04	3.295645160220159963e+07
1.188357035109241408e-04	3.153801431722453982e+07
1.221575304756808682e-04	3.018091483337545022e+07
1.255697737559054476e-04	2.888248921025569737e+07
1.290748166794297757e-04	2.764018966947697103e+07
1.326751029589622239e-04	2.645157950388110057e+07
1.363731381467025365e-04	2.531432821396460384e+07
1.401714911217055834e-04	2.422620687794707343e+07
1.440727956106649952e-04	2.318508368547056243e+07
1.480797517427975038e-04	2.218891970860361680e+07
1.521951276395152382e-04	2.123576483929729834e+07
1.564217610396006542e-04	2.032375389219932258e+07
1.607625609605850341e-04	1.945110290018275753e+07
1.652205093970752418e-04	1.861610557229134440e+07
1.697986630567548767e-04	1.781712988497032225e+07
1.745001551348218313e-04	1.705261484835107625e+07
1.793281971276267507e-04	1.632106739614503831e+07
1.842860806862830169e-04	1.562105942226989381e+07
1.893771795110544176e-04	1.495122493916256726e+07
1.946049512873056512e-04	1.431025737408699095e+07
1.999729396638524545e-04	1.369690696763010509e+07
2.054847762745245598e-04	1.310997829169359244e+07
2.111441828037977845e-04	1.254832788730845414e+07
2.169549730973486005e-04	1.201086199031644128e+07
2.229210553183956457e-04	1.149653436317121610e+07
2.290464341507298274e-04	1.100434422373234108e+07
2.353352130493088085e-04	1.053333426275655814e+07
2.417915965393528167e-04	1.008258874615754001e+07
2.484198925648474932e-04	9.651231702017536387e+06
2.552245148874096939e-04	9.238425192729871720e+06
2.622099855364643504e-04	8.843367647092586383e+06
2.693809373117051387e-04	8.465292285794585943e+06
2.767421163388236261e-04	8.103465597617781721e+06
2.842983846795005417e-04	7.757185897141123191e+06
2.920547229966874545e-04	7.425781929580715485e+06
3.000162332761878718e-04	7.108611554971022531e+06
3.081881416055998971e-04	6.805060474038798362e+06
3.165758010116681651e-04	6.514541016442891210e+06
3.251846943571241617e-04	6.236490986289335415e+06
3.340204372981052014e-04	5.970372549448326230e+06
3.430887813032467825e-04	5.715671172072480433e+06
3.523956167355906874e-04	5.471894612719740719e+06
3.619469759984154759e-04	5.238571947485463694e+06
3.717490367461653497e-04	5.015252643645093776e+06
3.818081251616307621e-04	4.801505675631085411e+06
3.921307193005673796e-04	4.596918674669319764e+06
4.027234525049537138e-04	4.401097117695299909e+06
4.135931168860897513e-04	4.213663553012903780e+06
4.247466668787908931e-04	4.034256858539086767e+06
4.361912228678916747e-04	3.862531529699841980e+06
4.479340748883458342e-04	3.698157004874809179e+06
4.599826864001866364e-04	3.540817013969638851e+06
4.723446981396464922e-04	3.390208958502225578e+06
4.850279320477397316e-04	3.246043317930886522e+06
4.980403952776426982e-04	3.108043082703036722e+06
5.113902842821964377e-04	2.975943209682697430e+06
5.250859889829064247e-04	2.849490103663797490e+06
5.391360970217988621e-04	2.728441123363550752e+06
5.535493980975280011e-04	2.612564101264966186e+06
5.683348883871351068e-04	2.501636893496907316e+06
5.835017750548800262e-04	2.395446943478662986e+06
5.990594808495856112e-04	2.293790866091215052e+06
6.150176487919293980e-04	2.196474051797314081e+06
6.313861469531724521e-04	2.103310283529308625e+06
6.481750733267863411e-04	2.014121376786618028e+06
6.653947607944871211e-04	1.928736827763753943e+06
6.830557821881820752e-04	1.846993484253026079e+06
7.011689554493569536e-04	1.768735224103604211e+06
7.197453488874495714e-04	1.693812653910570545e+06
7.387962865387634253e-04	1.622082814458080567e+06
7.583333536274831227e-04	1.553408905776145868e+06
7.783684021303971089e-04	1.487660017897052923e+06
7.989135564469067264e-04	1.424710877536519198e+06
8.199812191759468230e-04	1.364441603083133698e+06
8.415840770014416114e-04	1.306737472939453786e+06
8.637351066879284806e-04	1.251488701306509553e+06
8.864475811880271261e-04	1.198590225041037891e+06
9.097350758633794381e-04	1.147941499719147570e+06
9.336114748207851102e-04	1.099446304301192751e+06
9.580909773651914750e-04	1.053012554316079011e+06
9.831881045712536401e-04	1.008552123650391004e+06
1.008917705975180676e-03	9.659806723784895148e+05
1.035294966388588048e-03	9.252174846576623386e+05
1.062335412836107286e-03	8.861853115618082229e+05
1.090054921618471232e-03	8.488102214121069992e+05
1.118469725502873246e-03	8.130214570231958060e+05
1.147596421042336055e-03	7.787512985240435228e+05
1.177451976025879190e-03	7.459349323063188931e+05
1.208053737061271556e-03	7.145103257062173216e+05
1.239419437292157197e-03	6.844181070806678617e+05
1.271567204251370948e-03	6.556014512041283306e+05
1.304515567852219905e-03	6.280059694982321234e+05
1.338283468519590102e-03	6.015796047759482171e+05
1.372890265462663011e-03	5.762725316118416376e+05
1.408355745091090846e-03	5.520370587888188893e+05
1.444700129576450632e-03	5.288275387206212617e+05
1.481944085560815390e-03	5.066002789727047784e+05
1.520108733014296880e-03	4.853134578948407434e+05
1.559215654243366594e-03	4.649270444957949221e+05
1.599286903051838063e-03	4.454027209359412082e+05
1.640345014056334523e-03	4.267038092982288217e+05
1.682413012158091381e-03	4.087952009861834813e+05
1.725514422172941395e-03	3.916432887124437839e+05
1.769673278621324399e-03	3.752159026255590725e+05
1.814914135680162572e-03	3.594822481732960441e+05
1.861262077298456944e-03	3.444128470574512612e+05
1.908742727478402118e-03	3.299794806971632061e+05
1.957382260723893128e-03	3.161551356456607464e+05
2.007207412658228336e-03	3.029139541817071149e+05
2.058245490812822456e-03	2.902311799758214038e+05
2.110524385588748338e-03	2.780831156341318274e+05
2.164072581392901228e-03	2.664470744196117739e+05
2.218919167950597626e-03	2.553013381771308486e+05
2.275093851796335023e-03	2.446251150752559479e+05
2.332626967944552605e-03	2.343985002211816900e+05
2.391549491742087346e-03	2.246024374017922382e+05
2.451893050904090966e-03	2.152186829341072589e+05
2.513689937735119530e-03	2.062297707621209556e+05
2.576973121537103496e-03	1.976189789169541618e+05
2.641776261205902587e-03	1.893702980236076401e+05
2.708133718018046650e-03	1.814684005148440483e+05
2.776080568609395460e-03	1.738986114836091001e+05
2.845652618147268779e-03	1.666468807383538515e+05
2.916886413697669482e-03	1.596997560816626647e+05
2.989819257789154937e-03	1.530443577442130772e+05
3.064489222174912250e-03	1.466683538214620785e+05
3.140935161794557867e-03	1.405599369093626156e+05
3.219196728937071851e-03	1.347078016171171330e+05
3.299314387606417254e-03	1.291011231834003556e+05
3.381329428091180752e-03	1.237295369758282177e+05
3.465283981739629253e-03	1.185831184371620038e+05
3.551221035941539914e-03	1.136523631529913982e+05
3.639184450026844084e-03	1.089281728076895815e+05
3.729218967925022107e-03	1.044018371559229417e+05
3.821370237753331060e-03	1.000650110682635277e+05
3.915684825066668637e-03	9.590970413796420326e+04
4.012210229515839922e-03	9.192826709539434523e+04
4.110994901095596336e-03	8.811337413566101168e+04
4.212088256607540888e-03	8.445801016790932044e+04
4.315540696338861226e-03	8.095545737013657345e+04
4.421403620957799034e-03	7.759928267021391366e+04
4.529729448626704930e-03	7.438332555614145531e+04
4.640571632333404840e-03	7.130168644250201760e+04
4.753984677441674966e-03	6.834871559001790592e+04
4.870024159461424675e-03	6.551900236280335230e+04
4.988746742039173662e-03	6.280736523182496603e+04
5.110210195169336000e-03	6.020884186016615422e+04
5.234473413626757748e-03	5.771867986106005264e+04
5.361596435620887176e-03	5.533232776057156298e+04
5.491640461671754535e-03	5.304542657621240505e+04
5.624667873708130011e-03	5.085380155022830877e+04
5.760742254387826028e-03	4.875345434671818657e+04
5.899928406640250582e-03	4.674055552245469880e+04
6.042292373431122285e-03	4.481143739242063748e+04
6.187901457749198780e-03	4.296258710848088958e+04
6.336824242814797364e-03	4.119064011753846717e+04
6.489130612509666322e-03	3.949237384771488723e+04
6.644891772027873914e-03	3.786470167424144165e+04
6.804180268747098310e-03	3.630466716571380675e+04
6.967070013319660166e-03	3.480943855206749140e+04
7.133636300982511974e-03	3.337630341635012155e+04
7.303955833085339425e-03	3.200266366632654172e+04
7.478106738835765994e-03	3.068603064865124179e+04
7.656168597260439544e-03	2.942402056392161467e+04
7.838222459380908905e-03	2.821434994425611512e+04
8.024350870602815072e-03	2.705483147614806148e+04
8.214637893316899947e-03	2.594336987608283380e+04
8.409169129710240137e-03	2.487795802790737071e+04
8.608031744785865289e-03	2.385667322709763175e+04
8.811314489588915194e-03	2.287767362600387423e+04
9.019107724637270493e-03	2.193919477994810222e+04
9.231503443554328961e-03	2.103954629168808970e+04
9.448595297573164631e-03	2.017710896252693055e+04
9.670478616970269725e-03	1.935033171185590982e+04
9.897250439062133670e-03	1.855772829256976911e+04
1.012900953018316258e-02	1.779787484540755395e+04
1.036585641088335306e-02	1.706940744577695659e+04
1.060789338071963829e-02	1.637101931239123587e+04
1.085522454322951011e-02	1.570145847260285882e+04
1.110795583108365077e-02	1.505952543451202291e+04
1.136619503141365201e-02	1.444407099686334004e+04
1.163005181131107971e-02	1.385399410592770437e+04
1.189963774349377980e-02	1.328823982923186304e+04
1.217506633213514752e-02	1.274579741857258341e+04
1.245645303885204065e-02	1.222569843977081109e+04
1.274391530884639613e-02	1.172701497943524373e+04
1.303757259719608673e-02	1.124885797207104042e+04
1.333754639528965391e-02	1.079037551442665972e+04
1.364396025739984114e-02	1.035075133996082332e+04
1.395693982739028630e-02	9.929203303928634341e+03
1.427661286554984463e-02	9.524981943567288909e+03
1.460310927554855573e-02	9.137369107479089507e+03
1.493656113150896615e-02	8.765676641416295752e+03
1.527710270518675001e-02	8.409245117876773293e+03
1.562487049325374071e-02	8.067442637961964465e+03
1.598000324467663616e-02	7.739663666819868922e+03
1.634264198818437611e-02	7.425327931716014064e+03
1.671293005981668717e-02	7.123879350478297056e+03
1.709101313054650281e-02	6.834785032436050642e+03
1.747703923396796977e-02	6.557534292158615244e+03
1.787115879404260407e-02	6.291637715781298539e+03
1.827352465289467168e-02	6.036626306059781200e+03
1.868429209864757440e-02	5.792050481596056670e+03
1.910361889329217910e-02	5.557479536150681270e+03
1.953166530057809380e-02	5.332500577278667151e+03
1.996859411391838091e-02	5.116717915817568610e+03
2.041457068429822219e-02	4.909752314980469237e+03
2.086976294817714100e-02	4.711240304639130954e+03
2.133434145537522336e-02	4.520833517338277488e+03
2.180847939693219759e-02	4.338198060101295596e+03
2.229235263292890859e-02	4.163013906259584473e+03
2.278613972025999440e-02	3.994974314873552885e+03
2.329002194034632614e-02	3.833785266672527086e+03
2.380418332745679738e-02	3.679164956701567462e+03
2.432881069363040244e-02	3.530843276758718275e+03
2.486409365996524942e-02	3.388561293583892166e+03
2.541022468149448793e-02	3.252070809776874739e+03
2.596739907501782046e-02	3.121133924636427309e+03
2.653581504619700188e-02	2.995522586140741168e+03
2.711567371650289854e-02	2.875018186465315921e+03
2.770717915000056597e-02	2.759411164528219160e+03
2.831053837995768652e-02	2.648500634641553916e+03
2.892596143526259336e-02	2.542094019219040092e+03
2.955366136663653900e-02	2.440006704760876346e+03
3.019385427262537974e-02	2.342061709874734333e+03
3.084675932535524412e-02	2.248089366507314026e+03
3.151259879603628133e-02	2.157927016767369423e+03
3.219159808019886326e-02	2.071418718950300445e+03
3.288398572264508712e-02	1.988414970763440124e+03
3.358999344209973731e-02	1.908772439027979544e+03
3.430985615554308504e-02	1.832353703041278550e+03
3.504381200220842152e-02	1.759027012180975362e+03
3.579210236722651928e-02	1.688666045446509997e+03
3.655497190489909176e-02	1.621149685975398825e+03
3.733266856158302949e-02	1.556361811869114717e+03
3.812544359816626149e-02	1.494191080194292908e+03
3.893355161211711768e-02	1.434530732839705706e+03
3.975725055908693739e-02	1.377278405290855744e+03
4.059680177404709212e-02	1.322335944981271041e+03
4.145246999193995252e-02	1.269609235256767988e+03
4.232452336782385055e-02	1.219008029177629851e+03
4.321323349649111578e-02	1.170445790838434732e+03
4.411887543153904245e-02	1.123839536071938255e+03
4.504172770387123576e-02	1.079109690690042044e+03
4.598207233960936724e-02	1.036179946769450225e+03
4.694019487739253815e-02	9.949771286927814344e+02
4.791638438504225439e-02	9.554310623231273212e+02
4.891093347557094739e-02	9.174744539248725914e+02
4.992413832042184169e-02	8.810427684478262336e+02
5.095629866970876470e-02	8.460741107294704761e+02
5.200771786064486979e-02	8.125091230010931440e+02
5.307870283321990124e-02	7.802908742641985782e+02
5.416956414743326342e-02	7.493647718512452229e+02
5.528061597386154519e-02	7.196784590897798353e+02
5.641217614183986762e-02	6.911817126272243286e+02
5.756456610246742100e-02	6.638263683006759948e+02
5.873811098959680344e-02	6.375662268589545647e+02
5.993313957374328538e-02	6.123569793263570773e+02
6.114998432501177195e-02	5.881561260632640824e+02
6.238898136129734928e-02	5.649229020365503402e+02
6.365047051424461977e-02	5.426182011677690298e+02
6.493479527917662975e-02	5.212045284290542213e+02
6.624230284067803010e-02	5.006459080221683280e+02
6.757334410210837083e-02	4.809078173316792686e+02
6.892827363485891368e-02	4.619571667260948402e+02
7.030744970315901121e-02	4.437622024923267077e+02
7.171123429187840903e-02	4.262924511164033561e+02
7.313999304888325892e-02	4.095187033384722781e+02
7.459409530830556079e-02	3.934129275120455986e+02
7.607391411566781503e-02	3.779482213146334288e+02
7.757982616443873103e-02	3.630987961802995301e+02
7.911221181686975412e-02	3.488399030365562794e+02
8.067145512546756991e-02	3.351477883234731507e+02
8.225794376490433435e-02	3.219996808443305554e+02
8.387206904948912856e-02	3.093737259579684178e+02
8.551422595000453264e-02	2.972489477935443460e+02
8.718481302214656226e-02	2.856052357712329126e+02
8.888423241969674315e-02	2.744232888137116788e+02
9.061288990568250323e-02	2.636845809360484623e+02
9.237119477860776529e-02	2.533713489374554229e+02
9.415955988032939650e-02	2.434665440233751212e+02
9.597840160053186520e-02	2.339538017500088927e+02
9.782813980198315496e-02	2.248174296373880452e+02
9.970919782210516114e-02	2.160423662862849881e+02
1.016220024698784863e-01	2.076141557820006085e+02
1.035669839445750029e-01	1.995189307236655338e+02
1.055445758631223807e-01	1.917433828338527348e+02
1.075552151775319154e-01	1.842747416256245288e+02
1.095993421841322812e-01	1.771007517684859067e+02
1.116774004608105525e-01	1.702096521293391902e+02
1.137898368448819614e-01	1.635901573338220487e+02
1.159371013868656236e-01	1.572314355040888074e+02
1.181196473153889176e-01	1.511230918820027682e+02
1.203379310012050729e-01	1.452551508258632111e+02
1.225924118819103070e-01	1.396180390390215962e+02
1.248835524706086164e-01	1.342025673510026991e+02
1.272118182428528532e-01	1.289999170013254854e+02
1.295776776554961318e-01	1.240016239652917136e+02
1.319816020219500008e-01	1.191995643647053811e+02
1.344240655374728810e-01	1.145859408565791995e+02
1.369055451375346677e-01	1.101532692863784035e+02
1.394265205298893806e-01	1.058943653838565808e+02
1.419874740536323510e-01	1.018023354045979403e+02
1.445888906500698567e-01	9.787056075497950758e+01
1.472312578388374760e-01	9.409268635808329861e+01
1.499150655742464422e-01	9.046261566199396498e+01
1.526408062133156052e-01	8.697449463195437147e+01
1.554089744877201196e-01	8.362270188886944311e+01
1.582200673483453168e-01	8.040184448911071513e+01
1.610745839295333048e-01	7.730674379434412913e+01
1.639730255156127692e-01	7.433242663742268519e+01
1.669158953754970587e-01	7.147412172308683864e+01
1.699036987220161055e-01	6.872724709613984828e+01
1.729369426717957681e-01	6.608740240867750515e+01
1.760161360718359158e-01	6.355036562689899426e+01
1.791417894527727039e-01	6.111208202629499198e+01
1.823144149808868519e-01	5.876865755224984156e+01
1.855345262786503302e-01	5.651635550061962476e+01
1.888026383707905320e-01	5.435158725043756078e+01
1.921192676271454292e-01	5.227090610257992154e+01
1.954849315793235898e-01	5.027100442853229367e+01
1.989001488583709842e-01	4.834870552017879675e+01
2.023654391272691755e-01	4.650095816145228866e+01
2.058813228958343844e-01	4.472483405784601729e+01
2.094483214487966594e-01	4.301752064805661746e+01
2.130669567669501996e-01	4.137631666422595345e+01
2.167377513323805738e-01	3.979862878295759998e+01
2.204612280949075354e-01	3.828196636342497783e+01
2.242379102755747977e-01	3.682393783024378564e+01
2.280683213064660375e-01	3.542224613403973166e+01
2.319529846675933982e-01	3.407468552250753646e+01
2.358924237647371247e-01	3.277913772715091767e+01
2.398871618167019715e-01	3.153356805826565079e+01
2.439377217108284479e-01	3.033602270062830542e+01
2.480446258483729183e-01	2.918462524139269476e+01
2.522083960476557141e-01	2.807757308265880880e+01
2.564295533881652545e-01	2.701313510239641857e+01
2.607086180328178071e-01	2.598964880921455745e+01
2.650461091553317772e-01	2.500551712533508564e+01
2.694425447087113734e-01	2.405920608461308774e+01
2.738984413678654528e-01	2.314924217648706062e+01
2.784143142931453929e-01	2.227421030041016436e+01
2.829906770114454795e-01	2.143275099661289218e+01
2.876280413050325002e-01	2.062355818408811103e+01
2.923269169535152034e-01	1.984537745991059410e+01
2.970878116889784648e-01	1.909700366267620808e+01
3.019112309307027120e-01	1.837727931066729070e+01
3.067976776626487045e-01	1.768509228887595341e+01
3.117476523158489443e-01	1.701937397260022067e+01
3.167616525045224840e-01	1.637909817285899905e+01
3.218401729005415657e-01	1.576327880801405357e+01
3.269837051110706105e-01	1.517096828388349827e+01
3.321927374049029047e-01	1.460125659817971844e+01
3.374677545830945258e-01	1.405326925174559527e+01
3.428092378509505211e-01	1.352616583252777893e+01
3.482176645373219470e-01	1.301913915284778156e+01
3.536935079773960156e-01	1.253141365139606656e+01
3.592372372942020942e-01	1.206224390231036026e+01
3.648493172816094088e-01	1.161091365265213149e+01
3.705302081131833236e-01	1.117673488193510600e+01
3.762803652034046320e-01	1.075904635254585173e+01
3.821002390662895931e-01	1.035721251133043808e+01
3.879902750233916731e-01	9.970622862413298648e+00
3.939509130589365360e-01	9.598690642342900148e+00
3.999825876701950667e-01	9.240851891649697336e+00
4.060857275641794883e-01	8.896564741866255233e+00
4.122607555740038787e-01	8.565308386238031702e+00
4.185080883641705274e-01	8.246582373595288118e+00
4.248281362705867426e-01	7.939905713443845769e+00
4.312213031235690441e-01	7.644816039948174158e+00
4.376879860095096997e-01	7.360869040995404511e+00
4.442285750551661083e-01	7.087637727066664617e+00
4.508434532692049967e-01	6.824711617147526610e+00
4.575329962965647423e-01	6.571696199271838346e+00
4.642975722297062457e-01	6.328212283405515670e+00
4.711375413994598471e-01	6.093895371930678984e+00
4.780532561663685120e-01	5.868395092425720883e+00
4.850450607241615919e-01	5.651374679018485558e+00
4.921132908469309508e-01	5.442510392179009671e+00
4.992582737565219864e-01	5.241491022024357349e+00
5.064803278371953210e-01	5.048017426760419646e+00
5.137797624563853471e-01	4.861802014843589426e+00
5.211568778004095348e-01	4.682568290782987752e+00
5.286119645675783074e-01	4.510050464825417826e+00
5.361453038740162658e-01	4.343992996231730963e+00
5.437571669422175402e-01	4.184150238545224276e+00
5.514478149349634206e-01	4.030285993962695379e+00
5.592174987990886637e-01	3.882173149627669240e+00
5.670664589601596139e-01	3.739593378809625168e+00
5.749949251627310964e-01	3.602336772859363823e+00
5.830031163191273791e-01	3.470201439418822087e+00
5.910912401998741350e-01	3.342993327464970132e+00
5.992594932802585150e-01	3.220525813709492535e+00
6.075080605937298595e-01	3.102619418591258782e+00
6.158371154216175647e-01	2.989101609259592340e+00
6.242468191457430926e-01	2.879806454263577287e+00
6.327373211060931535e-01	2.774574357609485009e+00
6.413087582934661190e-01	2.673251895954732227e+00
6.499612552078937178e-01	2.575691499450808220e+00
6.586949237202230911e-01	2.481751231755686238e+00
6.675098627714377564e-01	2.391294629820222895e+00
6.764061582366576175e-01	2.304190433527614879e+00
6.853838827901972408e-01	2.220312384460807920e+00
6.944430956155035473e-01	2.139539082541431103e+00
7.035838422743901921e-01	2.061753751245768207e+00
7.128061545752525374e-01	1.986844055845288226e+00
7.221100502975010826e-01	1.914701976403299311e+00
7.314955330657052501e-01	1.845223601353023213e+00
7.409625922208865623e-01	1.778308968607294371e+00
7.505112025505465967e-01	1.713861937142194591e+00
7.601413242298392658e-01	1.651790022441700589e+00
7.698529025619595956e-01	1.592004262893047306e+00
7.796458678982575163e-01	1.534419073711669634e+00
7.895201354313278186e-01	1.478952125099807446e+00
7.994756050649363122e-01	1.425524219125676506e+00
8.095121612554412316e-01	1.374059160903350341e+00
8.196296728745297022e-01	1.324483645885388805e+00
8.298279930758024614e-01	1.276727151993539477e+00
8.401069591176186790e-01	1.230721830918733994e+00
8.504663923014812443e-01	1.186402402118886368e+00
8.609060977593674391e-01	1.143706057503191209e+00
8.714258644200765236e-01	1.102572365910235996e+00
8.820254647946969007e-01	1.062943181117954827e+00
8.927046549657851049e-01	1.024762554410328041e+00
9.034631743668355419e-01	9.879766507250533625e-01
9.143007457946036309e-01	9.525336654084918253e-01
9.252170752051153135e-01	9.183837537104080351e-01
9.362118516624529097e-01	8.854789473363940955e-01
9.472847473023937592e-01	8.537730806618859525e-01
9.584354171491739072e-01	8.232217364731195808e-01
9.696634990852387448e-01	7.937821651127842104e-01
9.809686138345515838e-01	7.654132197462525378e-01
9.923503647895619562e-01	7.380753106647247597e-01
1.003808338001926259e+00	7.117303311478438976e-01
1.015342102185030848e+00	6.863416008549216851e-01
1.026951208554725881e+00	6.618738254653085962e-01
1.038635190840675016e+00	6.382930293238314734e-01
1.050393565307609745e+00	6.155665075594630720e-01
1.062225830613423572e+00	5.936627882543092927e-01
1.074131467840682808e+00	5.725515757603257816e-01
1.086109940536078344e+00	5.522036963827734457e-01
1.098160694589410680e+00	5.325910677184039210e-01
1.110283158284772975e+00	5.136867043341887262e-01
1.122476742357442436e+00	4.954645688061994901e-01
1.134740839897412368e+00	4.778996210462626015e-01
1.147074826419552052e+00	4.609677528021883797e-01
1.159478059937158800e+00	4.446457522940098217e-01
1.171949880893573326e+00	4.289112772696008768e-01
1.184489612250475332e+00	4.137428157889235791e-01
1.197096559577509822e+00	3.991196549895142387e-01
1.209770011002380574e+00	3.850218545735381581e-01
1.222509237379878488e+00	3.714302150111148948e-01
1.235313492260657897e+00	3.583262503155257295e-01
1.248182012046837430e+00	3.456921604514715529e-01
1.261114016025203455e+00	3.335108062806440010e-01
1.274108706464295304e+00	3.217656847104462536e-01
1.287165268731608858e+00	3.104409032489088838e-01
1.300282871384494943e+00	2.995211591155102493e-01
1.313460666259140375e+00	2.889917163283676760e-01
1.326697788637203335e+00	2.788383827405789273e-01
1.339993357354219539e+00	2.690474917225105789e-01
1.353346474892249907e+00	2.596058821821623508e-01
1.366756227608842078e+00	2.505008783709256615e-01
1.380221685784112973e+00	2.417202724798715452e-01
1.393741903888884082e+00	2.332523067402254013e-01
1.407315920646577068e+00	2.250856578449075551e-01
1.420942759252209697e+00	2.172094189309056178e-01
1.434621427601098231e+00	2.096130840750963509e-01
1.448350918361930750e+00	2.022865347341252229e-01
1.462130209306344852e+00	1.952200238564170964e-01
1.475958263392869396e+00	1.884041635826282646e-01
1.489834029026408047e+00	1.818299101356604108e-01
1.503756440333306799e+00	1.754885508300405572e-01
1.517724417276596016e+00	1.693716942703650252e-01
1.531736865941339953e+00	1.634712558277139904e-01
1.545792678833325828e+00	1.577794461600248721e-01
1.559890735011697283e+00	1.522887625474347584e-01
1.574029900417737826e+00	1.469919767549720535e-01
1.588209028093808817e+00	1.418821232258884735e-01
1.602426958588399009e+00	1.369524920351168906e-01
1.616682519916897487e+00	1.321966192400517159e-01
1.630974528226719844e+00	1.276082741661988262e-01
1.645301787894502876e+00	1.231814568288090855e-01
1.659663091502252330e+00	1.189103850866848056e-01
1.674057221064064516e+00	1.147894834462632324e-01
1.688482947158888914e+00	1.108133830178214124e-01
1.702939030308895596e+00	1.069769106646538126e-01
1.717424220289989645e+00	1.032750802103813981e-01
1.731937257554871268e+00	9.970308662206667227e-02
1.746476872392001889e+00	9.625630008455185460e-02
1.761041786405693088e+00	9.293025691948642031e-02
1.775630712001347256e+00	8.972065699485891332e-02
1.790242353052644564e+00	8.662335543288310347e-02
1.804875405573947988e+00	8.363435788789624903e-02
1.819528557111123268e+00	8.074981640394582327e-02
1.834200488423588293e+00	7.796601653654008923e-02
1.848889873029649911e+00	7.527938243387610751e-02
1.863595377268064901e+00	7.268646987118376757e-02
1.878315661708233497e+00	7.018395234463208066e-02
1.893049380892850353e+00	6.776862745767392449e-02
1.907795183293752528e+00	6.543741023315680083e-02
1.922551712808095337e+00	6.318732089487641423e-02
1.937317608504537159e+00	6.101549144607620878e-02
1.952091504367905683e+00	5.891915872982505381e-02
1.966872031334381044e+00	5.689565302235585070e-02
1.981657816294487118e+00	5.494240357718739587e-02
1.996447483009428092e+00	5.305693419114027032e-02
2.011239652431740854e+00	5.123685493266827429e-02
2.026032943391150809e+00	4.947986146819711994e-02
2.040825972594364934e+00	4.778373359720708424e-02
2.055617355222278508e+00	4.614632987705710732e-02
2.070405705595309787e+00	4.456558477679625763e-02
2.085189637151130704e+00	4.303950810278402150e-02
2.099967763080408112e+00	4.156617984270893212e-02
2.114738697065529305e+00	4.014374867605149944e-02
2.129501052852968979e+00	3.877043045249072700e-02
2.144253445744185527e+00	3.744450300433341955e-02
2.158994492257137132e+00	3.616430601338274653e-02
2.173722810887671830e+00	3.492823972814495387e-02
2.188437022179717140e+00	3.373476036507397358e-02
2.203135749874288507e+00	3.258237803520486892e-02
2.217817620615939234e+00	3.146965731447125270e-02
2.232481264565288726e+00	3.039521431993191455e-02
2.247125315994447536e+00	2.935771272088127937e-02
2.261748413803879476e+00	2.835586356585770296e-02
2.276349201622252849e+00	2.738842516593962412e-02
2.290926328106923648e+00	2.645419920112549936e-02
2.305478448244862033e+00	2.555202919105629966e-02
2.320004222428951657e+00	2.468080041689900764e-02
2.334502318255113451e+00	2.383943692545583901e-02
2.348971409885648676e+00	2.302690131377001584e-02
2.363410178887475066e+00	2.224219265633556319e-02
2.377817314940792404e+00	2.148434518418164754e-02
2.392191515334614493e+00	2.075242788257686613e-02
2.406531486496700012e+00	2.004554173946854201e-02
2.420835943542583468e+00	1.936281985253993435e-02
2.435103610984530320e+00	1.870342592397231801e-02
2.449333223275798499e+00	1.806655268103113041e-02
2.463523524857693214e+00	1.745142179550457015e-02
2.477673270699813912e+00	1.685728204194927513e-02
2.491781226862699761e+00	1.628340832650327155e-02
2.505846170538891471e+00	1.572910149818086342e-02
2.519866890528586811e+00	1.519368673015372359e-02
2.533842187864169038e+00	1.467651258125873652e-02
2.547770875750102526e+00	1.417695092654396548e-02
2.561651780118633148e+00	1.369439555638540806e-02
2.575483740004366862e+00	1.322826081715702470e-02
2.589265608171271715e+00	1.277798211733086574e-02
2.602996250356932606e+00	1.234301509935065849e-02
2.616674546987595829e+00	1.192283330337561183e-02
2.630299392871132458e+00	1.151692911502079537e-02
2.643869696946285153e+00	1.112481324421379751e-02
2.657384383658245142e+00	1.074601238746128451e-02
2.670842392812092569e+00	1.038007019997305019e-02
2.684242679173896917e+00	1.002654670316347960e-02
2.697584214013819537e+00	9.685016528492726429e-03
2.710865984407001772e+00	9.355069402958555991e-03
2.724086993793081835e+00	9.036309241582303822e-03
2.737246262669527308e+00	8.728353592697919716e-03
2.750342827869305395e+00	8.430833711510415246e-03
2.763375743740578816e+00	8.143393259078968854e-03
2.776344081993598500e+00	7.865688211236827529e-03
2.789246931823399223e+00	7.597386720402349997e-03
2.802083400324699269e+00	7.338168209614554828e-03
2.814852612716167712e+00	7.087723210690177744e-03
2.827553712286271281e+00	6.845753172842533249e-03
2.840185860743456470e+00	6.611969697680343712e-03
2.852748238590669061e+00	6.386094221512665994e-03
2.865240044948908604e+00	6.167857973773340288e-03
2.877660497928020256e+00	5.957001464592646435e-03
2.890008834669336224e+00	5.753273953501004435e-03
2.902284311863986055e+00	5.556433454670668681e-03
2.914486204999636509e+00	5.366246396948276196e-03
2.926613809740728378e+00	5.182487180245293895e-03
2.938666440602078822e+00	5.004938005825226160e-03
2.950643432545855038e+00	4.833388261748306283e-03
2.962544140150117578e+00	4.667634834873670563e-03
2.974367937522496064e+00	4.507481775019928256e-03
2.986114219174512030e+00	4.352739381553584301e-03
2.997782399773832207e+00	4.203224683412977447e-03
3.009371913535356491e+00	4.058761194062250784e-03
3.020882215334005583e+00	3.919178062126407042e-03
3.032312780331093638e+00	3.784310448532255539e-03
3.043663103366771594e+00	3.653999358896712485e-03
3.054932700061308459e+00	3.528090871335663996e-03
3.066121106309882549e+00	3.406436486689762375e-03
3.077227877810890355e+00	3.288892927693199460e-03
3.088252591003144421e+00	3.175321484558890888e-03
3.099194842626677993e+00	3.065588358730119995e-03
3.110054249073633148e+00	2.959564433197297943e-03
3.120830447558448295e+00	2.857124656441896882e-03
3.131523095400809975e+00	2.758148453605732166e-03
3.142131869410067502e+00	2.662519459365752378e-03
3.152656467176172317e+00	2.570124921930880615e-03
3.163096606112599574e+00	2.480856136209328138e-03
3.173452023022207413e+00	2.394608199006277929e-03
3.183722475135869256e+00	2.311279465822085183e-03
3.193907739324387318e+00	2.230771897786126574e-03
3.204007611587675886e+00	2.152990867482342929e-03
3.214021908086581281e+00	2.077844808902195792e-03
3.223950463774698516e+00	2.005245298280581775e-03
3.233793133413616516e+00	1.935106889031758606e-03
3.243549790465751315e+00	1.867347058925802493e-03
3.253220327587535099e+00	1.801886049072116318e-03
3.262804656275316795e+00	1.738646771684870460e-03
3.272302706614350853e+00	1.677554785146480754e-03
3.281714427258569877e+00	1.618538131262900600e-03
3.291039785199613821e+00	1.561527262868036203e-03
3.300278765654201862e+00	1.506455007915577342e-03
3.309431371607714389e+00	1.453256438489654084e-03
3.318497624212130237e+00	1.401868800200537684e-03
3.327477561722782085e+00	1.352231467230403635e-03
3.336371240338718014e+00	1.304285846269175693e-03
3.345178732815701217e+00	1.257975322520192779e-03
3.353900129467252800e+00	1.213245137748771322e-03
3.362535537000517216e+00	1.170042410890508294e-03
3.371085078639589838e+00	1.128316016848497291e-03
3.379548894266774184e+00	1.088016567286802846e-03
3.387927139001432497e+00	1.049096356638717052e-03
3.396219984671806635e+00	1.011509137858477301e-03
3.404427618371558939e+00	9.752103276195932475e-04
3.412550242027379443e+00	9.401568834860051004e-04
3.420588073254652972e+00	9.063070454847916820e-04
3.428541344364098631e+00	8.736205535468118772e-04
3.436410301628342268e+00	8.420585244367274642e-04
3.444195206296579936e+00	8.115832293312478379e-04
3.451896333568878816e+00	7.821583318170829534e-04
3.459513971387536913e+00	7.537487311020654376e-04
3.467048422511901151e+00	7.263203255144631745e-04
3.474500002113735775e+00	6.998402539035944057e-04
3.481869038359309165e+00	6.742768045220548989e-04
3.489155871958517618e+00	6.495992428677448485e-04
3.496360856175761533e+00	6.257778606148100978e-04
3.503484356096807861e+00	6.027839715526940546e-04
3.510526748541561659e+00	5.805898252550481704e-04
3.517488421999214854e+00	5.591685753392201374e-04
3.524369775919020231e+00	5.384942999399486762e-04
3.531171220593539939e+00	5.185419152694946019e-04
3.537893177217527274e+00	4.992871736960245287e-04
3.544536076679964953e+00	4.807066562368479180e-04
3.551100360426461044e+00	4.627776746865550962e-04
3.557586479317646599e+00	4.454783070649554052e-04
3.563994893711959211e+00	4.287873966019380579e-04
3.570326072706505371e+00	4.126844598557090891e-04
3.576580494788231590e+00	3.971496616268832330e-04
3.582758646542521852e+00	3.821638608904879457e-04
3.588861022834624048e+00	3.677085550193859840e-04
3.594888126470939138e+00	3.537658204754137096e-04
3.600840468008752016e+00	3.403183381122573659e-04
3.606718565164531931e+00	3.273493943863734390e-04
3.612522942426565020e+00	3.148427971333627004e-04
3.618254131831095677e+00	3.027828741154781631e-04
3.623912670919981149e+00	2.911545048839533413e-04
3.629499104216451943e+00	2.799430433418358165e-04
3.635013981666434635e+00	2.691343412884474018e-04
3.640457858866719576e+00	2.587147158704523301e-04
3.645831297059759724e+00	2.486709279600649524e-04
3.651134861984747904e+00	2.389901920460826368e-04
3.656369124693150674e+00	2.296601235430778879e-04
3.661534660442124611e+00	2.206687587992775166e-04
3.666632048731717664e+00	2.120045302821847656e-04
3.671661873194303816e+00	2.036562404811942059e-04
3.676624721005725238e+00	1.956130768137605107e-04
3.681521182754885047e+00	1.878645758163787253e-04
3.686351852396049900e+00	1.804006119696289101e-04
3.691117326659980602e+00	1.732114095171782982e-04
3.695818204892504788e+00	1.662875132755352087e-04
3.700455088945513005e+00	1.596197557420752343e-04
3.705028583248899832e+00	1.531992918177551763e-04
3.709539293282769101e+00	1.470175904307225887e-04
3.713987826891072430e+00	1.410663616251895314e-04
3.718374793499096498e+00	1.353376007872518657e-04
3.722700803119465274e+00	1.298235930259421212e-04
3.726966467308271636e+00	1.245168451631931995e-04
3.731172398490063991e+00	1.194101241713530604e-04
3.735319209091901627e+00	1.144964523683440332e-04
3.739407512433517766e+00	1.097690554357218348e-04
3.743437922004459573e+00	1.052213965492074395e-04
3.747411050709018365e+00	1.008471665628167129e-04
3.751327511796675118e+00	9.664024713322253324e-05
3.755187917762511596e+00	9.259473177515575859e-05
3.758992880420302107e+00	8.870490945546359823e-05
3.762743011124639381e+00	8.496525622933352414e-05
3.766438919634497395e+00	8.137043689456055669e-05
3.770081215173347378e+00	7.791528667358718727e-05
3.773670505085344740e+00	7.459482045493001266e-05
3.777207395407884416e+00	7.140421824222478449e-05
3.780692490448871013e+00	6.833881330112442682e-05
3.784126392758764279e+00	6.539409998080055277e-05
3.787509702733338202e+00	6.256572855354578845e-05
3.790843018506463658e+00	5.984948794535612649e-05
3.794126936354834445e+00	5.724130551093429615e-05
3.797362049564782627e+00	5.473725552980375904e-05
3.800548949130044818e+00	5.233353985532132352e-05
3.803688223195933471e+00	5.002648257121439159e-05
3.806780457324687728e+00	4.781253709851102741e-05
3.809826233581552479e+00	4.568827729618669107e-05
3.812826131598458179e+00	4.365039342399978272e-05
3.815780726904416387e+00	4.169568869836082491e-05
3.818690592617694612e+00	3.982106419588146359e-05
3.821556298067302571e+00	3.802353625845411751e-05
3.824378408714724120e+00	3.630022852787499011e-05
3.827157486786320284e+00	3.464834890752550221e-05
3.829894090851865940e+00	3.306520764060975995e-05
3.832588775122063751e+00	3.154821277690990518e-05
3.835242090371031143e+00	3.009485076957367687e-05
3.837854583419455068e+00	2.870269981503165905e-05
3.840426796494617268e+00	2.736942651169148232e-05
3.842959268182526866e+00	2.609276866342096925e-05
3.845452532824233050e+00	2.487054795625732442e-05
3.847907120002747483e+00	2.370066481077029766e-05
3.850323555444617352e+00	2.258108362180307477e-05
3.852702360483665434e+00	2.150984291069203385e-05
3.855044051361643742e+00	2.048502760920335996e-05
3.857349140513277597e+00	1.950486918791510512e-05
3.859618135708181352e+00	1.856793634848394111e-05
3.861851503267835550e+00	1.767211134456636882e-05
3.864049826748401806e+00	1.681510392781955065e-05
3.866213561988840031e+00	1.599619739003433141e-05
3.868343163106299887e+00	1.521427542440609805e-05
3.870439137993350709e+00	1.446726556327981233e-05
3.872501966080496683e+00	1.375368609910414757e-05
3.874532121578461386e+00	1.307231039151308457e-05
3.876530074393147896e+00	1.242182434545463469e-05
3.878496289070186176e+00	1.180096237149182052e-05
3.880431225781053151e+00	1.120850502598190711e-05
3.882335339375054151e+00	1.064327916644050313e-05
3.884209079961881361e+00	1.010415395107880890e-05
3.886052892802761338e+00	9.590039744027501303e-06
3.887867218090352406e+00	9.099888800298413870e-06
3.889652491148500424e+00	8.632691854744280909e-06
3.891409142381895059e+00	8.187477061352279808e-06
3.893137597289654472e+00	7.763310181548645520e-06
3.894838276242619912e+00	7.359291813155939450e-06
3.896511595056643351e+00	6.974556529358512056e-06
3.898157964138918796e+00	6.608272422948418580e-06
3.899777789548363405e+00	6.259639420840270681e-06
3.901371471777776101e+00	5.927888647934557318e-06
3.902939407084486945e+00	5.612279803809912721e-06
3.904481986465877519e+00	5.312102506625387208e-06
3.905999596063192580e+00	5.026673675794494024e-06
3.907492617613597119e+00	4.755338033180691003e-06
3.908961426976821585e+00	4.497466647163581926e-06
3.910406396490055503e+00	4.252451854047219963e-06
3.911827893169890658e+00	4.019713704505070900e-06
3.913226278801752223e+00	3.798696450445135913e-06
3.914601911197373330e+00	3.588863061049065022e-06
3.915955143298030183e+00	3.389700926343962394e-06
3.917286322708195545e+00	3.200719069148568038e-06
3.918595793281510531e+00	3.021443848571152005e-06
3.919883893858998380e+00	2.851422651068063366e-06
3.921150958619147087e+00	2.690222603493284067e-06
3.922397317256079319e+00	2.537427697498247267e-06
3.923623295049060822e+00	2.392639404302011687e-06
3.924829212689568525e+00	2.255476590429875404e-06
3.926015386346347391e+00	2.125574035228202501e-06
3.927182128013668283e+00	2.002581797581296725e-06
3.928329745103335657e+00	1.886165574745561464e-06
3.929458540665184518e+00	1.776005206212434864e-06
3.930568813673482431e+00	1.671794184879841816e-06
3.931660858642354039e+00	1.573239882031448500e-06
3.932734965829358664e+00	1.480062225307931315e-06
3.933791421654784237e+00	1.391993631135056494e-06
3.934830507758476870e+00	1.308778717179859243e-06
3.935852502341908199e+00	1.230172881520880031e-06
3.936857679208896954e+00	1.155942890644810357e-06
3.937846308168383214e+00	1.085866337463390571e-06
3.938818655087976239e+00	1.019730606615473424e-06
3.939774981920306285e+00	9.573329439799128210e-07
3.940715546672602265e+00	8.984800114150914301e-07
3.941640603525197850e+00	8.429874110790178891e-07
3.942550402861480840e+00	7.906792477675989435e-07
3.943445191392208393e+00	7.413880396849813868e-07
3.944325211868500158e+00	6.949542820514715264e-07
3.945190703595004234e+00	6.512258104291612433e-07
3.946041902287373837e+00	6.100580776514034458e-07
3.946879039496598907e+00	5.708211070935836056e-07
3.947702344131166274e+00	5.343985895176657584e-07
3.948512040980951987e+00	5.001415176918983610e-07
3.949308351453322263e+00	4.679315119838452428e-07
3.950091493849839708e+00	4.376559203982186560e-07
3.950861682555246279e+00	4.090605605275867049e-07
3.951619129043875134e+00	3.823475861640897213e-07
3.952364041700983321e+00	3.572632306884960419e-07
3.953096624921289326e+00	3.337161363863698559e-07
3.953817080576512932e+00	3.116192462814766171e-07
3.954525607100823237e+00	2.908900645886296119e-07
3.955222399774788844e+00	2.713102017355100484e-07
3.955907650998108593e+00	2.530950168934023194e-07
3.956581549992846281e+00	2.360243932710753909e-07
3.957244282917453226e+00	2.200318254016630980e-07
3.957896033107385581e+00	2.050541664895411808e-07
3.958536981250121656e+00	1.908905321629026022e-07
3.959167304463524051e+00	1.777764793526393311e-07
3.959787177592039686e+00	1.655072313558130162e-07
3.960396772785136577e+00	1.540322720999027912e-07
3.960996258847101714e+00	1.433039846255724961e-07
3.961585802384998356e+00	1.331361286083228330e-07
3.962165567386287890e+00	1.237777729052008754e-07
3.962735714655076791e+00	1.150374817282954030e-07
3.963296402947698471e+00	1.068772134416706030e-07
3.963847788431992036e+00	9.926114903251344150e-08
3.964390024272375523e+00	9.201594525666362951e-08
3.964923261730687098e+00	8.539866400838472093e-08
3.965447649317809464e+00	7.922927127599380552e-08
3.965963333108020183e+00	7.347950573546930925e-08
3.966470457133865146e+00	6.812272884907751266e-08
3.966969162572938412e+00	6.313388628522755669e-08
3.967459588861088626e+00	5.848936057149001678e-08
3.967941872758065536e+00	5.416696037646746450e-08
3.968416148955705935e+00	5.014581278962046262e-08
3.968882549921496583e+00	4.640626574799901365e-08
3.969341206068293548e+00	4.292986429053447566e-08
3.969792245552126175e+00	3.969929210454930060e-08
3.970235794322380940e+00	3.669826673955629911e-08
3.970671976689143623e+00	3.391149408535471967e-08
3.971100914367118317e+00	3.132463926629546392e-08
3.971522727720224744e+00	2.892424826613807076e-08
3.971937534441313034e+00	2.669771721145144316e-08
3.972345450932335709e+00	2.463322113444624481e-08
3.972746591112447323e+00	2.271967721111678528e-08
3.973141067738079624e+00	2.094672680765864476e-08
3.973528990566348895e+00	1.930467046807092663e-08
3.973910468867541734e+00	1.778438673630584529e-08
3.974285609490008309e+00	1.637738420177531328e-08
3.974654517266079878e+00	1.507573851601287314e-08
3.975017295719289301e+00	1.387200065551353708e-08
3.975374046716158460e+00	1.275923032222136766e-08
3.975724869939871287e+00	1.173095841841853384e-08
3.976069863903503698e+00	1.078112155084648098e-08
3.976409125506382036e+00	9.904073147500111167e-09
3.976742749558196621e+00	9.094555614175632714e-09
3.977070829816418129e+00	8.347647019934577641e-09
3.977393458442923357e+00	7.658771379697631942e-09
3.977710725601074859e+00	7.023671728578228374e-09
3.978022720500622889e+00	6.438366107233826357e-09
3.978329530878873754e+00	5.899160326009051807e-09
3.978631242315158634e+00	5.402621266668810677e-09
3.978927939836925276e+00	4.945536508551104886e-09
3.979219706918970090e+00	4.524934473853530345e-09
3.979506624734400866e+00	4.138053996273807175e-09
3.979788774382209571e+00	3.782281099210180480e-09
3.980066235124304352e+00	3.455333195724862263e-09
3.980339084370490443e+00	3.155319050245677941e-09
3.980607358568109877e+00	2.879478604639011719e-09
3.980871254544358528e+00	2.625549866983734220e-09
3.981130724693862977e+00	2.393043507689877656e-09
3.981385882589260294e+00	2.179996169813160598e-09
3.981636799580505759e+00	1.984371266718119059e-09
3.981883546422132270e+00	1.805012431921791017e-09
3.982126192245417862e+00	1.640620452306351400e-09
3.982364805126205720e+00	1.489991962405339463e-09
3.982599452226106784e+00	1.352012016652900164e-09
3.982830199347075606e+00	1.225651443561503681e-09
3.983057111288476282e+00	1.109957682005130851e-09
3.983280251811573969e+00	1.004049245303797289e-09
3.983499683624727172e+00	9.071120292563878207e-10
3.983715468199100496e+00	8.183927621350225353e-10
3.983927666375729704e+00	7.371940928695606162e-10
3.984136337484688539e+00	6.628709053200646197e-10
3.984341540463407938e+00	5.948252912049443930e-10
3.984543332547028527e+00	5.325026206413917724e-10
3.984741770607582723e+00	4.753847830441591331e-10
3.984936910655256792e+00	4.229882766529666736e-10
3.985128807067617185e+00	3.748591848125398574e-10
3.985317514005341177e+00	3.305636579367870372e-10
3.985503084392826523e+00	2.896815829066532537e-10
3.985685570316908954e+00	2.517928840998466982e-10
3.985865023314995259e+00	2.164520071073305504e-10
3.986041493245671585e+00	1.830991771288983686e-10
3.986215030113423374e+00	1.510973714804179321e-10
3.986385682833634370e+00	1.201133437215753783e-10
3.986553498658445882e+00	8.945780343030325677e-11
3.986718525292748616e+00	5.718389438536110916e-11
3.986880809019903715e+00	0.000000000000000000e+00
