# Data associated with arXiv:2110.09653
# 
# Scale-free J-factor angular distribution, J_S(theta), of a einasto0-20 dark matter distribution (see Eq. 8 and the surrounding discussion)
# 
# Published: 3/29/22, Jack Runburg, contact: runburg@hawaii.edu
# 
# 
# -----------------------------------------------------------------
# 
# 	 tilde theta 		 | 	 tilde J s-wave 		 | 	 tilde J p-wave 		 | 	 tilde J d-wave 		 | 	 tilde J sommerfeld 
# 
# -----------------------------------------------------------------
1.000000000000000021e-03	1.010602099930074655e+04	3.320903874347843612e+03	5.135934865163003451e+03	5.150228775029473036e+04
1.021192151037671062e-03	1.003655253456546234e+04	3.314626673669883985e+03	5.130580171412282652e+03	5.075564548793433642e+04
1.042833409340945643e-03	9.966915512627572753e+03	3.308263571583788689e+03	5.125148080039009983e+03	5.001644880847862805e+04
1.064933292458827233e-03	9.897094279838993316e+03	3.301812579330936842e+03	5.119636685659034811e+03	4.928438976473152434e+04
1.087501519637659123e-03	9.827099452736107196e+03	3.295273139690819335e+03	5.114045222030990772e+03	4.855947945327880734e+04
1.110548016095517111e-03	9.756947348429024714e+03	3.288644940323827541e+03	5.108373156759291305e+03	4.784188629942370608e+04
1.134082917387199208e-03	9.686650273906408984e+03	3.281927474925117167e+03	5.102619778946003862e+03	4.713171620199738391e+04
1.158116573861711456e-03	9.616193028019499252e+03	3.275118720373101041e+03	5.096783112983798674e+03	4.642854953487720195e+04
1.182659555214217667e-03	9.545586666780469386e+03	3.268218100945365222e+03	5.090862360300033288e+03	4.573251731241154630e+04
1.207722655134462354e-03	9.474848372414096957e+03	3.261225414992634342e+03	5.084857009933358313e+03	4.504368174987832026e+04
1.233316896053688856e-03	9.403989761088729210e+03	3.254140150101730342e+03	5.078766288507803438e+03	4.436216808352454245e+04
1.259453533992170365e-03	9.332996109018593415e+03	3.246960229236751729e+03	5.072588144757819464e+03	4.368759705939699052e+04
1.286144063509461061e-03	9.261878889498930221e+03	3.239685109329280294e+03	5.066321759176546038e+03	4.302003936079088453e+04
1.313400222759557485e-03	9.190656124488546993e+03	3.232314680970311656e+03	5.059966637395708858e+03	4.235965186970699870e+04
1.341233998653187541e-03	9.119338677502613791e+03	3.224848343630393174e+03	5.053521912978816545e+03	4.170642277527958504e+04
1.369657632129505243e-03	9.047912324444658225e+03	3.217284072236984684e+03	5.046985486922509153e+03	4.106007082971397904e+04
1.398683623539492566e-03	8.976388930679733676e+03	3.209621349560339240e+03	5.040356514324090313e+03	4.042061255684609205e+04
1.428324738143458596e-03	8.904787327055597416e+03	3.201860099561176412e+03	5.033634500151859356e+03	3.978824383798055351e+04
1.458594011725036863e-03	8.833117563978914404e+03	3.193999750890052837e+03	5.026818514754676471e+03	3.916290788847839576e+04
1.489504756324154782e-03	8.761365936281983522e+03	3.186038245301205279e+03	5.019906389602240779e+03	3.854436648241313378e+04
1.521070566091505720e-03	8.689544673392085315e+03	3.177975121916602802e+03	5.012897262253076406e+03	3.793261093369604350e+04
1.553305323267072666e-03	8.617673378499570390e+03	3.169810378968173154e+03	5.005790646940627994e+03	3.732778463906134130e+04
1.586223204285366938e-03	8.545761230171643547e+03	3.161543454335911065e+03	4.998585536455848342e+03	3.672993838571114611e+04
1.619838686010041055e-03	8.473795058789781251e+03	3.153172243183219507e+03	4.991279679374103580e+03	3.613869800744680106e+04
1.654166552100628336e-03	8.401787426578854138e+03	3.144696340452719141e+03	4.983872193172646803e+03	3.555420507494673075e+04
1.689221899514206692e-03	8.329758667208545376e+03	3.136115922047586537e+03	4.976362641002958298e+03	3.497649127193983441e+04
1.725020145144853453e-03	8.257717030717632952e+03	3.127430307545021606e+03	4.968749900133497249e+03	3.440560190410469659e+04
1.761577032603788440e-03	8.185649896761840864e+03	3.118637471678226120e+03	4.961031679557081588e+03	3.384124719592672773e+04
1.798908639143220224e-03	8.113570126146475559e+03	3.109737055321590560e+03	4.953207070437065340e+03	3.328345212708157487e+04
1.837031382726912916e-03	8.041498735742814461e+03	3.100729330342706362e+03	4.945275650531181782e+03	3.273236188268327169e+04
1.875962029250603357e-03	7.969442993181241945e+03	3.091613647243791547e+03	4.937236215399664616e+03	3.218792823230155045e+04
1.915717699915417882e-03	7.897390837754672248e+03	3.082387914900200485e+03	4.929086380129589998e+03	3.164990545719455258e+04
1.956315878757565116e-03	7.825355392102657788e+03	3.073051888092966237e+03	4.920825239863293973e+03	3.111829848619848053e+04
1.997774420337589726e-03	7.753358303592416632e+03	3.063606040219455735e+03	4.912452435779572625e+03	3.059329876197639169e+04
2.040111557592579582e-03	7.681405807000795903e+03	3.054049573001138924e+03	4.903966620024878466e+03	3.007474937638944903e+04
2.083345909854779961e-03	7.609486408282301454e+03	3.044380548063702008e+03	4.895365392724389494e+03	2.956253088788482637e+04
2.127496491040134757e-03	7.537613452459559085e+03	3.034598747005275982e+03	4.886647815308705503e+03	2.905657760312293249e+04
2.172582718010372237e-03	7.465809159791839193e+03	3.024704758279699490e+03	4.877813551663398357e+03	2.855703639242136705e+04
2.218624419112281976e-03	7.394078685307242267e+03	3.014697871031662089e+03	4.868861182962638850e+03	2.806387027404813125e+04
2.265641842897974604e-03	7.322411105462481828e+03	3.004576059494571837e+03	4.859788209449405258e+03	2.757682463587420352e+04
2.313655667029933423e-03	7.250819945996439856e+03	2.994339271699087931e+03	4.850593706565528919e+03	2.709592291705547905e+04
2.362687007374795686e-03	7.179327937609346918e+03	2.983988264062345024e+03	4.841277385076991777e+03	2.662128312287323934e+04
2.412757427289825233e-03	7.107939112794229004e+03	2.973522282383974925e+03	4.831837707265335666e+03	2.615286014282397809e+04
2.463888947106213784e-03	7.036643119046798347e+03	2.962939364164476501e+03	4.822272128264358798e+03	2.569037842326247119e+04
2.516104053813336943e-03	6.965453618863625707e+03	2.952239590500143549e+03	4.812579731849857126e+03	2.523394625259800523e+04
2.569425710948245768e-03	6.894393786486970384e+03	2.941423881497807542e+03	4.802760284408539519e+03	2.478358253837842494e+04
2.623877368694733318e-03	6.823466494216655519e+03	2.930491468513661857e+03	4.792812137909030753e+03	2.433925472395787438e+04
2.679482974196439188e-03	6.752661957263710065e+03	2.919440519552425940e+03	4.782732719587910651e+03	2.390074396604425783e+04
2.736266982088478034e-03	6.681993929560601828e+03	2.908271139318549558e+03	4.772521081041964862e+03	2.346809601048670083e+04
2.794254365252289707e-03	6.611485957721793966e+03	2.896984516597111906e+03	4.762177069408895477e+03	2.304136510596936569e+04
2.853470625798387814e-03	6.541139721028864187e+03	2.885579807705792064e+03	4.751698892145588616e+03	2.262049906036775064e+04
2.913941806281861776e-03	6.470945996398623720e+03	2.874055277323143400e+03	4.741083962659479766e+03	2.220529135774093447e+04
2.975694501155571117e-03	6.400918581832493146e+03	2.862411177436612888e+03	4.730331334826725652e+03	2.179576539042298828e+04
3.038755868466027146e-03	6.331081321431381184e+03	2.850648918365112877e+03	4.719440938009704041e+03	2.139200783293870700e+04
3.103153641797168783e-03	6.261434674839543732e+03	2.838767680545958683e+03	4.708410885765706553e+03	2.099392859876245348e+04
3.168916142467233243e-03	6.191969970783711688e+03	2.826765779588643909e+03	4.697238542293153841e+03	2.060134928410631983e+04
3.236072291984112663e-03	6.122701003088895050e+03	2.814643645212758202e+03	4.685922982521380618e+03	2.021426716412146925e+04
3.304651624764658874e-03	6.053651835509668672e+03	2.802402729657602322e+03	4.674464101263150951e+03	1.983279806470188487e+04
3.374684301123556836e-03	5.984821686930852593e+03	2.790042047599809848e+03	4.662859771989785258e+03	1.945681309941517975e+04
3.446201120537424525e-03	5.916202425236627278e+03	2.777559986914270667e+03	4.651107311137193392e+03	1.908615787573817579e+04
3.519233535190044709e-03	5.847807791075983005e+03	2.764957162932607844e+03	4.639205850384255427e+03	1.872081986574359689e+04
3.593813663804625805e-03	5.779661986771736338e+03	2.752235503362759573e+03	4.627155521823588060e+03	1.836093266366381431e+04
3.669974305769219299e-03	5.711762976371987861e+03	2.739394064993553911e+03	4.614954113146510281e+03	1.800633654323409792e+04
3.747748955561452412e-03	5.644103150986143191e+03	2.726431304496526991e+03	4.602598905977922186e+03	1.765688653760814850e+04
3.827171817478984984e-03	5.576696148630432617e+03	2.713348216029016385e+03	4.590089172886047891e+03	1.731259225904890991e+04
3.908277820682117681e-03	5.509566227261552740e+03	2.700146789567131236e+03	4.577425054976545653e+03	1.697355845026968018e+04
3.991102634555192957e-03	5.442710088562736928e+03	2.686826185586142856e+03	4.564604278852434618e+03	1.663963300433815675e+04
4.075682684393532908e-03	5.376120628127653617e+03	2.673384946353915439e+03	4.551624065595472530e+03	1.631067955589820485e+04
4.162055167422817371e-03	5.309811331835469900e+03	2.659824206100884112e+03	4.538483719632456086e+03	1.598669295829086695e+04
4.250258069157961290e-03	5.243806428810531543e+03	2.646146388101208231e+03	4.525183621387227504e+03	1.566779706894221272e+04
4.340330180108637088e-03	5.178101357957588334e+03	2.632350528380730793e+03	4.511721307317185165e+03	1.535381375800138085e+04
4.432311112838861061e-03	5.112689497913991545e+03	2.618435456158816123e+03	4.498094131417790777e+03	1.504462506743524500e+04
4.526241319388085715e-03	5.047584133485039274e+03	2.604402480402898618e+03	4.484301438141510516e+03	1.474022866070531745e+04
4.622162109061505458e-03	4.982809379474167145e+03	2.590254308309442422e+03	4.470343744662023710e+03	1.444072628024877486e+04
4.720115666597336779e-03	4.918359418891311179e+03	2.575990059167673735e+03	4.456218539079066431e+03	1.414595828003405404e+04
4.820145070719144588e-03	4.854228089731222099e+03	2.561608628812303778e+03	4.441923137456295990e+03	1.385579783807237982e+04
4.922294313081310678e-03	4.790428427328592079e+03	2.547111568874245222e+03	4.427456981099224322e+03	1.357024859803474465e+04
5.026608317615998724e-03	4.726984346761055349e+03	2.532501961483917057e+03	4.412820763492642072e+03	1.328940918557973600e+04
5.133132960290130720e-03	4.663888789426162475e+03	2.517778818842833061e+03	4.398011855167087560e+03	1.301311003230558345e+04
5.241915089281041530e-03	4.601136026524754925e+03	2.502941096672574531e+03	4.383027493778012285e+03	1.274124409388139429e+04
5.353002545579732367e-03	4.538738797236479513e+03	2.487990094688834688e+03	4.367866864462866033e+03	1.247380457113835109e+04
5.466444184030696055e-03	4.476720731701074328e+03	2.472929072948913927e+03	4.352530735753734007e+03	1.221086016051630395e+04
5.582289894817666839e-03	4.415073551525380026e+03	2.457757022011438494e+03	4.337016276695284432e+03	1.195228254498697061e+04
5.700590625404708227e-03	4.353791933530910683e+03	2.442473334805961258e+03	4.321321020471858901e+03	1.169794962866947571e+04
5.821398402942216249e-03	4.292888275303585033e+03	2.427079955585606967e+03	4.305444618854709915e+03	1.144786528145921329e+04
5.944766357147824969e-03	4.232385838049648555e+03	2.411580686363284258e+03	4.289388271941718813e+03	1.120207429018559014e+04
6.070748743672167193e-03	4.172275153219567073e+03	2.395974516365028649e+03	4.273149070842866422e+03	1.096046848608553773e+04
6.199400967959818945e-03	4.112551273817964102e+03	2.380261003883147623e+03	4.256724543883355182e+03	1.072292496874758399e+04
6.330779609615908021e-03	4.053226212720475360e+03	2.364442379694187366e+03	4.240114490640342410e+03	1.048945607343441407e+04
6.464942447289089879e-03	3.994322780299342867e+03	2.348522715120282101e+03	4.223320228620755188e+03	1.026008999243894323e+04
6.601948484081890736e-03	3.935830354675549188e+03	2.332500990859057310e+03	4.206338842782575739e+03	1.003471651409083279e+04
6.741857973499477616e-03	3.877744334498740500e+03	2.316377121783330949e+03	4.189168205525395024e+03	9.813222836578454007e+03
6.884732445948405985e-03	3.820076307290563363e+03	2.300153720700296617e+03	4.171808472961994084e+03	9.595627389872715867e+03
7.030634735796891313e-03	3.762848553324895875e+03	2.283835295795404818e+03	4.154261373000118510e+03	9.381952852070427980e+03
7.179629009008595825e-03	3.706049341569015269e+03	2.267419939927800897e+03	4.136523051112111716e+03	9.172081473219681357e+03
7.331780791361950343e-03	3.649674385043160328e+03	2.250907182673731313e+03	4.118590869651810863e+03	8.965910136485957992e+03
7.487156997267587974e-03	3.593734808084557244e+03	2.234299782475712618e+03	4.100465001233934345e+03	8.763430764259255739e+03
7.645825959196438613e-03	3.538252284907453486e+03	2.217602687865536154e+03	4.082147521031317865e+03	8.564690191795953069e+03
7.807857457731475631e-03	3.483214026672462751e+03	2.200814803785402546e+03	4.063635349649242926e+03	8.369566340991446850e+03
7.973322752256328111e-03	3.428616028901919435e+03	2.183936428060773324e+03	4.044926591661749171e+03	8.177978769190951425e+03
8.142294612294233985e-03	3.374468918379591287e+03	2.166970701037530034e+03	4.026021846184300102e+03	7.989899709171635550e+03
8.314847349511189298e-03	3.320793691066151951e+03	2.149922939041312929e+03	4.006923604366242216e+03	7.805382656946087991e+03
8.491056850397209546e-03	3.267576558612734061e+03	2.132791994437857738e+03	3.987628688810970289e+03	7.624291854269923533e+03
8.671000609640279119e-03	3.214813767192915748e+03	2.115578548160724495e+03	3.968135544943227615e+03	7.446559779755181808e+03
8.854757764207504128e-03	3.162515414786669226e+03	2.098286009946724789e+03	3.948445102956244227e+03	7.272168206759545683e+03
9.042409128148579806e-03	3.110701752136674713e+03	2.080919220757339190e+03	3.928559421357048450e+03	7.101159405799302476e+03
9.234037228136720080e-03	3.059358055830293324e+03	2.063475979233870930e+03	3.908474162622230324e+03	6.933396157369688808e+03
9.429726339762870002e-03	3.008480790783536577e+03	2.045957157549134308e+03	3.888187817618971167e+03	6.768807124637037305e+03
9.629562524599030379e-03	2.958079499490213038e+03	2.028366335818772541e+03	3.867701313745861626e+03	6.607388581697111476e+03
9.833633668047030499e-03	2.908173625193509906e+03	2.010709668018092543e+03	3.847018153318010263e+03	6.449156531712596006e+03
1.004202951798940403e-02	2.858747579839614446e+03	1.992985919436047197e+03	3.826135240417698242e+03	6.294003872522805068e+03
1.025484172425938229e-02	2.809798016330753853e+03	1.975196380440690064e+03	3.805051746884923887e+03	6.141857482481687839e+03
1.047216387894729824e-02	2.761333898347596914e+03	1.957345145228577394e+03	3.783769314610809943e+03	5.992712311848071295e+03
1.069409155756119272e-02	2.713373805706160056e+03	1.939438551820583598e+03	3.762291655448921574e+03	5.846590095422871855e+03
1.092072236105970547e-02	2.665901361613163772e+03	1.921474214281750619e+03	3.740614400173931699e+03	5.703375152852128849e+03
1.115215595877575537e-02	2.618913376599582989e+03	1.903452680230106125e+03	3.718736017799571982e+03	5.563002021105241511e+03
1.138849413224978825e-02	2.572418217056484991e+03	1.885378128146563768e+03	3.696658366692837262e+03	5.425446398711686015e+03
1.162984081999205582e-02	2.526433549349225814e+03	1.867257253367555677e+03	3.674385575498827166e+03	5.290744827334861839e+03
1.187630216319339981e-02	2.480942288733792338e+03	1.849088742880350765e+03	3.651914764847498645e+03	5.158774602137907095e+03
1.212798655240480798e-02	2.435941374585947869e+03	1.830874530841442720e+03	3.629245929678229913e+03	5.029483289605204845e+03
1.238500467520621366e-02	2.391438561799527179e+03	1.812619095982288400e+03	3.606381249068221223e+03	4.902859042708037123e+03
1.264746956488544717e-02	2.347450560203216355e+03	1.794329435742879696e+03	3.583325588105969473e+03	4.778919266631817663e+03
1.291549665014883955e-02	2.303959661808783039e+03	1.776002529714681486e+03	3.560073986576490825e+03	4.657552164560591336e+03
1.318920380588532899e-02	2.260962907616228676e+03	1.757639601350648036e+03	3.536625588064568092e+03	4.538699645897259870e+03
1.346871140500627631e-02	2.218467431414094335e+03	1.739245470445856199e+03	3.512983244313704745e+03	4.422353274054223220e+03
1.375414237138396570e-02	2.176488950348778417e+03	1.720827639905702426e+03	3.489152677799204412e+03	4.308523348825444373e+03
1.404562223391196511e-02	2.135009221624674410e+03	1.702384535239428033e+03	3.465130947763352196e+03	4.197111279093263875e+03
1.434327918171109106e-02	2.094025362410876824e+03	1.683918661222479841e+03	3.440919108581379533e+03	4.088070096387381909e+03
1.464724412050539583e-02	2.053543880215651825e+03	1.665435128846291036e+03	3.416520855919203768e+03	3.981377988547821133e+03
1.495765073019278586e-02	2.013579471161349147e+03	1.646939645916146901e+03	3.391939799698936440e+03	3.877050066844863977e+03
1.527463552363575450e-02	1.974113448217427504e+03	1.628429446938572937e+03	3.367171423557122125e+03	3.774978210778606353e+03
1.559833790669801906e-02	1.935142981579762363e+03	1.609907230367287411e+03	3.342217051378664110e+03	3.675118695266718987e+03
1.592890023955338338e-02	1.896673952077439708e+03	1.591378781118352435e+03	3.317081807503653636e+03	3.577464612754365135e+03
1.626646789929399317e-02	1.858720013532473104e+03	1.572852228811135774e+03	3.291772941783536226e+03	3.482018847171336347e+03
1.661118934386526108e-02	1.821262127633377304e+03	1.554325567381638393e+03	3.266287527986392433e+03	3.388691623374166738e+03
1.696321617735579643e-02	1.784297496468049530e+03	1.535799777401838583e+03	3.240624692066873195e+03	3.297435911188607861e+03
1.732270321667098503e-02	1.747831378441539755e+03	1.517279313387306502e+03	3.214787665246889901e+03	3.208229651691047366e+03
1.768980855961942850e-02	1.711876371379408738e+03	1.498772511946058557e+03	3.188784474264370147e+03	3.121087774877485117e+03
1.806469365444235767e-02	1.676413179611869964e+03	1.480277427348911488e+03	3.162612413726321847e+03	3.035916849758671106e+03
1.844752337081655841e-02	1.641439018572583564e+03	1.461797244697218730e+03	3.136274087869761388e+03	2.952680135327846074e+03
1.883846607236187159e-02	1.606958532631707840e+03	1.443337586724644325e+03	3.109775173007526064e+03	2.871366176897743571e+03
1.923769369068539445e-02	1.572983258325525640e+03	1.424904123628425623e+03	3.083120041395482076e+03	2.791967523456487925e+03
1.964538180099485026e-02	1.539493736048023266e+03	1.406494564429105367e+03	3.056306213560690139e+03	2.714402257111692052e+03
2.006170969931423895e-02	1.506487178711988463e+03	1.388112362854056528e+03	3.029336920250714229e+03	2.638637809852226383e+03
2.048686048133601528e-02	1.473967629636204038e+03	1.369763666318576952e+03	3.002218431512048028e+03	2.564656146174268997e+03
2.092102112294418406e-02	1.441945565585032682e+03	1.351456606426564804e+03	2.974959523552829978e+03	2.492466711418515843e+03
2.136438256244391209e-02	1.410401456435471800e+03	1.333186052899710830e+03	2.947553239501767166e+03	2.421977379650649709e+03
2.181713978453380873e-02	1.379332499357517463e+03	1.314955306199456118e+03	2.920003561881029327e+03	2.353154833650701676e+03
2.227949190605761978e-02	1.348742153384105677e+03	1.296770713776439607e+03	2.892317985075819706e+03	2.285990142643805029e+03
2.275164226357336353e-02	1.318639844677496740e+03	1.278641299205510222e+03	2.864507442353100487e+03	2.220482576152773618e+03
2.323379850277806913e-02	1.289006064283772730e+03	1.260563278029623689e+03	2.836567588504142805e+03	2.156556422532771194e+03
2.372617266982774559e-02	1.259837983063811180e+03	1.242538174526809826e+03	2.808499459579893028e+03	2.094178391347098568e+03
2.422898130459259780e-02	1.231138496492322020e+03	1.224571829841308045e+03	2.780310200917901511e+03	2.033329094239538563e+03
2.474244553588843265e-02	1.202915996349053103e+03	1.206673368550820896e+03	2.752011667477986975e+03	1.974016250129845503e+03
2.526679117872631872e-02	1.175151084214293405e+03	1.188840255694196003e+03	2.723602499245562740e+03	1.916166065464897883e+03
2.580224883362318075e-02	1.147840896852894730e+03	1.171073726556345491e+03	2.695083360780754901e+03	1.859744759917165766e+03
2.634905398801689475e-02	1.120987790174365500e+03	1.153378939886031048e+03	2.666460941215571893e+03	1.804741714748085997e+03
2.690744711983068457e-02	1.094599144698193868e+03	1.135764623785054255e+03	2.637746983428293333e+03	1.751151321861460019e+03
2.747767380323228384e-02	1.068655758748813923e+03	1.118228331009534713e+03	2.608940627256318749e+03	1.698911324869786995e+03
2.805998481663422514e-02	1.043154729837607874e+03	1.100771899629101426e+03	2.580043993747123750e+03	1.647991198364745742e+03
2.865463625298309350e-02	1.018097901565158168e+03	1.083399542528371057e+03	2.551062495661042249e+03	1.598374531183676254e+03
2.926188963238583740e-02	9.934916724779399146e+02	1.066120587941823487e+03	2.522010482061084986e+03	1.550062617189149705e+03
2.988201201712300387e-02	9.693171200215208501e+02	1.048932064740648457e+03	2.492886866368414303e+03	1.502992113163794784e+03
3.051527612909937445e-02	9.455712999425651333e+02	1.031836058280679026e+03	2.463694866771737452e+03	1.457138087928293317e+03
3.116196046978347151e-02	9.222555733974730856e+02	1.014836795665983004e+03	2.434440174485911484e+03	1.412482153129515837e+03
3.182234944268905880e-02	8.993753922149958271e+02	9.979431995409731826e+02	2.405137215901055242e+03	1.369025886369887530e+03
3.249673347845206950e-02	8.769121907787065311e+02	9.811522863513296215e+02	2.375785683912311015e+03	1.326710617417530329e+03
3.318540916255835471e-02	8.548629828982988101e+02	9.644654197401846432e+02	2.346387747436831887e+03	1.285509642180079027e+03
3.388867936577820428e-02	8.332286795403930455e+02	9.478872531122774490e+02	2.316950388007416223e+03	1.245411630542857893e+03
3.460685337736497946e-02	8.120138263440913988e+02	9.314267356801146889e+02	2.287489183562892322e+03	1.206411642331170469e+03
3.534024704107661952e-02	7.912002871933465258e+02	9.150795770081645060e+02	2.258001558423586630e+03	1.168455889765115671e+03
3.608918289407971741e-02	7.707850362041837116e+02	8.988470992723378004e+02	2.228490008275779928e+03	1.131520359194150387e+03
3.685399030879719234e-02	7.507685682197744654e+02	8.827352456067881121e+02	2.198965980230540481e+03	1.095594850963956560e+03
3.763500563776207147e-02	7.311545677889255330e+02	8.667527623040590470e+02	2.169445726976498008e+03	1.060675179259156721e+03
3.843257236154112161e-02	7.119253953359030902e+02	8.508932715082086133e+02	2.139922035405549195e+03	1.026709142929657901e+03
3.924704123979310538e-02	6.930779894199574755e+02	8.351592573529472929e+02	2.110400923503270860e+03	9.936766973903617099e+02
4.007877046552850431e-02	6.746124644054726787e+02	8.195572161528607467e+02	2.080895493915354109e+03	9.615667653922537284e+02
4.092812582263813392e-02	6.565316928679973216e+02	8.040937994786670515e+02	2.051418256405570901e+03	9.303744543025881057e+02
4.179548084676026898e-02	6.388185924241553266e+02	7.887617559218805354e+02	2.021960274234681037e+03	9.000481634676160638e+02
4.268121698955689575e-02	6.214700723117343841e+02	7.735661283416588958e+02	1.992534523141915543e+03	8.705746939372531870e+02
4.358572378647117967e-02	6.044859028473850913e+02	7.585122020259422015e+02	1.963152566086954494e+03	8.419423428115984507e+02
4.450939902804028347e-02	5.878681970995617121e+02	7.436041564991541009e+02	1.933822032680970324e+03	8.141435761210423152e+02
4.545264893483848267e-02	5.716004841123301503e+02	7.288383126968038823e+02	1.904543356396602576e+03	7.871354470707042310e+02
4.641588833612779463e-02	5.556796514917103877e+02	7.142176871050920681e+02	1.875324502827062815e+03	7.609027418946611760e+02
4.739954085229469011e-02	5.401051626105750074e+02	6.997449060895855837e+02	1.846171224848347492e+03	7.354313059259359306e+02
4.840403908115278181e-02	5.248784259961096268e+02	6.854274519915692281e+02	1.817100949945982620e+03	7.107175986363748734e+02
4.942982478819387543e-02	5.099836295063600460e+02	6.712598657567313012e+02	1.788109516740612435e+03	6.867221911365068081e+02
5.047734910087089966e-02	4.954176481496117503e+02	6.572436625817412050e+02	1.759202633501399532e+03	6.634279040688913938e+02
5.154707270699779992e-02	4.811796756469766478e+02	6.433841166472865325e+02	1.730393749620378685e+03	6.408263651001361723e+02
5.263946605735428386e-02	4.672704726929429739e+02	6.296870945595928788e+02	1.701697201756202048e+03	6.189109760590240512e+02
5.375500957258409762e-02	4.536749263925128162e+02	6.161448751762577558e+02	1.673102780571678750e+03	5.976431171932737243e+02
5.489419385447772554e-02	4.403899092765605019e+02	6.027615290311305216e+02	1.644623069952971719e+03	5.770112262083616770e+02
5.605751990173300781e-02	4.274143823123715151e+02	5.895407006957043450e+02	1.616269009505552049e+03	5.570061372418655310e+02
5.724549933028778848e-02	4.147485162946081800e+02	5.764865170459786441e+02	1.588051165670173987e+03	5.376181301969318156e+02
5.845865459832211286e-02	4.023779308077404266e+02	5.635947570264348769e+02	1.559969631409268459e+03	5.188176266409229811e+02
5.969751923602879817e-02	3.902995068324261183e+02	5.508658134533790189e+02	1.532027308655295201e+03	5.005891805042314218e+02
6.096263808025296355e-02	3.785120088908533376e+02	5.383039135949218235e+02	1.504236743574148022e+03	4.829262515836215925e+02
6.225456751410456124e-02	3.670150759707042312e+02	5.259142094716615929e+02	1.476613144431223645e+03	4.658205161728743633e+02
6.357387571164835327e-02	3.557950864863496463e+02	5.136891701538476127e+02	1.449147448426773735e+03	4.492412385719105146e+02
6.492114288777969811e-02	3.448489412062082238e+02	5.016323325654799419e+02	1.421852502742263596e+03	4.331784889374033582e+02
6.629696155339574737e-02	3.341752435034420614e+02	4.897456990747984946e+02	1.394734992019645460e+03	4.176241095803835606e+02
6.770193677597398374e-02	3.237731582107707595e+02	4.780334494624266313e+02	1.367808243809545957e+03	4.025694277511257724e+02
6.913668644567325106e-02	3.136298420672593465e+02	4.664897893128162991e+02	1.341068219006537902e+03	3.879887878272161856e+02
7.060184154707406512e-02	3.037422271516000478e+02	4.551156055072647177e+02	1.314520788931795551e+03	3.738703278908545258e+02
7.209804643667737378e-02	2.941087896894334222e+02	4.439151317806382622e+02	1.288180509259113251e+03	3.602089084708410951e+02
7.362595912628441819e-02	2.847282767710577787e+02	4.328900596076959459e+02	1.262053686044241431e+03	3.469945345722079537e+02
7.518625157238204015e-02	2.755886364145490006e+02	4.220350872015970367e+02	1.236137839132971067e+03	3.342046339121275764e+02
7.677960997166025092e-02	2.666868433753021463e+02	4.113513452227805942e+02	1.210440135119286651e+03	3.218291520406926907e+02
7.840673506279315086e-02	2.580212792685598515e+02	4.008413456140622202e+02	1.184970908308018807e+03	3.098610529842581514e+02
8.006834243461452560e-02	2.495903277072827677e+02	3.905081221278815633e+02	1.159741348138864169e+03	2.982937829440001565e+02
8.176516284082480102e-02	2.413827349567852991e+02	3.803444393152743146e+02	1.134742561668550024e+03	2.871048466229397036e+02
8.349794252136732986e-02	2.333955293316713835e+02	3.703526913220669599e+02	1.109986594298660521e+03	2.762864573427327173e+02
8.526744353061486981e-02	2.256270288177131818e+02	3.605338110966006866e+02	1.085478859380579479e+03	2.658307698869722344e+02
8.707444407251174745e-02	2.180753045644508461e+02	3.508908010657245882e+02	1.061232222986771148e+03	2.557324835550476791e+02
8.891973884281766105e-02	2.107299029722603052e+02	3.414167497858331330e+02	1.037237822145609243e+03	2.459710461010251663e+02
9.080413937860487561e-02	2.035879159113426908e+02	3.321128199995413866e+02	1.013504332436721825e+03	2.365390553470079169e+02
9.272847441516200717e-02	1.966476273651719850e+02	3.229807331042280794e+02	9.900404062904273133e+02	2.274302239898346443e+02
9.469359025046093781e-02	1.899068420037411897e+02	3.140219229850147258e+02	9.668544262787189609e+02	2.186386941077231825e+02
9.670035111734798239e-02	1.833559048631757946e+02	3.052302196685906779e+02	9.439397924471952592e+02	2.101461660707845454e+02
9.874963956362264872e-02	1.769919798212654314e+02	2.966060264267878779e+02	9.213027968687512157e+02	2.019461095917407363e+02
1.008423568401705106e-01	1.708133480430589657e+02	2.881510497565590185e+02	8.989523034033277327e+02	1.940330498471955991e+02
1.029794232973221257e-01	1.648175791140561159e+02	2.798659297639079568e+02	8.768953849383552779e+02	1.864002629036249061e+02
1.051617787896111378e-01	1.589958214113515851e+02	2.717447952515460656e+02	8.551254548556034933e+02	1.790328957016725155e+02
1.073903830891107247e-01	1.533453145015262464e+02	2.637875029747540907e+02	8.336469715101454767e+02	1.719239316279627303e+02
1.096662163075285135e-01	1.478643623256830324e+02	2.559956055650665974e+02	8.124691734818810573e+02	1.650690103233134778e+02
1.119902793272475605e-01	1.425503369015401347e+02	2.483693796043126838e+02	7.915984974557237592e+02	1.584616668838530131e+02
1.143635942415015677e-01	1.373951803030660699e+02	2.409025171450836638e+02	7.710254873296032656e+02	1.520884460496341717e+02
1.167872048038782751e-01	1.323962135753625091e+02	2.335951830593668035e+02	7.507563125247759217e+02	1.459434333389437199e+02
1.192621768873494831e-01	1.275517748973329901e+02	2.264483283520663406e+02	7.307986668873994631e+02	1.400222550578780556e+02
1.217895989530276418e-01	1.228591074714183264e+02	2.194616628244900483e+02	7.111568361983139539e+02	1.343191655563062739e+02
1.243705825288575900e-01	1.183108982201223540e+02	2.126293059802307823e+02	6.918224917335629698e+02	1.288220773194636308e+02
1.270062626984522769e-01	1.139045659164061135e+02	2.059511777219723569e+02	6.728011525988486028e+02	1.235260813648709330e+02
1.296977986002878502e-01	1.096384933887830329e+02	1.994274103565471137e+02	6.540969999232473810e+02	1.184264654438762676e+02
1.324463739374786009e-01	1.055098554697349158e+02	1.930578350373285730e+02	6.357160140029222930e+02	1.135184624068180739e+02
1.352531974983535168e-01	1.015120357795877482e+02	1.868364795133075802e+02	6.176482246396974460e+02	1.087912130302186284e+02
1.381195036880665805e-01	9.764256433352994691e+01	1.807628205837035011e+02	5.998971270628223920e+02	1.042400400400018015e+02
1.410465530714722360e-01	9.389987783859518800e+01	1.748373744707455444e+02	5.824694806251179671e+02	9.986149967280879025e+01
1.440356329275057634e-01	9.028113515601262407e+01	1.690589698711095821e+02	5.653666816929207926e+02	9.565031087876440097e+01
1.470880578153118678e-01	8.678036935643250160e+01	1.634222227938279275e+02	5.485806305629185999e+02	9.159754309647766490e+01
1.502051701523716420e-01	8.339523252959274657e+01	1.579260390005802321e+02	5.321124729487592049e+02	8.769852834378124840e+01
1.533883408048797858e-01	8.012422327274296663e+01	1.525710559490387084e+02	5.159691150671917512e+02	8.395041763080494945e+01
1.566389696906345663e-01	7.696452910196913422e+01	1.473553917053606881e+02	5.001499856950866274e+02	8.034834457515707129e+01
1.599584863947036695e-01	7.391078641050000897e+01	1.422739117508314735e+02	4.846460930687255200e+02	7.688411947707918159e+01
1.633483507981373095e-01	7.096077763351644307e+01	1.373258982639172530e+02	4.694607215487241092e+02	7.355435872654342688e+01
1.668100537200059019e-01	6.811306996446035100e+01	1.325108482691356357e+02	4.545955386397694724e+02	7.035574983049646391e+01
1.703451175730422984e-01	6.536491686304835014e+01	1.278273655054510982e+02	4.400522928773085027e+02	6.728413047207875763e+01
1.739550970331800450e-01	6.271151321478547658e+01	1.232702893785128850e+02	4.258206983169507680e+02	6.433261060715796020e+01
1.776415797232799298e-01	6.015077763570332081e+01	1.188385525319355338e+02	4.119023833723375105e+02	6.149760125233720487e+01
1.814061869113461622e-01	5.768135130953783829e+01	1.145318978897752800e+02	3.983000699327222378e+02	5.877664782825487322e+01
1.852505742235391883e-01	5.530058404738308298e+01	1.103482535628025261e+02	3.850124378105459755e+02	5.616576426622081186e+01
1.891764323722997243e-01	5.300418585992419196e+01	1.062828591874008453e+02	3.720297801836001668e+02	5.365877387630001039e+01
1.931854878999012814e-01	5.079021510400265527e+01	1.023346912285251875e+02	3.593535410127098544e+02	5.125292731013084335e+01
1.972795039377621684e-01	4.865739106000918923e+01	9.850303621589350200e+01	3.469845623013300155e+02	4.894570313456430455e+01
2.014602809818480389e-01	4.660318391589464682e+01	9.478590150514546053e+01	3.349214860762174908e+02	4.673351225653280494e+01
2.057296576845067948e-01	4.462377705548338014e+01	9.117874701141475668e+01	3.231544674623336277e+02	4.461125053790783568e+01
2.100895116630852322e-01	4.271737005845237434e+01	8.768014322878080691e+01	3.116827985822709479e+02	4.257606919821626690e+01
2.145417603256798700e-01	4.088276313526089467e+01	8.428975026532923209e+01	3.005088459567380141e+02	4.062608492394441129e+01
2.190883617143895290e-01	3.911756505705410802e+01	8.100499896363878349e+01	2.896283136764723736e+02	3.875791506078183346e+01
2.237313153664367560e-01	3.741839257520715023e+01	7.782182580738414401e+01	2.790323356678897539e+02	3.696710424692009411e+01
2.284726631935388719e-01	3.578358608010496766e+01	7.473877044957073679e+01	2.687196977329176093e+02	3.525123664084639330e+01
2.333144903799153069e-01	3.421202835849774715e+01	7.175521964122587804e+01	2.586913500470400322e+02	3.360863936620680903e+01
2.382589262993237145e-01	3.270147970883748911e+01	6.886867250763988579e+01	2.489427996540434265e+02	3.203620173077204214e+01
2.433081454515323150e-01	3.124895209735733204e+01	6.607527109516372832e+01	2.394651174407164547e+02	3.053012221761748179e+01
2.484643684186368384e-01	2.985292464678811086e+01	6.337360632057583132e+01	2.302566646714945762e+02	2.908842198654246403e+01
2.537298628416438939e-01	2.851236323767988878e+01	6.076287029487362190e+01	2.213175657029733827e+02	2.770937628345119563e+01
2.591069444177515613e-01	2.722518797521150091e+01	5.824060046531948842e+01	2.126427394424898409e+02	2.639036301872638646e+01
2.645979779187619951e-01	2.598876982837415284e+01	5.580313070059278857e+01	2.042230503810844766e+02	2.512811336870581158e+01
2.702053782310787078e-01	2.480172312209398200e+01	5.344915638961040827e+01	1.960571882910863621e+02	2.392083112788676402e+01
2.759316114177428059e-01	2.366309632127463658e+01	5.117768693351879250e+01	1.881437463023440557e+02	2.276702698664025348e+01
2.817791958029755572e-01	2.257097353268390449e+01	4.898639768159724639e+01	1.804780170191783100e+02	2.166443792629552689e+01
2.877507030797054055e-01	2.152305052268990693e+01	4.687183610747463547e+01	1.730507542345540344e+02	2.061020608132352194e+01
2.938487594405665426e-01	2.051807205943165258e+01	4.483266573765716601e+01	1.658599143595545229e+02	1.960274708017404421e+01
3.000760467328633108e-01	1.955516775832915499e+01	4.286792753192283101e+01	1.589041373394693437e+02	1.864079425255631861e+01
3.064353036380134121e-01	1.863258641697659002e+01	4.097527224054726247e+01	1.521778316402925100e+02	1.772234323189050542e+01
3.129293268759847368e-01	1.774831644541085041e+01	3.915159286283685702e+01	1.456725163859640020e+02	1.684492056816216632e+01
3.195609724352570513e-01	1.690122728359391147e+01	3.739556125011397114e+01	1.393857228347197292e+02	1.600717518408298901e+01
3.263331568288500573e-01	1.609052745969744436e+01	3.570623343731575261e+01	1.333158222691295123e+02	1.520805286978225368e+01
3.332488583769670498e-01	1.531462819445961898e+01	3.408127426185014031e+01	1.274566993037565368e+02	1.444570069894350794e+01
3.403111185168231634e-01	1.457178046533207194e+01	3.251792721904936201e+01	1.218006563347710198e+02	1.371807499183651657e+01
3.475230431402304698e-01	1.386097181830237979e+01	3.101476804076477123e+01	1.163442062700206492e+02	1.302395379453349733e+01
3.548878039595292910e-01	1.318148676038646805e+01	2.957102590258727659e+01	1.110863497573941601e+02	1.236250230970338926e+01
3.624086399024666338e-01	1.253189424757659154e+01	2.818434245777738667e+01	1.060201976667843553e+02	1.173200916708576003e+01
3.700888585366366446e-01	1.191067982958418803e+01	2.685232093465227265e+01	1.011390012436227011e+02	1.113081162624435017e+01
3.779318375241043637e-01	1.131694199333173856e+01	2.557351792710068850e+01	9.643872112249347595e+01	1.055781381086771376e+01
3.859410261068597081e-01	1.075003772573457006e+01	2.434722401488980026e+01	9.191833211930479308e+01	1.001231217854213185e+01
3.941199466237500504e-01	1.020868709657858275e+01	2.317121212355042914e+01	8.757102327772308570e+01	9.492812172787429503e+00
4.024721960595590287e-01	9.691584299986198303e+00	2.204327931373534710e+01	8.339020406908792893e+01	8.997897510533713117e+00
4.110014476269163164e-01	9.197931191866885570e+00	2.096218064264786918e+01	7.937243406281203306e+01	8.526678819029866574e+00
4.197114523817274123e-01	8.727153289407905135e+00	1.992706938844053255e+01	7.551566929307303155e+01	8.078470522683039334e+00
4.286060408728412652e-01	8.278113676602366411e+00	1.893598632635452716e+01	7.181387166130620869e+01	7.652039114512247941e+00
4.376891248266767120e-01	7.849691302136839077e+00	1.798691661569031908e+01	6.826066651836428889e+01	7.246170034330904564e+00
4.469646988675492483e-01	7.441183581535684155e+00	1.707868458615267571e+01	6.485263861627129245e+01	6.860087128192569494e+00
4.564368422744575216e-01	7.052080277878840953e+00	1.621055959481838116e+01	6.158796773233454047e+01	6.493246951604863426e+00
4.661097207750954374e-01	6.681378323970987410e+00	1.538064415549300357e+01	5.846042697967227753e+01	6.144542748355707573e+00
4.759875883778879602e-01	6.328119522029718169e+00	1.458719641850172088e+01	5.546440722615367491e+01	5.812974081884179967e+00
4.860747892428489703e-01	5.991688957176267039e+00	1.382915094170538772e+01	5.259664805600115045e+01	5.497891474806201551e+00
4.963757595920870180e-01	5.671636127024633822e+00	1.310575105379986560e+01	4.985497424943998368e+01	5.198790203149726175e+00
5.068950296608012440e-01	5.367081946676595550e+00	1.241532809889091205e+01	4.723379400470878409e+01	4.914760168634474624e+00
5.176372256896176749e-01	5.077211099594500787e+00	1.175633029418178133e+01	4.472791532267090275e+01	4.644963243499552696e+00
5.286070719591531297e-01	4.801488503950380959e+00	1.112775874412921162e+01	4.233411215611142353e+01	4.388819372296911325e+00
5.398093928676924724e-01	4.539518755179580367e+00	1.052893083734819335e+01	4.005028982516348890e+01	4.145912211195470931e+00
5.512491150528981976e-01	4.290536501977651795e+00	9.958359187418118097e+00	3.787137853079222793e+01	3.915484545254699800e+00
5.629312695584811621e-01	4.053851190937102444e+00	9.414648044247421410e+00	3.579251710506366635e+01	3.696813763852191403e+00
5.748609940467923618e-01	3.828999908934149765e+00	8.896917553085495811e+00	3.381076629109590925e+01	3.489419668666158714e+00
5.870435350582976497e-01	3.615637675154353747e+00	8.404551493552407493e+00	3.192414922822463197e+01	3.292957434706572428e+00
5.994842503189414806e-01	3.413102515351667865e+00	7.936177555524847271e+00	3.012778023802377092e+01	3.106756260097010447e+00
6.121886110964055439e-01	3.220812291284322448e+00	7.490613857035616441e+00	2.841750164124974631e+01	2.930239130597076525e+00
6.251622046063020077e-01	3.038368861338362148e+00	7.067074309135973564e+00	2.679058955104999384e+01	2.763006846636965275e+00
6.384107364693620834e-01	2.865473039311926318e+00	6.664987989221049069e+00	2.524511765847806899e+01	2.604753264717600381e+00
6.519400332206916060e-01	2.701555990570625898e+00	6.283144231729173690e+00	2.377667012046922324e+01	2.454915346206249183e+00
6.657560448722088520e-01	2.546129320814841890e+00	5.920516458599811571e+00	2.238153035486274334e+01	2.313012393165333691e+00
6.798648475293831428e-01	2.398852609720408591e+00	5.576416495712585686e+00	2.105726618005421713e+01	2.178713759260746397e+00
6.942726460634290886e-01	2.259467948729159126e+00	5.250334438744187260e+00	1.980209291152288742e+01	2.051771066774884744e+00
7.089857768401280902e-01	2.127489709762500958e+00	4.941201102437955406e+00	1.861201973993058090e+01	1.931700676562300156e+00
7.240107105064845783e-01	2.002510149087942004e+00	4.648138181108905087e+00	1.748379781381538223e+01	1.818108320435821934e+00
7.393540548364295750e-01	1.884239922883929275e+00	4.370535966017887297e+00	1.641519566576547007e+01	1.710717034563416616e+00
7.550225576368376768e-01	1.772458053898058994e+00	4.107940323508430858e+00	1.540457859305499788e+01	1.609312459996687927e+00
7.710231097151263313e-01	1.666752636914205388e+00	3.859439543393271776e+00	1.444851691999611987e+01	1.513501778104259454e+00
7.873627479097432547e-01	1.566784958006217865e+00	3.624280151777968140e+00	1.354416044463225255e+01	1.422961308722484830e+00
8.040486581848822478e-01	1.472310555579715574e+00	3.401929088203195839e+00	1.268951201198514234e+01	1.337457304485720089e+00
8.210881787907730045e-01	1.383141251685577888e+00	3.191978521456304563e+00	1.188304226062433777e+01	1.256806455014338741e+00
8.384888034909533383e-01	1.298929939126425959e+00	2.993650475627227081e+00	1.112178784994317127e+01	1.180685842262642504e+00
8.562581848579297050e-01	1.219396678305822546e+00	2.806313995063716593e+00	1.040333470635820134e+01	1.108832687488841895e+00
8.744041376386801900e-01	1.144336172920569883e+00	2.629505246073795099e+00	9.725904306438051705e+00	1.041050990603134885e+00
8.929346421914835519e-01	1.073589163107067090e+00	2.462868256223548435e+00	9.088134501045656677e+00	9.771887707449625760e-01
9.118578479955742333e-01	1.006865048123988249e+00	2.305736398231853723e+00	8.487450045436434110e+00	9.169768374767049979e-01
9.311820772351820930e-01	9.439336643542047822e-01	2.157583639824128596e+00	7.921817545119545834e+00	8.602032279067467480e-01
9.509158284595223831e-01	8.846236555861051176e-01	2.018017271262367629e+00	7.389711242988029838e+00	8.067079283778777476e-01
9.710677803203476843e-01	8.288010733771516980e-01	1.886735422984245014e+00	6.889964807852400064e+00	7.563670265071068544e-01
9.916467953887124764e-01	7.762242126395831887e-01	1.763172167564964976e+00	6.420366163302571927e+00	7.089570042862338717e-01
1.012661924052612461e+00	7.267048361077392826e-01	1.646886600893624708e+00	5.979188173447084864e+00	6.643037281726629217e-01
1.034122408497234025e+00	6.801007961768918975e-01	1.537547848508331594e+00	5.565132479387689735e+00	6.222766248339252071e-01
1.056037686769547568e+00	6.363001394447471704e-01	1.434894281780685565e+00	5.177164759415924244e+00	5.827722798154626460e-01
1.078417396929040706e+00	5.951031478850342671e-01	1.338455988480562242e+00	4.813445213828338787e+00	5.456092013300897214e-01
1.101271381286411888e+00	5.563567037439981489e-01	1.247870243986716643e+00	4.472542467179365211e+00	5.106476786554718927e-01
1.124609690732098155e+00	5.199436220919054774e-01	1.162860653498537289e+00	4.153363965455725726e+00	4.777812605568577120e-01
1.148442589156521310e+00	4.857709252379678877e-01	1.083205281432984446e+00	3.855021876623210719e+00	4.469250290413456783e-01
1.172780557964020254e+00	4.536746773032506175e-01	1.008513686676978827e+00	3.575977704879812258e+00	4.179309569111525069e-01
1.197634300682437924e+00	4.235310126615806081e-01	9.384908309917349145e-01	3.315065963546943717e+00	3.906871502153803632e-01
1.223014747670394531e+00	3.952439324225716089e-01	8.729065372662727640e-01	3.071369372241298468e+00	3.651067649863539710e-01
1.248933060924324545e+00	3.687367119982909447e-01	8.115766448830139534e-01	2.844150946652268086e+00	3.411204270263997751e-01
1.275400638987373769e+00	3.438756810206045622e-01	7.541794835306382394e-01	2.632139415672406724e+00	3.186075620395180108e-01
1.302429121962336289e+00	3.205611988190319450e-01	7.004760253604986886e-01	2.434389346566479873e+00	2.974787791330494868e-01
1.330030396630823342e+00	2.987151223815560086e-01	6.502759696160055336e-01	2.250137346667923310e+00	2.776638508744738720e-01
1.358216601680917401e+00	2.782745480963051410e-01	6.034263282031433473e-01	2.078767968894069451e+00	2.591064857850059466e-01
1.387000133045610317e+00	2.591312133117997796e-01	5.596664969409850254e-01	1.919255237590241414e+00	2.417097396623542060e-01
1.416393649354382722e+00	2.412054222662686487e-01	5.188041508630352183e-01	1.770837982823002532e+00	2.254026499610523870e-01
1.446410077500298819e+00	2.244339758254526307e-01	4.806848214756590520e-01	1.632898096149339562e+00	2.101286630349376572e-01
1.477062618325094778e+00	2.087656384351634364e-01	4.451827462225593224e-01	1.504929103783113176e+00	1.958421332962058947e-01
1.508364752424737887e+00	1.941133179634270678e-01	4.120879593405930574e-01	1.386107702654999940e+00	1.824653336832033901e-01
1.540330246078020826e+00	1.804136420781468630e-01	3.812467799724714168e-01	1.275826732401542873e+00	1.699418339003118117e-01
1.572973157300799230e+00	1.676158304968664858e-01	3.525348063255238640e-01	1.173590355386022965e+00	1.582264881440279547e-01
1.606307842028519950e+00	1.556784270196337194e-01	3.258498577954178632e-01	1.078988096031032073e+00	1.472825599861904144e-01
1.640348960429783842e+00	1.445318477797296330e-01	3.010245160060105452e-01	9.913683394838681551e-01	1.370481663305702924e-01
1.675111483353698638e+00	1.341259991224460768e-01	2.779367619969549397e-01	9.102504889996808624e-01	1.274787018032891850e-01
1.710610698913865635e+00	1.244203483593745024e-01	2.564875478295247091e-01	8.352427174889323069e-01	1.185382535686911182e-01
1.746862219211904321e+00	1.153815760360165227e-01	2.365948723710238621e-01	7.660180686994926269e-01	1.101973976769023283e-01
1.783881987203444153e+00	1.069544696664600641e-01	2.181261090464710062e-01	7.020640657251208117e-01	1.024069997252013420e-01
1.821686283709640364e+00	9.909967096342023329e-02	2.009856819997363209e-01	6.430074445531105409e-01	9.513213246292687164e-02
1.860291734577268707e+00	9.178504291389605330e-02	1.850957838399793220e-01	5.885441488863404347e-01	8.834451601909952545e-02
1.899715317990559260e+00	8.498398674708540490e-02	1.703903270195513964e-01	5.384114133026307591e-01	8.202052027644239629e-02
1.939974371937992492e+00	7.865299803490798103e-02	1.567660620868325805e-01	4.922160854721754353e-01	7.612149309101054473e-02
1.981086601837313665e+00	7.276134331658443144e-02	1.441485795137343595e-01	4.496703850675447534e-01	7.062012536297787579e-02
2.023070088322156401e+00	6.728371465672294827e-02	1.324765904558671270e-01	4.105366893915053383e-01	6.549410043925366076e-02
2.065943295193674256e+00	6.219902354345687584e-02	1.216983849993160949e-01	3.746129420316492986e-01	6.072468569726049287e-02
2.109725077540682392e+00	5.747323208220888463e-02	1.117333081885130003e-01	3.415949949248595074e-01	5.628147076382431641e-02
2.154434690031884259e+00	5.308249185948912818e-02	1.025243131242076361e-01	3.112656267207546401e-01	5.214328830855301244e-02
2.200091795383838367e+00	4.900700951073551359e-02	9.402386791404791777e-02	2.834431602006203810e-01	4.829261377820771861e-02
2.246716473008353532e+00	4.523018097732155185e-02	8.619171075405586413e-02	2.579724730455201231e-01	4.471481740921529752e-02
2.294329227843169949e+00	4.172556457891414550e-02	7.896601216956004865e-02	2.346243860376367452e-01	4.138623736379756085e-02
2.342950999369765697e+00	3.847477247330951394e-02	7.230316019425965524e-02	2.132353729434105782e-01	3.829044294335326448e-02
2.392603170822269476e+00	3.546243185810887821e-02	6.616654157733328767e-02	1.936677129672756958e-01	3.541371427907429731e-02
2.443307578591545681e+00	3.267556110263626634e-02	6.052486386726989298e-02	1.758026644047013809e-01	3.274455280863526607e-02
2.495086521828544068e+00	3.009376750341324555e-02	5.533127177815540254e-02	1.594700290103703566e-01	3.026464508914421953e-02
2.547962772251191943e+00	2.770296548293054925e-02	5.055286407602049836e-02	1.445487308569944063e-01	2.796140884124297121e-02
2.601959584159102334e+00	2.549129966394533126e-02	4.616175698121011833e-02	1.309357536402395161e-01	2.582425829304522275e-02
2.657100704660517732e+00	2.344869255646234510e-02	4.213401900563851221e-02	1.185422873490521722e-01	2.384410431372719838e-02
2.713410384115983121e+00	2.155953139557164125e-02	3.843425903867719873e-02	1.072422805730611772e-01	2.200685498828069617e-02
2.770913386803353973e+00	1.981309750715389700e-02	3.503783363332055312e-02	9.694688029467106449e-02	2.030287710389794276e-02
2.829635001808795014e+00	1.820031346570413419e-02	3.192385615328032639e-02	8.758073173131923628e-02	1.872407190928685253e-02
2.889601054148607684e+00	1.671341242950593123e-02	2.907412747704669204e-02	7.907769096884903481e-02	1.726340605773386133e-02
2.950837916126738403e+00	1.534052953712833171e-02	2.646226465773915404e-02	7.134602428695525911e-02	1.591005937904265213e-02
3.013372518932980082e+00	1.407356304896176941e-02	2.407000332257102498e-02	6.432145541311279358e-02	1.465670563707196714e-02
3.077232364486974792e+00	1.290561293697227788e-02	2.188171003401446005e-02	5.794883590004350910e-02	1.349711613495838819e-02
3.142445537533192557e+00	1.183073675889961991e-02	1.988378926645782349e-02	5.218007031287351383e-02	1.242590587116031847e-02
3.209040717992251324e+00	1.083998540666917913e-02	1.805676821431805718e-02	4.694916979148004710e-02	1.143483494803168750e-02
3.277047193573979555e+00	9.927277042711962415e-03	1.638724170077981990e-02	4.221018632704409690e-02	1.051836132741978090e-02
3.346494872657771680e+00	9.087405312827409598e-03	1.486359844090755396e-02	3.792319969308802913e-02	9.671688414829229460e-03
3.417414297445926952e+00	8.315857138943805529e-03	1.347579249223768497e-02	3.405367503991963557e-02	8.890714537085507227e-03
3.489836657395697816e+00	7.605933892959821155e-03	1.220964466526766774e-02	3.055496474469994450e-02	8.169245779950030234e-03
3.563793802936028321e+00	6.953101818903814277e-03	1.105530331582903550e-02	2.739415273462564304e-02	7.503062701737960721e-03
3.639318259474964901e+00	6.353461817715933511e-03	1.000433467132286029e-02	2.454314273310550382e-02	6.888571779534414900e-03
3.716443241703908829e+00	5.803611952976449676e-03	9.049367951099399759e-03	2.197734248172981270e-02	6.322657896499730978e-03
3.795202668205029717e+00	5.298576759142109571e-03	8.180114215466006630e-03	1.966391476125606969e-02	5.800634865503149877e-03
3.875631176368202979e+00	4.835000441423251138e-03	7.389487969182852167e-03	1.757992982322019102e-02	5.319345816562590611e-03
3.957764137624104617e+00	4.409985027878625570e-03	6.671411345394352363e-03	1.570577827218930245e-02	4.876102662224259150e-03
4.041637673000112230e+00	4.020985549466296605e-03	6.020512619375982359e-03	1.402413000069013468e-02	4.468534212861516308e-03
4.127288669005872102e+00	3.664335317824548265e-03	5.429409441617529496e-03	1.251216411080755680e-02	4.093136385741799436e-03
4.214754793855508552e+00	3.337568330686468618e-03	4.893078492262295520e-03	1.115419074661622503e-02	3.747587155740443685e-03
4.304074514033643162e+00	3.038547249057246564e-03	4.407145469550188127e-03	9.936561331359200500e-03	3.429862132187338000e-03
4.395287111212434539e+00	2.765382781251216754e-03	3.967752337351060886e-03	8.847259002842014497e-03	3.138180163669580889e-03
4.488432699527177050e+00	2.515394183562220769e-03	3.569675428453971105e-03	7.870716272859311358e-03	2.869936717298889137e-03
4.583552243217979161e+00	2.286782591281471926e-03	3.209358442208821473e-03	6.996212471726135501e-03	2.623409073502069172e-03
4.680687574645305382e+00	2.077983952625599758e-03	2.883714649579431806e-03	6.214466038024404893e-03	2.397106969440804952e-03
4.779881412687339015e+00	1.887606612072080308e-03	2.589981245622392965e-03	5.517191586265049810e-03	2.189686571358330589e-03
4.881177381527165515e+00	1.713706443504326967e-03	2.324513392041663729e-03	4.893940686005225117e-03	1.999243393753967306e-03
4.984620029838152888e+00	1.554981011403560156e-03	2.084814745515978750e-03	4.337467367370747770e-03	1.824500742831783448e-03
5.090254850375883322e+00	1.410294849092115933e-03	1.868725763113657451e-03	3.841532586957016777e-03	1.664358800228543048e-03
5.198128299985286915e+00	1.278630916862257992e-03	1.674304755714687166e-03	3.400546617432703006e-03	1.517824410013730082e-03
5.308287820031761584e+00	1.158590835637867637e-03	1.499019623495671198e-03	3.007536869620130570e-03	1.383499749644935160e-03
5.420781857265304815e+00	1.049238741720299843e-03	1.341144395821482205e-03	2.657693787325859924e-03	1.260456775891516694e-03
5.535659885126738011e+00	9.497569445422855911e-04	1.199178447312135428e-03	2.346859088334164820e-03	1.147883613838253380e-03
5.652972425505520704e+00	8.594080939862523564e-04	1.071773340594365468e-03	2.071317410701510164e-03	1.045051174483302122e-03
5.772771070958623518e+00	7.771947234347526814e-04	9.571913381568493417e-04	1.826484260249407491e-03	9.509415545981273659e-04
5.895108507400270703e+00	7.024495458647381316e-04	8.542520491924531769e-04	1.609212014011632838e-03	8.648834365031705159e-04
6.020038537272556667e+00	6.345885262010837399e-04	7.619240374039218432e-04	1.416764118011241448e-03	7.862853884306141277e-04
6.147616103207036886e+00	5.730813941430898265e-04	6.792789945625446902e-04	1.246698320230888758e-03	7.146114599731900495e-04
6.277897312187818990e+00	5.172226737103926110e-04	6.051378998191916546e-04	1.096040973292829309e-03	6.491285114049814148e-04
6.410939460226692255e+00	4.665402993712379660e-04	5.386994983730923744e-04	9.627511371277478218e-04	5.893501900101168938e-04
6.546801057561175696e+00	4.206205897126107963e-04	4.792660197032730862e-04	8.450628115361735965e-04	5.348518617977488648e-04
6.685541854386596761e+00	3.790853045233737824e-04	4.262022509038511722e-04	7.413824069007864592e-04	4.852406508626636332e-04
6.827222867133428963e+00	3.414397797880209065e-04	3.787196671487845848e-04	6.498152885579218992e-04	4.399929998937583383e-04
6.971906405301561804e+00	3.073527109462007218e-04	3.362802447290482778e-04	5.690553652500175740e-04	3.987604378169035103e-04
7.119656098863218929e+00	2.765335557870908598e-04	2.984161190672965196e-04	4.979753393543162425e-04	3.612382027191902295e-04
7.270536926246596643e+00	2.487147378654260715e-04	2.646983783440965093e-04	4.355519191437763398e-04	3.271414732267017796e-04
7.424615242912579127e+00	2.235524535914091876e-04	2.346043466863131943e-04	3.805908063218274898e-04	2.960984648361560134e-04
7.581958810536977289e+00	2.008160626193272681e-04	2.077774029722132421e-04	3.322691728388559116e-04	2.678617873745674986e-04
7.742636826811277295e+00	1.803032609861476897e-04	1.839060748890473127e-04	2.898738353866649078e-04	2.422123113281546400e-04
7.906719955874896399e+00	1.618263304678832612e-04	1.627055470140642481e-04	2.527608522434333081e-04	2.189478463967666551e-04
8.074280359392364659e+00	1.451484599337608090e-04	1.438324167537493909e-04	2.201851383240561414e-04	1.978050502367907550e-04
8.245391728289099831e+00	1.301104008160375183e-04	1.270526068802665021e-04	1.916347310125469244e-04	1.786086187273424946e-04
8.420129315159766037e+00	1.165725222154192581e-04	1.121621295681412785e-04	1.666670371778150345e-04	1.612042703093126091e-04
8.598569967363353328e+00	1.044042299251764986e-04	9.897259965231834720e-05	1.448789619140757132e-04	1.454472908748411051e-04
8.780792160819700598e+00	9.344390529585148682e-05	8.726195955502738522e-05	1.258145779608633844e-04	1.311537633934255502e-04
8.966876034522190508e+00	8.358250413184935767e-05	7.687815500805942584e-05	1.091592044883800216e-04	1.182004171091663794e-04
9.156903425781846906e+00	7.472451013373207561e-05	6.768883728212838832e-05	9.464140124653635351e-05	1.064790615910210557e-04
9.350957906218383187e+00	6.677983802598334330e-05	5.957126260515135187e-05	8.201330389921531101e-05	9.588749303820902662e-05
9.549124818513869073e+00	5.963921771046064437e-05	5.238298997688080056e-05	7.099845020193274055e-05	8.629758870832920058e-05
9.751491313945386707e+00	5.322861017532699190e-05	4.602631556494140875e-05	6.140604249902207083e-05	7.762333031702050657e-05
9.958146390713055851e+00	4.748282633176401817e-05	4.041618033834887578e-05	5.307178437363329921e-05	6.978926991999276168e-05
1.016918093308028581e+01	4.234157938625668404e-05	3.547447048393416675e-05	4.584651490048011012e-05	6.272493498102594243e-05
1.038468775134352740e+01	3.773037334311369386e-05	3.110997337295136268e-05	3.956393458268554043e-05	5.634037009994605048e-05
1.060476162264905220e+01	3.359980742946409052e-05	2.726093804827967092e-05	3.411027903264595107e-05	5.057680606061340978e-05
1.082949933267470577e+01	2.990642858485973167e-05	2.387381735315003979e-05	2.938807905298517018e-05	4.538258673033674701e-05
1.105899971819510696e+01	2.660836379725103846e-05	2.089783166599113023e-05	2.530660827159405483e-05	4.070684685456115972e-05
1.129336371054865928e+01	2.365719221964688424e-05	1.827684630831616767e-05	2.176929413409047095e-05	3.648984109374558456e-05
1.153269438002595848e+01	2.101961778803213647e-05	1.597182861024328939e-05	1.870871462953967491e-05	3.269067714031417121e-05
1.177709698119876869e+01	1.866673313073474353e-05	1.394922844275652392e-05	1.606752010303979581e-05	2.927378603079332293e-05
1.202667899920963279e+01	1.657038585546695468e-05	1.217699400852728131e-05	1.379201178515494702e-05	2.620415758688706358e-05
1.228155019704247053e+01	1.469879928731250290e-05	1.062047300417016057e-05	1.182624182618967805e-05	2.344125677382895656e-05
1.254182266379493349e+01	1.302994435613404120e-05	9.255453063798339813e-06	1.013102531964881126e-05	2.095720597047463673e-05
1.280761086397376225e+01	1.154476592607810517e-05	8.061115540622292908e-06	8.672986924183169406e-06	1.872786493027814140e-05
1.307903168783481007e+01	1.022452673859970558e-05	7.017501638174387519e-06	7.420860542898133366e-06	1.672911598083551626e-05
1.335620450278989146e+01	9.048562869463121141e-06	6.103496080917198041e-06	6.342731061939713787e-06	1.493381176604774870e-05
1.363925120590300821e+01	8.002437057373181422e-06	5.304184385204692683e-06	5.415999104581947670e-06	1.332308289526527703e-05
1.392829627749924271e+01	7.073705234148643125e-06	4.606872436348796581e-06	4.621653590832988018e-06	1.188064249020268565e-05
1.422346683590943783e+01	6.250023226608631773e-06	3.999257053177196688e-06	3.941698328963364202e-06	1.059006957224014209e-05
1.452489269337533528e+01	5.518078018360221341e-06	3.468595693657461538e-06	3.358128669520911926e-06	9.433311523320470193e-06
1.483270641313931115e+01	4.868498452417415244e-06	3.005853231254801229e-06	2.858173464056561362e-06	8.397673743554405319e-06
1.514704336774399174e+01	4.293234633167905212e-06	2.603349724309699048e-06	2.431096668816510209e-06	7.472308587894923696e-06
1.546804179856737527e+01	3.784237678409807038e-06	2.253607503701354837e-06	2.066711314936206681e-06	6.646117188019525673e-06
1.579584287661962527e+01	3.333011296318857931e-06	1.949029820774845900e-06	1.755005858937170805e-06	5.907169941894486353e-06
1.613059076462826624e+01	2.933531910396997438e-06	1.684207397741201844e-06	1.488859821326654754e-06	5.247075311546847894e-06
1.647243268043913034e+01	2.580642187354844281e-06	1.454538447481221895e-06	1.262279584487431698e-06	4.658566996713767440e-06
1.682151896176083383e+01	2.269148433707871622e-06	1.255544637983231733e-06	1.069594815171111700e-06	4.134280231599758967e-06
1.717800313228151410e+01	1.993680326146198800e-06	1.082742639078634526e-06	9.053047296803364815e-07	3.666381256826012490e-06
1.754204196918641045e+01	1.750404321769927652e-06	9.324608391974699549e-07	7.650844310759496845e-07	3.249339773085648717e-06
1.791379557210657580e+01	1.536048553365013217e-06	8.034059984911149509e-07	6.468888835016965713e-07	2.878399341672282306e-06
1.829342743352862044e+01	1.347296895033042610e-06	6.914951450954293083e-07	5.463487835426141743e-07	2.548649046637739446e-06
1.868110451069663469e+01	1.180787970414282936e-06	5.941547907706582841e-07	4.605458574087564853e-07	2.255038283828427094e-06
1.907699729903783492e+01	1.033617129774448710e-06	5.104744462111197581e-07	3.880287776181918277e-07	1.993929342121342562e-06
1.948127990714428748e+01	9.051975005586202037e-07	4.381687866720989936e-07	3.268104795859500662e-07	1.762232135153733132e-06
1.989413013334363711e+01	7.919660683535887631e-07	3.759491288406085611e-07	2.750425352957046453e-07	1.556735859083169545e-06
2.031572954389253738e+01	6.918446180050611835e-07	3.222637906016442853e-07	2.312203072603644057e-07	1.374170322248758998e-06
2.074626355282718393e+01	6.043760857541564750e-07	2.760753483957181565e-07	1.941153565818820771e-07	1.212202668110461519e-06
2.118592150350598402e+01	5.280426816620132044e-07	2.363399553166898757e-07	1.629391277609616528e-07	1.068824017581361935e-06
2.163489675188052530e+01	4.604035413664361414e-07	2.021636805135972498e-07	1.366409147450001176e-07	9.419458644498396826e-07
2.209338675153079734e+01	4.013938637779681640e-07	1.727709815795103390e-07	1.144678516023044743e-07	8.294973065390459752e-07
2.256159314050291798e+01	3.496071553576513719e-07	1.474517718687195373e-07	9.584910527572344911e-08	7.294992211925641467e-07
2.303972182998693796e+01	3.044236284296950502e-07	1.258399551610958358e-07	8.007166979158604576e-08	6.420787745197730223e-07
2.352798309487394945e+01	2.648854803596470660e-07	1.072876595730771553e-07	6.689202535620660250e-08	5.640131655623732572e-07
2.402659166623228870e+01	2.303020317168181486e-07	9.139217603368792165e-08	5.593555947326895270e-08	4.954120314743453022e-07
2.453576682574353285e+01	2.001512106626396161e-07	7.793438655844045656e-08	4.674486495568191205e-08	4.349210172790518970e-07
2.505573250213976877e+01	1.738137440079122357e-07	6.610400349841368628e-08	3.884356987083241433e-08	3.815867427840189946e-07
2.558671736968459953e+01	1.508183930052567300e-07	5.627722130388355443e-08	3.240537980638354797e-08	3.345732487299173418e-07
2.612895494874115698e+01	1.307650237965521103e-07	4.787097794413047302e-08	2.700745863431384948e-08	2.931323079788413680e-07
2.668268370847132687e+01	1.133480553082557817e-07	4.069969284529084689e-08	2.249504275147378455e-08	2.565668138308152909e-07
2.724814717171165412e+01	9.804000205883444900e-08	3.441603369923743320e-08	1.862964019190804926e-08	2.245164834945088744e-07
2.782559402207125743e+01	8.480186669947733051e-08	2.921161567657854511e-08	1.549010435849576139e-08	1.963147711029357693e-07
2.841527821329990999e+01	7.342571163662500904e-08	2.477311015780032385e-08	1.286677892881474168e-08	1.715333776793575567e-07
2.901745908097360527e+01	6.354893798208254885e-08	2.099833719144884384e-08	1.068129127702401793e-08	1.498463423751398548e-07
2.963240145654703639e+01	5.471940926454173334e-08	1.770157537404834542e-08	8.815892412379144764e-09	1.307779215416918497e-07
3.026037578382308624e+01	4.728317880611232676e-08	1.497905575645685777e-08	7.305731221596613488e-09	1.140349243309411498e-07
3.090165823789054755e+01	4.082771439077598491e-08	1.266432198990257667e-08	6.048152478026863974e-09	9.936773402796366254e-08
3.155653084658241525e+01	3.523866842854137960e-08	1.070185257781175834e-08	5.004049759934130438e-09	8.667830041393525383e-08
3.222528161450811979e+01	3.025704456784414302e-08	8.993544310512666189e-09	4.116086415335593228e-09	7.523117766023474709e-08
3.290820464971425707e+01	2.607254832644493892e-08	7.586969149744212232e-09	3.399571954151943623e-09	6.552010096241484807e-08
3.360560029302952501e+01	2.245001349862393727e-08	6.394765502015958315e-09	2.804917114969471595e-09	5.702362828769929547e-08
3.431777525015100849e+01	1.932254915707674332e-08	5.387174778550323287e-09	2.312906209771068149e-09	4.960972340555663544e-08
3.504504272652905428e+01	1.654336870937685130e-08	4.512997756291920103e-09	1.895993181884815279e-09	4.294065370746559384e-08
3.578772256511129513e+01	1.421514170668957744e-08	3.795363488922854969e-09	1.560671956860762921e-09	3.729717996054599034e-08
3.654614138700539883e+01	1.220526718079047057e-08	3.189004883593896145e-09	1.283331539587088796e-09	3.237274986726205693e-08
3.732063273512289925e+01	1.047506441986579311e-08	2.678165139566755395e-09	1.054653656679844302e-09	2.808746588327005366e-08
3.811153722086707774e+01	8.942239602850635001e-09	2.236449738583785465e-09	8.615838184867283811e-10	2.424386805796130936e-08
3.891920267392951160e+01	7.661630734057023415e-09	1.874926683987003060e-09	7.068082422604086251e-10	2.099969899809893657e-08
3.974398429526115706e+01	6.559295862208828710e-09	1.570418424486982952e-09	5.792289121513485823e-10	1.817655102338462129e-08
4.058624481328516254e+01	5.613128069418446863e-09	1.314709713897401304e-09	4.744057049916626547e-10	1.572670632924950995e-08
4.144635464342010778e+01	4.777496981945916214e-09	1.094344358341127695e-09	3.862236109361150146e-10	1.353583821246628775e-08
4.232469205098434628e+01	4.081298975006814359e-09	9.145378375323916286e-10	3.157670925646578237e-10	1.169151774214146062e-08
4.322164331755172384e+01	3.483765638546043412e-09	7.635654339050531789e-10	2.578872370483843809e-10	1.009098000442126159e-08
4.413760291083362119e+01	2.972412033793508007e-09	6.371985603317281991e-10	2.104973050039581741e-10	8.706031425517930054e-09
4.507297365816076251e+01	2.522219558658313157e-09	5.286719207273882689e-10	1.707783030449999307e-10	7.471249231338890158e-09
4.602816692364147144e+01	2.148204362153924207e-09	4.403900913791110384e-10	1.391469071703891867e-10	6.434563379661478320e-09
4.700360278907441369e+01	1.828145624904960453e-09	3.665035155151525962e-10	1.132514417798448350e-10	5.537460749504182001e-09
4.799971023869517950e+01	1.555077311350259834e-09	3.048596371534321663e-10	9.212245832293738382e-11	4.763414929619340203e-09
4.901692734783804895e+01	1.315437883109437296e-09	2.521014651238377262e-10	7.447902863370567040e-11	4.075440493643160725e-09
5.005570147559598126e+01	1.116919442034057695e-09	2.093193405678394453e-10	6.047544182301823246e-11	3.499437131592938825e-09
5.111648946156338980e+01	9.475514638136216990e-10	1.736284587142476088e-10	4.905035458345762765e-11	3.002419916094767122e-09
5.219975782674825382e+01	8.034947421159412468e-10	1.439495761074904585e-10	3.976092947459116719e-11	2.574839299844583472e-09
5.330598297874255564e+01	6.774831151766915088e-10	1.186363777699223814e-10	3.203228381691005798e-11	2.195992287681333798e-09
5.443565142123959077e+01	5.733990118393687922e-10	9.817425751808804966e-11	2.591859388769279523e-11	1.879692987127129386e-09
5.558925996799251124e+01	4.848701448245786974e-10	8.116021525674424322e-11	2.094822574842817373e-11	1.607580913246491032e-09
5.676731596130657209e+01	4.098068861006974298e-10	6.705931316567403696e-11	1.692122717918954679e-11	1.374187818704939972e-09
5.797033749516177181e+01	3.443618664431811595e-10	5.507405353641463685e-11	1.358293110592688358e-11	1.168047736977112682e-09
5.919885364306400533e+01	2.904648876289215834e-10	4.541627099769364847e-11	1.095103672991997808e-11	9.964259669765490634e-10
6.045340469072480261e+01	2.447646076005714530e-10	3.741258794047240391e-11	8.818861536921961428e-12	8.492246179470764731e-10
6.173454237367209174e+01	2.061380078554121494e-10	3.080169912307566509e-11	7.097535978258115966e-12	7.233554186053409585e-10
6.304283011989645757e+01	1.725722932502969213e-10	2.520248119603897632e-11	5.675904587139190017e-12	6.125423203136749859e-10
6.437884329763940627e+01	1.450115633074057541e-10	2.070487747335764489e-11	4.558833248258106396e-12	5.205476122433746497e-10
6.574316946843353549e+01	1.217148144026470807e-10	1.698967656634083020e-11	3.656925141349764274e-12	4.418747169584382558e-10
6.713640864550379206e+01	1.020862037058531775e-10	1.393140117413540649e-11	2.931427776605277758e-12	3.748087052063853802e-10
6.855917355764610477e+01	8.508547874998793757e-11	1.135026210030152767e-11	2.334474879207685856e-12	3.159542066704319963e-10
7.001208991869765441e+01	7.116688521806387646e-11	9.283465272189285840e-12	1.866971244733556302e-12	2.672312405731754792e-10
7.149579670271769771e+01	5.943716264987358906e-11	7.581785187470636499e-12	1.490828270614502693e-12	2.256840762950727893e-10
7.301094642500031284e+01	4.958418696591061233e-11	6.185537960024906729e-12	1.189295663462964967e-12	1.903684075739562015e-10
7.455820542904223203e+01	4.107685993903459036e-11	5.011016498964231121e-12	9.420525218226654291e-13	1.594668372543208631e-10
7.613825417959219521e+01	3.412983090608403488e-11	4.073279155850749953e-12	7.490389097292781480e-13	1.339461805981909421e-10
7.775178756191070306e+01	2.829037928523859287e-11	3.303491072701893043e-12	5.942531650488721638e-13	1.122367766733015393e-10
7.939951518737163383e+01	2.339688202397563084e-11	2.673630838728174456e-12	4.705567127911368662e-13	9.382322878395322116e-11
8.108216170554010205e+01	1.918122035640435899e-11	2.145206550636215721e-12	3.694367584178111080e-13	7.774340442662476795e-11
8.280046712286477373e+01	1.574246924265351902e-11	1.724039170110721112e-12	2.906721275150653487e-13	6.447319925015743729e-11
8.455518712812224180e+01	1.285340255033141104e-11	1.378701644747443414e-12	2.276145021941611469e-13	5.318498367701641383e-11
8.634709342475994731e+01	1.043039717064445186e-11	1.096171282518029606e-12	1.772666031927274513e-13	4.359741681926466004e-11
8.817697407028136070e+01	8.338224418021336188e-12	8.588629332495941348e-13	1.360988576195697830e-13	3.520127627378733333e-11
9.004563382282356088e+01	6.619141457823211736e-12	6.686799575032878914e-13	1.039036896258262041e-13	2.821443679844422277e-11
9.195389449507966617e+01	5.156230495860675142e-12	5.110844384345757739e-13	7.790611449750010146e-14	2.218711264990900879e-11
9.390259531572145590e+01	3.898618888529287702e-12	3.793558490037492426e-13	5.675964617775156965e-14	1.693037087672959426e-11
9.589259329848152902e+01	2.760868314105780079e-12	2.639081430825908799e-13	3.878743160091395508e-14	1.209642620341091703e-11
9.792476361905691817e+01	1.706795039615274422e-12	1.604067210797595915e-13	2.317929729241485536e-14	7.541732736460033214e-12
