# Data associated with arXiv:2110.09653
# 
# Scale-free gravitational potential, Phi(r), of a einasto0-20 dark matter distribution (see Eq. 12 and the surrounding discussion)
# 
# Published: 3/29/22, Jack Runburg, contact: runburg@hawaii.edu
# 
# 
# -----------------------------------------------------------------
# 
# 	 tilde r 		 | 		 tilde Phi
# 
# -----------------------------------------------------------------
1.000000000000000082e-05	1.572744509700548483e-07
1.016902569856036418e-05	1.621764074535535886e-07
1.034090836579813217e-05	1.672295782447392914e-07
1.051569629182590727e-05	1.724385732475936723e-07
1.069343858298338107e-05	1.778081410095084296e-07
1.087418517563349352e-05	1.833431728259227335e-07
1.105798685019213608e-05	1.890487069642732457e-07
1.124489524539464294e-05	1.949299330106277035e-07
1.143496287280373749e-05	2.009921963425087046e-07
1.162824313156251011e-05	2.072410027314753955e-07
1.182479032339672186e-05	2.136820230791490594e-07
1.202465966787094358e-05	2.203210982904762539e-07
1.222790731790219642e-05	2.271642442880970218e-07
1.243459037553620304e-05	2.342176571718382223e-07
1.264476690798990365e-05	2.414877185274114779e-07
1.285849596396550032e-05	2.489810008885591324e-07
1.307583759024001738e-05	2.567042733569629290e-07
1.329685284853523648e-05	2.646645073843745315e-07
1.352160383267306994e-05	2.728688827215557647e-07
1.375015368602047702e-05	2.813247935387039578e-07
1.398256661922970337e-05	2.900398547222237756e-07
1.421890792827791775e-05	2.990219083527745843e-07
1.445924401281218556e-05	3.082790303697231914e-07
1.470364239480425140e-05	3.178195374272139687e-07
1.495217173752060936e-05	3.276519939472447559e-07
1.520490186481353606e-05	3.377852193752889890e-07
1.546190378073772831e-05	3.482282956441110090e-07
1.572324968949899453e-05	3.589905748516434847e-07
1.598901301573965207e-05	3.700816871588791024e-07
1.625926842516730133e-05	3.815115489139694448e-07
1.653409184553174079e-05	3.932903710088083675e-07
1.681356048795696318e-05	4.054286674746356333e-07
1.709775286863338809e-05	4.179372643232923824e-07
1.738674883087671066e-05	4.308273086409886121e-07
1.768062956756000055e-05	4.441102779416344274e-07
1.797947764392438726e-05	4.577979897869159955e-07
1.828337702077590442e-05	4.719026116805850759e-07
1.859241307807381921e-05	4.864366712445266075e-07
1.890667263891824960e-05	5.014130666844804881e-07
1.922624399394281931e-05	5.168450775534060196e-07
1.955121692611963820e-05	5.327463758207563790e-07
1.988168273598394005e-05	5.491310372561533486e-07
2.021773426728446277e-05	5.660135531361100370e-07
2.055946593306806188e-05	5.834088422827953853e-07
2.090697374220454717e-05	6.013322634439444751e-07
2.126035532636048084e-05	6.197996280233926199e-07
2.161970996742848953e-05	6.388272131718487561e-07
2.198513862542019826e-05	6.584317752478515618e-07
2.235674396683105304e-05	6.786305636591197071e-07
2.273463039348393747e-05	6.994413350946998126e-07
2.311890407186101566e-05	7.208823681587207867e-07
2.350967296293065580e-05	7.429724784167018065e-07
2.390704685247916156e-05	7.657310338658044184e-07
2.431113738195477895e-05	7.891779708405846158e-07
2.472205807983296721e-05	8.133338103661852021e-07
2.513992439351238667e-05	8.382196749712446971e-07
2.556485372174920653e-05	8.638573059730038183e-07
2.599696544764047972e-05	8.902690812475988929e-07
2.643638097216418787e-05	9.174780334986757640e-07
2.688322374828698802e-05	9.455078690380010213e-07
2.733761931564792142e-05	9.743829870919292830e-07
2.779969533582839453e-05	1.004128499648062989e-06
2.826958162821882354e-05	1.034770251856816606e-06
2.874741020649071774e-05	1.066334843002863963e-06
2.923331531568612113e-05	1.098849648062036339e-06
2.972743346993304866e-05	1.132342839859415737e-06
3.022990349079926684e-05	1.166843411845015550e-06
3.074086654629380722e-05	1.202381201503657238e-06
3.126046619052763072e-05	1.238986914416208361e-06
3.178884840404535552e-05	1.276692148989817386e-06
3.232616163483768439e-05	1.315529421875065760e-06
3.287255684004812447e-05	1.355532194088689306e-06
3.342818752838356790e-05	1.396734897860700211e-06
3.399320980324275641e-05	1.439172964225542104e-06
3.456778240657304527e-05	1.482882851377133128e-06
3.515206676346841592e-05	1.527902073808341136e-06
3.574622702752206616e-05	1.574269232255976845e-06
3.635043012694450139e-05	1.622024044472733608e-06
3.696484581146223093e-05	1.671207376848363482e-06
3.758964670000808795e-05	1.721861276902608166e-06
3.822500832921870388e-05	1.774029006673330265e-06
3.887110920275097572e-05	1.827755077023568360e-06
3.952813084143210176e-05	1.883085282892055072e-06
4.019625783425803943e-05	1.940066739512366428e-06
4.087567789025284005e-05	1.998747919626295204e-06
4.156658189120576708e-05	2.059178691718043815e-06
4.226916394529853092e-05	2.121410359296105904e-06
4.298362144164019741e-05	2.185495701250808625e-06
4.371015510572303796e-05	2.251489013315810536e-06
4.444896905581571312e-05	2.319446150662811001e-06
4.520027086031053377e-05	2.389424571659486541e-06
4.596427159603870473e-05	2.461483382821134202e-06
4.674118590757267352e-05	2.535683384987739094e-06
4.753123206752940771e-05	2.612087120758452168e-06
4.833463203789430644e-05	2.690758923216806023e-06
4.915161153238073493e-05	2.771764965980353124e-06
4.998240007984356624e-05	2.855173314609554734e-06
5.082723108876559525e-05	2.941053979411646706e-06
5.168634191283236288e-05	3.029478969675733886e-06
5.255997391761710167e-05	3.120522349376869619e-06
5.344837254839108326e-05	3.214260294387125018e-06
5.435178739908172257e-05	3.310771151233301023e-06
5.527047228239525742e-05	3.410135497441314422e-06
5.620468530112457639e-05	3.512436203508635412e-06
5.715468892066349253e-05	3.617758496547235073e-06
5.812075004274504757e-05	3.726190025640105473e-06
5.910314008042789533e-05	3.837820928956158341e-06
6.010213503434843707e-05	3.952743902668659333e-06
6.111801557026345553e-05	4.071054271724234032e-06
6.215106709790228898e-05	4.192850062509940543e-06
6.320157985115178797e-05	4.318232077467517935e-06
6.426984896959787321e-05	4.447303971705146324e-06
6.535617458144342038e-05	4.580172331657760367e-06
6.646086188782971240e-05	4.716946755849061574e-06
6.758422124858115099e-05	4.857739937808705994e-06
6.872656826940111863e-05	5.002667751200407985e-06
6.988822389054047174e-05	5.151849337217210683e-06
7.106951447696465861e-05	5.305407194302055871e-06
7.227077191004629639e-05	5.463467270253252199e-06
7.349233368080552791e-05	5.626159056775246209e-06
7.473454298472863809e-05	5.793615686537564631e-06
7.599774881818697982e-05	5.965974032805152211e-06
7.728230607648789517e-05	6.143374811706077051e-06
7.858857565358148443e-05	6.325962687203037121e-06
7.991692454345255051e-05	6.513886378837383483e-06
8.126772594322802224e-05	6.707298772316106263e-06
8.264135935802465773e-05	6.906357033013056961e-06
8.403821070757165439e-05	7.111222722458724921e-06
8.545867243463269578e-05	7.322061917893124649e-06
8.690314361526321394e-05	7.539045334959699832e-06
8.837203007092955202e-05	7.762348453618575980e-06
8.986574448252320402e-05	7.992151647360246441e-06
9.138470650630395851e-05	8.228640315802717984e-06
9.292934289180014931e-05	8.472005020756155999e-06
9.450008760170456993e-05	8.722441625842568478e-06
9.609738193379394305e-05	8.980151439758383048e-06
9.772167464491231779e-05	9.245341363271710841e-06
9.937342207704681467e-05	9.518224040046235874e-06
1.010530882855375953e-04	9.799018011387924061e-06
1.027611451694522251e-04	1.008794787501094931e-05
1.044980726041651943e-04	1.038524444792316605e-05
1.062643585761784858e-04	1.069114493353285514e-05
1.080604993202192510e-04	1.100589309308075547e-05
1.098869994586575572e-04	1.132973942150489335e-05
1.117443721432778697e-04	1.166294132784646232e-05
1.136331391994486811e-04	1.200576332030929856e-05
1.155538312727281931e-04	1.235847719608679822e-05
1.175069879779481330e-04	1.272136223607337729e-05
1.194931580508180820e-04	1.309470540458018864e-05
1.215128995020904455e-04	1.347880155417700950e-05
1.235667797743341897e-04	1.387395363578634146e-05
1.256553759013554958e-04	1.428047291415665589e-05
1.277792746703147969e-04	1.469867918884656779e-05
1.299390727865835948e-04	1.512890102085345769e-05
1.321353770413874452e-04	1.557147596502347453e-05
1.343688044822834680e-04	1.602675080838320690e-05
1.366399825865173903e-04	1.649508181453562228e-05
1.389495494373137348e-04	1.697683497426770376e-05
1.412981539031428761e-04	1.747238626251827927e-05
1.436864558200198782e-04	1.798212190186007121e-05
1.461151261768842277e-04	1.850643863265193068e-05
1.485848473041125864e-04	1.904574399002138265e-05
1.510963130652191798e-04	1.960045658784116297e-05
1.536502290517936125e-04	2.017100640986622961e-05
1.562473127817378576e-04	2.075783510820349077e-05
1.588882939008491742e-04	2.136139630928698683e-05
1.615739143878149021e-04	2.198215592753908321e-05
1.643049287626683534e-04	2.262059248689816997e-05
1.670821042987704773e-04	2.327719745040070625e-05
1.699062212383743503e-04	2.395247555800752786e-05
1.727780730118311508e-04	2.464694517286860882e-05
1.756984664605053779e-04	2.536113863622660686e-05
1.786682220634525510e-04	2.609560263116021076e-05
1.816881741679340619e-04	2.685089855537753340e-05
1.847591712238235014e-04	2.762760290326908926e-05
1.878820760219775598e-04	2.842630765743874548e-05
1.910577659366365815e-04	2.924762068993371503e-05
1.942871331719188508e-04	3.009216617339834738e-05
1.975710850124866975e-04	3.096058500238514513e-05
2.009105440784431595e-04	3.185353522505560879e-05
2.043064485845435532e-04	3.277169248551520752e-05
2.077597526037827484e-04	3.371575047702522190e-05
2.112714263354412516e-04	3.468642140634495882e-05
2.148424563776607336e-04	3.568443646945954599e-05
2.184738460046266035e-04	3.671054633895553409e-05
2.221666154484372088e-04	3.776552166331186721e-05
2.259218021857336319e-04	3.885015357837793621e-05
2.297404612291798821e-04	3.996525423131969958e-05
2.336236654238643619e-04	4.111165731731532394e-05
2.375725057487147664e-04	4.229021862929303795e-05
2.415880916230062926e-04	4.350181662100611644e-05
2.456715512180506823e-04	4.474735298374786632e-05
2.498240317741551374e-04	4.602775323701557153e-05
2.540466999229345113e-04	4.734396733343653471e-05
2.583407420150777146e-04	4.869697027828094111e-05
2.627073644536481322e-04	5.008776276388533474e-05
2.671477940330213769e-04	5.151737181932446305e-05
2.716632782835508839e-04	5.298685147567115021e-05
2.762550858220584886e-04	5.449728344719247190e-05
2.809245067082517420e-04	5.604977782883855455e-05
2.856728528071605542e-04	5.764547381038348680e-05
2.905014581577071149e-04	5.928554040759212841e-05
2.954116793474984839e-04	6.097117721078473883e-05
3.004048958939589458e-04	6.270361515118759671e-05
3.054825106319022541e-04	6.448411728545935416e-05
3.106459501076553839e-04	6.631397959879329099e-05
3.158966649798455200e-04	6.819453182700355609e-05
3.212361304269563162e-04	7.012713829800807015e-05
3.266658465617811426e-04	7.211319879313640398e-05
3.321873388528732334e-04	7.415414942868854770e-05
3.378021585531251671e-04	7.625146355818901217e-05
3.435118831355896260e-04	7.840665269578212752e-05
3.493181167366675791e-04	8.062126746122688507e-05
3.552224906067888996e-04	8.289689854695666226e-05
3.612266635687054364e-04	8.523517770767688158e-05
3.673323224835388411e-04	8.763777877298845379e-05
3.735411827246973185e-04	9.010641868352381218e-05
3.798549886598084251e-04	9.264285855110260574e-05
3.862755141407951480e-04	9.524890474341547427e-05
3.928045630022363724e-04	9.792640999375774543e-05
3.994439695681523583e-04	1.006772745363442045e-04
4.061955991673505371e-04	1.035034472677423350e-04
4.130613486574917070e-04	1.064069269349799415e-04
4.200431469580040238e-04	1.093897633508805317e-04
4.271429555920115370e-04	1.124540586372028180e-04
4.343627692374198417e-04	1.156019684961617745e-04
4.417046162873167637e-04	1.188357035109241408e-04
4.491705594198478857e-04	1.221575304756808682e-04
4.567626961777168084e-04	1.255697737559054476e-04
4.644831595574927248e-04	1.290748166794297757e-04
4.723341186088662533e-04	1.326751029589622239e-04
4.803177790440425624e-04	1.363731381467025365e-04
4.884363838574312710e-04	1.401714911217055834e-04
4.966922139558113680e-04	1.440727956106649952e-04
5.050875887991499369e-04	1.480797517427975038e-04
5.136248670522445235e-04	1.521951276395152382e-04
5.223064472473935762e-04	1.564217610396006542e-04
5.311347684582509721e-04	1.607625609605850341e-04
5.401123109850867847e-04	1.652205093970752418e-04
5.492415970516181150e-04	1.697986630567548767e-04
5.585251915136241153e-04	1.745001551348218313e-04
5.679657025795404723e-04	1.793281971276267507e-04
5.775657825432239500e-04	1.842860806862830169e-04
5.873281285291183634e-04	1.893771795110544176e-04
5.972554832499969713e-04	1.946049512873056512e-04
6.073506357775315233e-04	1.999729396638524545e-04
6.176164223258701069e-04	2.054847762745245598e-04
6.280557270484683893e-04	2.111441828037977845e-04
6.386714828483902292e-04	2.169549730973486005e-04
6.494666722022935214e-04	2.229210553183956457e-04
6.604443279983617009e-04	2.290464341507298274e-04
6.716075343883770371e-04	2.353352130493088085e-04
6.829594276542177208e-04	2.417915965393528167e-04
6.945031970889825731e-04	2.484198925648474932e-04
7.062420858930204982e-04	2.552245148874096939e-04
7.181793920851009278e-04	2.622099855364643504e-04
7.303184694289851413e-04	2.693809373117051387e-04
7.426627283756636558e-04	2.767421163388236261e-04
7.552156370215079703e-04	2.842983846795005417e-04
7.679807220826359018e-04	2.920547229966874545e-04
7.809615698857278474e-04	3.000162332761878718e-04
7.941618273756021005e-04	3.081881416055998971e-04
8.075852031398165869e-04	3.165758010116681651e-04
8.212354684505887787e-04	3.251846943571241617e-04
8.351164583243314002e-04	3.340204372981052014e-04
8.492320725990840828e-04	3.430887813032467825e-04
8.635862770301777234e-04	3.523956167355906874e-04
8.781831044043956558e-04	3.619469759984154759e-04
8.930266556729828109e-04	3.717490367461653497e-04
9.081211011037989590e-04	3.818081251616307621e-04
9.234706814529467173e-04	3.921307193005673796e-04
9.390797091562086895e-04	4.027234525049537138e-04
9.549525695406079406e-04	4.135931168860897513e-04
9.710937220564705170e-04	4.247466668787908931e-04
9.875077015302894702e-04	4.361912228678916747e-04
1.004199119438780371e-03	4.479340748883458342e-04
1.021172665204465608e-03	4.599826864001866364e-04
1.038433107513160114e-03	4.723446981396464922e-04
1.055985295653722377e-03	4.850279320477397316e-04
1.073834160880457900e-03	4.980403952776426982e-04
1.091984717798539194e-03	5.113902842821964377e-04
1.110442065772854507e-03	5.250859889829064247e-04
1.129211390360662605e-03	5.391360970217988621e-04
1.148297964768467102e-03	5.535493980975280011e-04
1.167707151333511727e-03	5.683348883871351068e-04
1.187444403030319794e-03	5.835017750548800262e-04
1.207515265002700490e-03	5.990594808495856112e-04
1.227925376121640280e-03	6.150176487919293980e-04
1.248680470569537605e-03	6.313861469531724521e-04
1.269786379451208914e-03	6.481750733267863411e-04
1.291249032432127903e-03	6.653947607944871211e-04
1.313074459404352896e-03	6.830557821881820752e-04
1.335268792180613557e-03	7.011689554493569536e-04
1.357838266217031810e-03	7.197453488874495714e-04
1.380789222364966172e-03	7.387962865387634253e-04
1.404128108652453718e-03	7.583333536274831227e-04
1.427861482095777682e-03	7.783684021303971089e-04
1.451996010541646868e-03	7.989135564469067264e-04
1.476538474540514635e-03	8.199812191759468230e-04
1.501495769251562883e-03	8.415840770014416114e-04
1.526874906379880551e-03	8.637351066879284806e-04
1.552683016146397385e-03	8.864475811880271261e-04
1.578927349291094897e-03	9.097350758633794381e-04
1.605615279110095620e-03	9.336114748207851102e-04
1.632754303527175332e-03	9.580909773651914750e-04
1.660352047200289172e-03	9.831881045712536401e-04
1.688416263663707062e-03	1.008917705975180676e-03
1.716954837506350865e-03	1.035294966388588048e-03
1.745975786586963620e-03	1.062335412836107286e-03
1.775487264286699802e-03	1.090054921618471232e-03
1.805497561799810540e-03	1.118469725502873246e-03
1.836015110463037458e-03	1.147596421042336055e-03
1.867048484124379315e-03	1.177451976025879190e-03
1.898606401551900620e-03	1.208053737061271556e-03
1.930697728883249645e-03	1.239419437292157197e-03
1.963331482116591892e-03	1.271567204251370948e-03
1.996516829643624896e-03	1.304515567852219905e-03
2.030263094825430960e-03	1.338283468519590102e-03
2.064579758611852570e-03	1.372890265462663011e-03
2.099476462205150749e-03	1.408355745091090846e-03
2.134963009768679927e-03	1.444700129576450632e-03
2.171049371181348660e-03	1.481944085560815390e-03
2.207745684838647703e-03	1.520108733014296880e-03
2.245062260500998302e-03	1.559215654243366594e-03
2.283009582190270292e-03	1.599286903051838063e-03
2.321598311135244109e-03	1.640345014056334523e-03
2.360839288766866315e-03	1.682413012158091381e-03
2.400743539764126078e-03	1.725514422172941395e-03
2.441322275151419988e-03	1.769673278621324399e-03
2.482586895448264750e-03	1.814914135680162572e-03
2.524548993872262424e-03	1.861262077298456944e-03
2.567220359596177753e-03	1.908742727478402118e-03
2.610612981060093842e-03	1.957382260723893128e-03
2.654739049339540410e-03	2.007207412658228336e-03
2.699610961570552640e-03	2.058245490812822456e-03
2.745241324432623389e-03	2.110524385588748338e-03
2.791642957690524101e-03	2.164072581392901228e-03
2.838828897796003177e-03	2.218919167950597626e-03
2.886812401550338004e-03	2.275093851796335023e-03
2.935606949828818354e-03	2.332626967944552605e-03
2.985226251368169013e-03	2.391549491742087346e-03
3.035684246617996723e-03	2.451893050904090966e-03
3.086995111657330013e-03	2.513689937735119530e-03
3.139173262177360861e-03	2.576973121537103496e-03
3.192233357531519197e-03	2.641776261205902587e-03
3.246190304853968818e-03	2.708133718018046650e-03
3.301059263247754609e-03	2.776080568609395460e-03
3.356855648043719550e-03	2.845652618147268779e-03
3.413595135131412741e-03	2.916886413697669482e-03
3.471293665363201029e-03	2.989819257789154937e-03
3.529967449032819348e-03	3.064489222174912250e-03
3.589632970429635240e-03	3.140935161794557867e-03
3.650306992469857896e-03	3.219196728937071851e-03
3.712006561406061729e-03	3.299314387606417254e-03
3.774749011616297320e-03	3.381329428091180752e-03
3.838551970474150202e-03	3.465283981739629253e-03
3.903433363301120080e-03	3.551221035941539914e-03
3.969411418402700453e-03	3.639184450026844084e-03
4.036504672189604979e-03	3.729218967925022107e-03
4.104731974385511864e-03	3.821370237753331060e-03
4.174112493322873658e-03	3.915684825066668637e-03
4.244665721328222743e-03	4.012210229515839922e-03
4.316411480198500787e-03	4.110994901095596336e-03
4.389369926769958255e-03	4.212088256607540888e-03
4.463561558581177410e-03	4.315540696338861226e-03
4.539007219631814756e-03	4.421403620957799034e-03
4.615728106238700494e-03	4.529729448626704930e-03
4.693745772990876204e-03	4.640571632333404840e-03
4.773082138805334954e-03	4.753984677441674966e-03
4.853759493085097083e-03	4.870024159461424675e-03
4.935800501981372872e-03	4.988746742039173662e-03
5.019228214761578891e-03	5.110210195169336000e-03
5.104066070284974874e-03	5.234473413626757748e-03
5.190337903587798063e-03	5.361596435620887176e-03
5.278067952579629761e-03	5.491640461671754535e-03
5.367280864853020243e-03	5.624667873708130011e-03
5.458001704608171807e-03	5.760742254387826028e-03
5.550255959694683563e-03	5.899928406640250582e-03
5.644069548772311269e-03	6.042292373431122285e-03
5.739468828592763153e-03	6.187901457749198780e-03
5.836480601404602127e-03	6.336824242814797364e-03
5.935132122483251921e-03	6.489130612509666322e-03
6.035451107788337120e-03	6.644891772027873914e-03
6.137465741750428375e-03	6.804180268747098310e-03
6.241204685189401941e-03	6.967070013319660166e-03
6.346697083366644419e-03	7.133636300982511974e-03
6.453972574173352621e-03	7.303955833085339425e-03
6.563061296457267831e-03	7.478106738835765994e-03
6.673993898490092683e-03	7.656168597260439544e-03
6.786801546578089504e-03	7.838222459380908905e-03
6.901515933818189001e-03	8.024350870602815072e-03
7.018169289002107285e-03	8.214637893316899947e-03
7.136794385670962304e-03	8.409169129710240137e-03
7.257424551322942327e-03	8.608031744785865289e-03
7.380093676776592997e-03	8.811314489588915194e-03
7.504836225692410046e-03	9.019107724637270493e-03
7.631687244255296390e-03	9.231503443554328961e-03
7.760682371020751966e-03	9.448595297573164631e-03
7.891857846927448697e-03	9.670478616970269725e-03
8.025250525479058969e-03	9.897250439062133670e-03
8.160897883098169533e-03	1.012900953018316258e-02
8.298838029655216872e-03	1.036585641088335306e-02
8.439109719175405186e-03	1.060789338071963829e-02
8.581752360726531761e-03	1.085522454322951011e-02
8.726806029490927208e-03	1.110795583108365077e-02
8.874311478024487360e-03	1.136619503141365201e-02
9.024310147706032098e-03	1.163005181131107971e-02
9.176844180380181251e-03	1.189963774349377980e-02
9.331956430197019259e-03	1.217506633213514752e-02
9.489690475651922641e-03	1.245645303885204065e-02
9.650090631828802876e-03	1.274391530884639613e-02
9.813201962850383320e-03	1.303757259719608673e-02
9.979070294538865127e-03	1.333754639528965391e-02
1.014774222729061814e-02	1.364396025739984114e-02
1.031926514916845991e-02	1.395693982739028630e-02
1.049368724921524200e-02	1.427661286554984463e-02
1.067105753099251327e-02	1.460310927554855573e-02
1.085142582634790812e-02	1.493656113150896615e-02
1.103484280941536416e-02	1.527710270518675001e-02
1.122136001085190064e-02	1.562487049325374071e-02
1.141102983231507065e-02	1.598000324467663616e-02
1.160390556118510476e-02	1.634264198818437611e-02
1.180004138553588516e-02	1.671293005981668717e-02
1.199949240935904021e-02	1.709101313054650281e-02
1.220231466804522213e-02	1.747703923396796977e-02
1.240856514412720830e-02	1.787115879404260407e-02
1.261830178328901021e-02	1.827352465289467168e-02
1.283158351064561664e-02	1.868429209864757440e-02
1.304847024729788307e-02	1.910361889329217910e-02
1.326902292716726148e-02	1.953166530057809380e-02
1.349330351411505598e-02	1.996859411391838091e-02
1.372137501935110325e-02	2.041457068429822219e-02
1.395330151913657356e-02	2.086976294817714100e-02
1.418914817278613301e-02	2.133434145537522336e-02
1.442898124097431733e-02	2.180847939693219759e-02
1.467286810435134044e-02	2.229235263292890859e-02
1.492087728247356443e-02	2.278613972025999440e-02
1.517307845305392207e-02	2.329002194034632614e-02
1.542954247153780281e-02	2.380418332745679738e-02
1.569034139100966910e-02	2.432881069363040244e-02
1.595554848243628532e-02	2.486409365996524942e-02
1.622523825525205854e-02	2.541022468149448793e-02
1.649948647829230924e-02	2.596739907501782046e-02
1.677837020108039270e-02	2.653581504619700188e-02
1.706196777547459506e-02	2.711567371650289854e-02
1.735035887768101442e-02	2.770717915000056597e-02
1.764362453063833894e-02	2.831053837995768652e-02
1.794184712678114843e-02	2.892596143526259336e-02
1.824511045118791530e-02	2.955366136663653900e-02
1.855349970512023758e-02	3.019385427262537974e-02
1.886710152996000367e-02	3.084675932535524412e-02
1.918600403155108769e-02	3.151259879603628133e-02
1.951029680495259405e-02	3.219159808019886326e-02
1.984007095961033348e-02	3.288398572264508712e-02
2.017541914495388569e-02	3.358999344209973731e-02
2.051643557642630553e-02	3.430985615554308504e-02
2.086321606195374462e-02	3.504381200220842152e-02
2.121585802886252412e-02	3.579210236722651928e-02
2.157446055125112477e-02	3.655497190489909176e-02
2.193912437782497352e-02	3.733266856158302949e-02
2.230995196020145455e-02	3.812544359816626149e-02
2.268704748169360005e-02	3.893355161211711768e-02
2.307051688658016617e-02	3.975725055908693739e-02
2.346046790987047978e-02	4.059680177404709212e-02
2.385701010757239338e-02	4.145246999193995252e-02
2.426025488747183059e-02	4.232452336782385055e-02
2.467031554043257191e-02	4.321323349649111578e-02
2.508730727222522119e-02	4.411887543153904245e-02
2.551134723589388795e-02	4.504172770387123576e-02
2.594255456467021298e-02	4.598207233960936724e-02
2.638105040544361582e-02	4.694019487739253815e-02
2.682695795279727360e-02	4.791638438504225439e-02
2.728040248361941061e-02	4.891093347557094739e-02
2.774151139229957819e-02	4.992413832042184169e-02
2.821041422651998296e-02	5.095629866970876470e-02
2.868724272365149111e-02	5.200771786064486979e-02
2.917213084776511603e-02	5.307870283321990124e-02
2.966521482726893269e-02	5.416956414743326342e-02
3.016663319318120540e-02	5.528061597386154519e-02
3.067652681805041123e-02	5.641217614183986762e-02
3.119503895553308453e-02	5.756456610246742100e-02
3.172231528064078931e-02	5.873811098959680344e-02
3.225850393066707206e-02	5.993313957374328538e-02
3.280375554680643041e-02	6.114998432501177195e-02
3.335822331647670530e-02	6.238898136129734928e-02
3.392206301635675159e-02	6.365047051424461977e-02
3.449543305615163091e-02	6.493479527917662975e-02
3.507849452309746291e-02	6.624230284067803010e-02
3.567141122721874391e-02	6.757334410210837083e-02
3.627434974735024853e-02	6.892827363485891368e-02
3.688747947793717674e-02	7.030744970315901121e-02
3.751097267662616142e-02	7.171123429187840903e-02
3.814500451266075037e-02	7.313999304888325892e-02
3.878975311609485915e-02	7.459409530830556079e-02
3.944539962783806530e-02	7.607391411566781503e-02
4.011212825054691344e-02	7.757982616443873103e-02
4.079012630037611581e-02	7.911221181686975412e-02
4.147958425960481671e-02	8.067145512546756991e-02
4.218069583015218033e-02	8.225794376490433435e-02
4.289365798799760210e-02	8.387206904948912856e-02
4.361867103852071215e-02	8.551422595000453264e-02
4.435593867277683178e-02	8.718481302214656226e-02
4.510566802472350950e-02	8.888423241969674315e-02
4.586806972941463723e-02	9.061288990568250323e-02
4.664335798217766893e-02	9.237119477860776529e-02
4.743175059879158745e-02	9.415955988032939650e-02
4.823346907668181471e-02	9.597840160053186520e-02
4.904873865714945436e-02	9.782813980198315496e-02
4.987778838865244979e-02	9.970919782210516114e-02
5.072085119115625484e-02	1.016220024698784863e-01
5.157816392157245355e-02	1.035669839445750029e-01
5.244996744030298863e-02	1.055445758631223807e-01
5.333650667890960095e-02	1.075552151775319154e-01
5.423803070892688205e-02	1.095993421841322812e-01
5.515479281183843091e-02	1.116774004608105525e-01
5.608705055023580077e-02	1.137898368448819614e-01
5.703506584018021297e-02	1.159371013868656236e-01
5.799910502478755614e-02	1.181196473153889176e-01
5.897943894905668949e-02	1.203379310012050729e-01
5.997634303596301869e-02	1.225924118819103070e-01
6.099009736383805003e-02	1.248835524706086164e-01
6.202098674505685666e-02	1.272118182428528532e-01
6.306930080605555045e-02	1.295776776554961318e-01
6.413533406870128295e-02	1.319816020219500008e-01
6.521938603303781279e-02	1.344240655374728810e-01
6.632176126142910744e-02	1.369055451375346677e-01
6.744276946412586238e-02	1.394265205298893806e-01
6.858272558627788451e-02	1.419874740536323510e-01
6.974194989641739617e-02	1.445888906500698567e-01
7.092076807643786507e-02	1.472312578388374760e-01
7.211951131309368712e-02	1.499150655742464422e-01
7.333851639104646547e-02	1.526408062133156052e-01
7.457812578748428123e-02	1.554089744877201196e-01
7.583868776833958825e-02	1.582200673483453168e-01
7.712055648613416747e-02	1.610745839295333048e-01
7.842409207947753647e-02	1.639730255156127692e-01
7.974966077424722188e-02	1.669158953754970587e-01
8.109763498647923341e-02	1.699036987220161055e-01
8.246839342699753550e-02	1.729369426717957681e-01
8.386232120781254851e-02	1.760161360718359158e-01
8.527980995031705924e-02	1.791417894527727039e-01
8.672125789531190398e-02	1.823144149808868519e-01
8.818707001489085873e-02	1.855345262786503302e-01
8.967765812621682209e-02	1.888026383707905320e-01
9.119344100722104329e-02	1.921192676271454292e-01
9.273484451425793862e-02	1.954849315793235898e-01
9.430230170174896953e-02	1.989001488583709842e-01
9.589625294384790388e-02	2.023654391272691755e-01
9.751714605816352854e-02	2.058813228958343844e-01
9.916543643157306465e-02	2.094483214487966594e-01
1.008415871481621734e-01	2.130669567669501996e-01
1.025460691193275653e-01	2.167377513323805738e-01
1.042793612160791694e-01	2.204612280949075354e-01
1.060419504035768068e-01	2.242379102755747977e-01
1.078343318779438342e-01	2.280683213064660375e-01
1.096570092053898021e-01	2.319529846675933982e-01
1.115104944636879369e-01	2.358924237647371247e-01
1.133953083860418237e-01	2.398871618167019715e-01
1.153119805073836990e-01	2.439377217108284479e-01
1.172610493131479026e-01	2.480446258483729183e-01
1.192430623905555293e-01	2.522083960476557141e-01
1.212585765824598510e-01	2.564295533881652545e-01
1.233081581437884267e-01	2.607086180328178071e-01
1.253923829006330093e-01	2.650461091553317772e-01
1.275118364120260972e-01	2.694425447087113734e-01
1.296671141344518663e-01	2.738984413678654528e-01
1.318588215891403626e-01	2.784143142931453929e-01
1.340875745321854495e-01	2.829906770114454795e-01
1.363539991275424801e-01	2.876280413050325002e-01
1.386587321229457159e-01	2.923269169535152034e-01
1.410024210288032542e-01	2.970878116889784648e-01
1.433857243001131487e-01	3.019112309307027120e-01
1.458093115214542101e-01	3.067976776626487045e-01
1.482738635951064698e-01	3.117476523158489443e-01
1.507800729323471867e-01	3.167616525045224840e-01
1.533286436479847636e-01	3.218401729005415657e-01
1.559202917581761494e-01	3.269837051110706105e-01
1.585557453815923112e-01	3.321927374049029047e-01
1.612357449439809631e-01	3.374677545830945258e-01
1.639610433861866667e-01	3.428092378509505211e-01
1.667324063756906449e-01	3.482176645373219470e-01
1.695506125217208226e-01	3.536935079773960156e-01
1.724164535940033438e-01	3.592372372942020942e-01
1.753307347452060516e-01	3.648493172816094088e-01
1.782942747371474568e-01	3.705302081131833236e-01
1.813079061708234574e-01	3.762803652034046320e-01
1.843724757203275000e-01	3.821002390662895931e-01
1.874888443707211083e-01	3.879902750233916731e-01
1.906578876599247796e-01	3.939509130589365360e-01
1.938804959247014126e-01	3.999825876701950667e-01
1.971575745507916644e-01	4.060857275641794883e-01
2.004900442272835592e-01	4.122607555740038787e-01
2.038788412052750798e-01	4.185080883641705274e-01
2.073249175609150063e-01	4.248281362705867426e-01
2.108292414628857858e-01	4.312213031235690441e-01
2.143927974444073958e-01	4.376879860095096997e-01
2.180165866798430274e-01	4.442285750551661083e-01
2.217016272659736997e-01	4.508434532692049967e-01
2.254489545080342605e-01	4.575329962965647423e-01
2.292596212105766917e-01	4.642975722297062457e-01
2.331346979732569213e-01	4.711375413994598471e-01
2.370752734916163618e-01	4.780532561663685120e-01
2.410824548629473540e-01	4.850450607241615919e-01
2.451573678973335835e-01	4.921132908469309508e-01
2.493011574339402958e-01	4.992582737565219864e-01
2.535149876626587306e-01	5.064803278371953210e-01
2.578000424511790456e-01	5.137797624563853471e-01
2.621575256775992568e-01	5.211568778004095348e-01
2.665886615686511307e-01	5.286119645675783074e-01
2.710946950436425307e-01	5.361453038740162658e-01
2.756768920642191367e-01	5.437571669422175402e-01
2.803365399900296095e-01	5.514478149349634206e-01
2.850749479404112718e-01	5.592174987990886637e-01
2.898934471621800180e-01	5.670664589601596139e-01
2.947933914036459657e-01	5.749949251627310964e-01
2.997761572949446118e-01	5.830031163191273791e-01
3.048431447347966228e-01	5.910912401998741350e-01
3.099957772838110026e-01	5.992594932802585150e-01
3.152355025644269504e-01	6.075080605937298595e-01
3.205637926676255800e-01	6.158371154216175647e-01
3.259821445665060935e-01	6.242468191457430926e-01
3.314920805368620771e-01	6.327373211060931535e-01
3.370951485848599494e-01	6.413087582934661190e-01
3.427929228819465157e-01	6.499612552078937178e-01
3.485870042071142483e-01	6.586949237202230911e-01
3.544790203966314834e-01	6.675098627714377564e-01
3.604706268013856407e-01	6.764061582366576175e-01
3.665635067519453227e-01	6.853838827901972408e-01
3.727593720314937853e-01	6.944430956155035473e-01
3.790599633567491855e-01	7.035838422743901921e-01
3.854670508670132723e-01	7.128061545752525374e-01
3.919824346214941246e-01	7.221100502975010826e-01
3.986079451050231759e-01	7.314955330657052501e-01
4.053454437423328338e-01	7.409625922208865623e-01
4.121968234210137139e-01	7.505112025505465967e-01
4.191640090233237359e-01	7.601413242298392658e-01
4.262489579669776485e-01	7.698529025619595956e-01
4.334536607550772414e-01	7.796458678982575163e-01
4.407801415353455599e-01	7.895201354313278186e-01
4.482304586688004022e-01	7.994756050649363122e-01
4.558067053080539499e-01	8.095121612554412316e-01
4.635110099853732013e-01	8.196296728745297022e-01
4.713455372106929997e-01	8.298279930758024614e-01
4.793124880797287601e-01	8.401069591176186790e-01
4.874141008923670304e-01	8.504663923014812443e-01
4.956526517815184607e-01	8.609060977593674391e-01
5.040304553525852826e-01	8.714258644200765236e-01
5.125498653337533517e-01	8.820254647946969007e-01
5.212132752372591327e-01	8.927046549657851049e-01
5.300231190318516195e-01	9.034631743668355419e-01
5.389818718266018438e-01	9.143007457946036309e-01
5.480920505662881803e-01	9.252170752051153135e-01
5.573562147385243692e-01	9.362118516624529097e-01
5.667769670928383130e-01	9.472847473023937592e-01
5.763569543719186949e-01	9.584354171491739072e-01
5.860988680552025043e-01	9.696634990852387448e-01
5.960054451150506027e-01	9.809686138345515838e-01
6.060794687856858598e-01	9.923503647895619562e-01
6.163237693451454335e-01	1.003808338001926259e+00
6.267412249104387101e-01	1.015342102185030848e+00
6.373347622461452699e-01	1.026951208554725881e+00
6.481073575866924674e-01	1.038635190840675016e+00
6.590620374725127961e-01	1.050393565307609745e+00
6.702018796003550438e-01	1.062225830613423572e+00
6.815300136879469672e-01	1.074131467840682808e+00
6.930496223532930378e-01	1.086109940536078344e+00
7.047639420088206430e-01	1.098160694589410680e+00
7.166762637706404204e-01	1.110283158284772975e+00
7.287899343831883980e-01	1.122476742357442436e+00
7.411083571594764274e-01	1.134740839897412368e+00
7.536349929372584411e-01	1.147074826419552052e+00
7.663733610513340233e-01	1.159478059937158800e+00
7.793270403223097054e-01	1.171949880893573326e+00
7.924996700620573487e-01	1.184489612250475332e+00
8.058949510961670448e-01	1.197096559577509822e+00
8.195166468036988450e-01	1.209770011002380574e+00
8.333685841744831180e-01	1.222509237379878488e+00
8.474546548843202576e-01	1.235313492260657897e+00
8.617788163883257635e-01	1.248182012046837430e+00
8.763450930327818522e-01	1.261114016025203455e+00
8.911575771857650485e-01	1.274108706464295304e+00
9.062204303868837130e-01	1.287165268731608858e+00
9.215378845164673427e-01	1.300282871384494943e+00
9.371142429844909749e-01	1.313460666259140375e+00
9.529538819396250471e-01	1.326697788637203335e+00
9.690612514986907122e-01	1.339993357354219539e+00
9.854408769969253967e-01	1.353346474892249907e+00
1.002097360259361913e+00	1.366756227608842078e+00
1.019035380893695386e+00	1.380221685784112973e+00
1.036259697605026009e+00	1.393741903888884082e+00
1.053775149532790278e+00	1.407315920646577068e+00
1.071586657610325677e+00	1.420942759252209697e+00
1.089699225947380778e+00	1.434621427601098231e+00
1.108117943236025305e+00	1.448350918361930750e+00
1.126847984180302076e+00	1.462130209306344852e+00
1.145894610950043413e+00	1.475958263392869396e+00
1.165263174659284751e+00	1.489834029026408047e+00
1.184959116869630069e+00	1.503756440333306799e+00
1.204987971119068746e+00	1.517724417276596016e+00
1.225355364476592435e+00	1.531736865941339953e+00
1.246067019123127118e+00	1.545792678833325828e+00
1.267128753959161580e+00	1.559890735011697283e+00
1.288546486239548816e+00	1.574029900417737826e+00
1.310326233235965754e+00	1.588209028093808817e+00
1.332474113927433867e+00	1.602426958588399009e+00
1.354996350719455345e+00	1.616682519916897487e+00
1.377899271192165376e+00	1.630974528226719844e+00
1.401189309878072775e+00	1.645301787894502876e+00
1.424873010069821255e+00	1.659663091502252330e+00
1.448957025658507369e+00	1.674057221064064516e+00
1.473448123003098242e+00	1.688482947158888914e+00
1.498353182831403840e+00	1.702939030308895596e+00
1.523679202173229497e+00	1.717424220289989645e+00
1.549433296326152343e+00	1.731937257554871268e+00
1.575622700854574010e+00	1.746476872392001889e+00
1.602254773622528550e+00	1.761041786405693088e+00
1.629336996860851317e+00	1.775630712001347256e+00
1.656876979269319872e+00	1.790242353052644564e+00
1.684882458154278284e+00	1.804875405573947988e+00
1.713361301602444930e+00	1.819528557111123268e+00
1.742321510691409836e+00	1.834200488423588293e+00
1.771771221737550084e+00	1.848889873029649911e+00
1.801718708581883988e+00	1.863595377268064901e+00
1.832172384914617203e+00	1.878315661708233497e+00
1.863140806638941216e+00	1.893049380892850353e+00
1.894632674274788098e+00	1.907795183293752528e+00
1.926656835403250945e+00	1.922551712808095337e+00
1.959222287152264430e+00	1.937317608504537159e+00
1.992338178724363251e+00	1.952091504367905683e+00
2.026013813967100230e+00	1.966872031334381044e+00
2.060258653986974053e+00	1.981657816294487118e+00
2.095082319807497040e+00	1.996447483009428092e+00
2.130494595072189856e+00	2.011239652431740854e+00
2.166505428793310539e+00	2.026032943391150809e+00
2.203124938146971523e+00	2.040825972594364934e+00
2.240363411315581477e+00	2.055617355222278508e+00
2.278231310378250996e+00	2.070405705595309787e+00
2.316739274250128933e+00	2.085189637151130704e+00
2.355898121671370138e+00	2.099967763080408112e+00
2.395718854246625451e+00	2.114738697065529305e+00
2.436212659535957670e+00	2.129501052852968979e+00
2.477390914197924676e+00	2.144253445744185527e+00
2.519265187185870225e+00	2.158994492257137132e+00
2.561847242998160024e+00	2.173722810887671830e+00
2.605149044983431139e+00	2.188437022179717140e+00
2.649182758701655427e+00	2.203135749874288507e+00
2.693960755342017954e+00	2.217817620615939234e+00
2.739495615198612732e+00	2.232481264565288726e+00
2.785800131204812846e+00	2.247125315994447536e+00
2.832887312527463397e+00	2.261748413803879476e+00
2.880770388221738365e+00	2.276349201622252849e+00
2.929462810947857765e+00	2.290926328106923648e+00
2.978978260750571039e+00	2.305478448244862033e+00
3.029330648902521350e+00	2.320004222428951657e+00
3.080534121812634751e+00	2.334502318255113451e+00
3.132603065000477027e+00	2.348971409885648676e+00
3.185552107137887834e+00	2.363410178887475066e+00
3.239396124158830492e+00	2.377817314940792404e+00
3.294150243438799031e+00	2.392191515334614493e+00
3.349829848044809655e+00	2.406531486496700012e+00
3.406450581057223204e+00	2.420835943542583468e+00
3.464028349964686004e+00	2.435103610984530320e+00
3.522579331133254943e+00	2.449333223275798499e+00
3.582119974351172242e+00	2.463523524857693214e+00
3.642667007450346439e+00	2.477673270699813912e+00
3.704237441006055231e+00	2.491781226862699761e+00
3.766848573116013732e+00	2.505846170538891471e+00
3.830517994260218551e+00	2.519866890528586811e+00
3.895263592243014550e+00	2.533842187864169038e+00
3.961103557218577542e+00	2.547770875750102526e+00
4.028056386801467603e+00	2.561651780118633148e+00
4.096140891263432948e+00	2.575483740004366862e+00
4.165376198818180775e+00	2.589265608171271715e+00
4.235781760995385170e+00	2.602996250356932606e+00
4.307377358105535237e+00	2.616674546987595829e+00
4.380183104797232829e+00	2.630299392871132458e+00
4.454219455708298803e+00	2.643869696946285153e+00
4.529507211212534301e+00	2.657384383658245142e+00
4.606067523263474683e+00	2.670842392812092569e+00
4.683921901337057214e+00	2.684242679173896917e+00
4.763092218474635153e+00	2.697584214013819537e+00
4.843600717428146574e+00	2.710865984407001772e+00
4.925470016909234694e+00	2.724086993793081835e+00
5.008723117943856273e+00	2.737246262669527308e+00
5.093383410334457295e+00	2.750342827869305395e+00
5.179474679231212519e+00	2.763375743740578816e+00
5.267021111814501388e+00	2.776344081993598500e+00
5.356047304090164829e+00	2.789246931823399223e+00
5.446578267799784712e+00	2.802083400324699269e+00
5.538639437447652192e+00	2.814852612716167712e+00
5.632256677446509485e+00	2.827553712286271281e+00
5.727456289384188715e+00	2.840185860743456470e+00
5.824265019412900202e+00	2.852748238590669061e+00
5.922710065763608256e+00	2.865240044948908604e+00
6.022819086387228182e+00	2.877660497928020256e+00
6.124620206725158056e+00	2.890008834669336224e+00
6.228142027611035303e+00	2.902284311863986055e+00
6.333413633306047785e+00	2.914486204999636509e+00
6.440464599670190360e+00	2.926613809740728378e+00
6.549325002471445778e+00	2.938666440602078822e+00
6.660025425835619295e+00	2.950643432545855038e+00
6.772596970838784536e+00	2.962544140150117578e+00
6.887071264245168578e+00	2.974367937522496064e+00
7.003480467392588338e+00	2.986114219174512030e+00
7.121857285228077927e+00	2.997782399773832207e+00
7.242234975496383065e+00	3.009371913535356491e+00
7.364647358083541206e+00	3.020882215334005583e+00
7.489128824518638261e+00	3.032312780331093638e+00
7.615714347635920589e+00	3.043663103366771594e+00
7.744439491400456177e+00	3.054932700061308459e+00
7.875340420899716420e+00	3.066121106309882549e+00
8.008453912504041483e+00	3.077227877810890355e+00
8.143817364199005482e+00	3.088252591003144421e+00
8.281468806092183499e+00	3.099194842626677993e+00
8.421446911097760335e+00	3.110054249073633148e+00
8.563791005801492773e+00	3.120830447558448295e+00
8.708541081509549642e+00	3.131523095400809975e+00
8.855737805483945735e+00	3.142131869410067502e+00
9.005422532367880706e+00	3.152656467176172317e+00
9.157637315804374012e+00	3.163096606112599574e+00
9.312424920251002547e+00	3.173452023022207413e+00
9.469828832994659606e+00	3.183722475135869256e+00
9.629893276369060118e+00	3.193907739324387318e+00
9.792663220179065320e+00	3.204007611587675886e+00
9.958184394334800515e+00	3.214021908086581281e+00
1.012650330169933710e+01	3.223950463774698516e+00
1.029766723115371541e+01	3.233793133413616516e+00
1.047172427088250757e+01	3.243549790465751315e+00
1.064872332188427428e+01	3.253220327587535099e+00
1.082871411171002762e+01	3.262804656275316795e+00
1.101174720843425447e+01	3.272302706614350853e+00
1.119787403486185262e+01	3.281714427258569877e+00
1.138714688297520183e+01	3.291039785199613821e+00
1.157961892862566167e+01	3.300278765654201862e+00
1.177534424647303979e+01	3.309431371607714389e+00
1.197437782517795135e+01	3.318497624212130237e+00
1.217677558285059547e+01	3.327477561722782085e+00
1.238259438276100788e+01	3.336371240338718014e+00
1.259189204931461603e+01	3.345178732815701217e+00
1.280472738429782709e+01	3.353900129467252800e+00
1.302116018339845027e+01	3.362535537000517216e+00
1.324125125300498418e+01	3.371085078639589838e+00
1.346506242729025793e+01	3.379548894266774184e+00
1.369265658558342480e+01	3.387927139001432497e+00
1.392409767003596599e+01	3.396219984671806635e+00
1.415945070358605307e+01	3.404427618371558939e+00
1.439878180822651998e+01	3.412550242027379443e+00
1.464215822358192653e+01	3.420588073254652972e+00
1.488964832579915942e+01	3.428541344364098631e+00
1.514132164675782732e+01	3.436410301628342268e+00
1.539724889360486770e+01	3.444195206296579936e+00
1.565750196861980470e+01	3.451896333568878816e+00
1.592215398941546312e+01	3.459513971387536913e+00
1.619127930948012661e+01	3.467048422511901151e+00
1.646495353906724546e+01	3.474500002113735775e+00
1.674325356643772622e+01	3.481869038359309165e+00
1.702625757946180585e+01	3.489155871958517618e+00
1.731404508758553007e+01	3.496360856175761533e+00
1.760669694416904463e+01	3.503484356096807861e+00
1.790429536920192888e+01	3.510526748541561659e+00
1.820692397240297211e+01	3.517488421999214854e+00
1.851466777671009822e+01	3.524369775919020231e+00
1.882761324216724574e+01	3.531171220593539939e+00
1.914584829021545431e+01	3.537893177217527274e+00
1.946946232839389879e+01	3.544536076679964953e+00
1.979854627545908841e+01	3.551100360426461044e+00
2.013319258692800773e+01	3.557586479317646599e+00
2.047349528105359084e+01	3.563994893711959211e+00
2.081954996523887758e+01	3.570326072706505371e+00
2.117145386289756814e+01	3.576580494788231590e+00
2.152930584076909071e+01	3.582758646542521852e+00
2.189320643669466548e+01	3.588861022834624048e+00
2.226325788786357052e+01	3.594888126470939138e+00
2.263956415953613899e+01	3.600840468008752016e+00
2.302223097425292053e+01	3.606718565164531931e+00
2.341136584153708355e+01	3.612522942426565020e+00
2.380707808809889059e+01	3.618254131831095677e+00
2.420947888855114627e+01	3.623912670919981149e+00
2.461868129664312121e+01	3.629499104216451943e+00
2.503480027702318367e+01	3.635013981666434635e+00
2.545795273753748944e+01	3.640457858866719576e+00
2.588825756207539186e+01	3.645831297059759724e+00
2.632583564396948717e+01	3.651134861984747904e+00
2.677080991996021808e+01	3.656369124693150674e+00
2.722330540473507554e+01	3.661534660442124611e+00
2.768344922605082559e+01	3.666632048731717664e+00
2.815137066045024739e+01	3.671661873194303816e+00
2.862720116958168148e+01	3.676624721005725238e+00
2.911107443713334675e+01	3.681521182754885047e+00
2.960312640639132908e+01	3.686351852396049900e+00
3.010349531843243653e+01	3.691117326659980602e+00
3.061232175096317221e+01	3.695818204892504788e+00
3.112974865781429301e+01	3.700455088945513005e+00
3.165592140910392160e+01	3.705028583248899832e+00
3.219098783207849834e+01	3.709539293282769101e+00
3.273509825264502382e+01	3.713987826891072430e+00
3.328840553760464616e+01	3.718374793499096498e+00
3.385106513760008085e+01	3.722700803119465274e+00
3.442323513078967778e+01	3.726966467308271636e+00
3.500507626725861599e+01	3.731172398490063991e+00
3.559675201418191648e+01	3.735319209091901627e+00
3.619842860174963306e+01	3.739407512433517766e+00
3.681027506986945497e+01	3.743437922004459573e+00
3.743246331565791252e+01	3.747411050709018365e+00
3.806516814173434682e+01	3.751327511796675118e+00
3.870856730533186152e+01	3.755187917762511596e+00
3.936284156823732872e+01	3.758992880420302107e+00
4.002817474757663518e+01	3.762743011124639381e+00
4.070475376745718421e+01	3.766438919634497395e+00
4.139276871148439341e+01	3.770081215173347378e+00
4.209241287616510618e+01	3.773670505085344740e+00
4.280388282521361276e+01	3.777207395407884416e+00
4.352737844477648110e+01	3.780692490448871013e+00
4.426310299958944938e+01	3.784126392758764279e+00
4.501126319008503884e+01	3.787509702733338202e+00
4.577206921046389709e+01	3.790843018506463658e+00
4.654573480774909910e+01	3.794126936354834445e+00
4.733247734183772337e+01	3.797362049564782627e+00
4.813251784656739574e+01	3.800548949130044818e+00
4.894608109181602629e+01	3.803688223195933471e+00
4.977339564664967497e+01	3.806780457324687728e+00
5.061469394353941453e+01	3.809826233581552479e+00
5.147021234366199849e+01	3.812826131598458179e+00
5.234019120330587782e+01	3.815780726904416387e+00
5.322487494139806330e+01	3.818690592617694612e+00
5.412451210817385316e+01	3.821556298067302571e+00
5.503935545500626603e+01	3.824378408714724120e+00
5.596966200541572789e+01	3.827157486786320284e+00
5.691569312728113772e+01	3.829894090851865940e+00
5.787771460626974118e+01	3.832588775122063751e+00
5.885599672051007758e+01	3.835242090371031143e+00
5.985081431652515249e+01	3.837854583419455068e+00
6.086244688645088985e+01	3.840426796494617268e+00
6.189117864655855783e+01	3.842959268182526866e+00
6.293729861710444595e+01	3.845452532824233050e+00
6.400110070353041181e+01	3.847907120002747483e+00
6.508288377903505761e+01	3.850323555444617352e+00
6.618295176854263673e+01	3.852702360483665434e+00
6.730161373408913050e+01	3.855044051361643742e+00
6.843918396165355489e+01	3.857349140513277597e+00
6.959598204945567090e+01	3.859618135708181352e+00
7.077233299774606223e+01	3.861851503267835550e+00
7.196856730011528214e+01	3.864049826748401806e+00
7.318502103634435230e+01	3.866213561988840031e+00
7.442203596682681166e+01	3.868343163106299887e+00
7.567995962858455528e+01	3.870439137993350709e+00
7.695914543290872700e+01	3.872501966080496683e+00
7.825995276464949768e+01	3.874532121578461386e+00
7.958274708318410262e+01	3.876530074393147896e+00
8.092790002509306646e+01	3.878496289070186176e+00
8.229578950856954123e+01	3.880431225781053151e+00
8.368679983959597735e+01	3.882335339375054151e+00
8.510132181991289713e+01	3.884209079961881361e+00
8.653975285681501362e+01	3.886052892802761338e+00
8.800249707480163863e+01	3.887867218090352406e+00
8.948996542911412178e+01	3.889652491148500424e+00
9.100257582119419908e+01	3.891409142381895059e+00
9.254075321609118987e+01	3.893137597289654472e+00
9.410492976185659586e+01	3.894838276242619912e+00
9.569554491095378523e+01	3.896511595056643351e+00
9.731304554372266580e+01	3.898157964138918796e+00
9.895788609392928947e+01	3.899777789548363405e+00
1.006305286764376348e+02	3.901371471777776101e+00
1.023314432170412118e+02	3.902939407084486945e+00
1.040611075844862796e+02	3.904481986465877519e+00
1.058200077247298054e+02	3.905999596063192580e+00
1.076086377974633734e+02	3.907492617613597119e+00
1.094275003149479204e+02	3.908961426976821585e+00
1.112771062831930067e+02	3.910406396490055503e+00
1.131579753455222743e+02	3.911827893169890658e+00
1.150706359285678531e+02	3.913226278801752223e+00
1.170156253907290136e+02	3.914601911197373330e+00
1.189934901731438543e+02	3.915955143298030183e+00
1.210047859532090087e+02	3.917286322708195545e+00
1.230500778006978635e+02	3.918595793281510531e+00
1.251299403365151335e+02	3.919883893858998380e+00
1.272449578941347568e+02	3.921150958619147087e+00
1.293957246837690604e+02	3.922397317256079319e+00
1.315828449593089147e+02	3.923623295049060822e+00
1.338069331880899426e+02	3.924829212689568525e+00
1.360686142235236389e+02	3.926015386346347391e+00
1.383685234806508220e+02	3.927182128013668283e+00
1.407073071146594430e+02	3.928329745103335657e+00
1.430856222024197280e+02	3.929458540665184518e+00
1.455041369270908831e+02	3.930568813673482431e+00
1.479635307658433305e+02	3.931660858642354039e+00
1.504644946807591168e+02	3.932734965829358664e+00
1.530077313129538652e+02	3.933791421654784237e+00
1.555939551799847322e+02	3.934830507758476870e+00
1.582238928765917478e+02	3.935852502341908199e+00
1.608982832788323662e+02	3.936857679208896954e+00
1.636178777516695106e+02	3.937846308168383214e+00
1.663834403600635596e+02	3.938818655087976239e+00
1.691957480836375396e+02	3.939774981920306285e+00
1.720555910349655733e+02	3.940715546672602265e+00
1.749637726815560939e+02	3.941640603525197850e+00
1.779211100715817793e+02	3.942550402861480840e+00
1.809284340634302453e+02	3.943445191392208393e+00
1.839865895591310334e+02	3.944325211868500158e+00
1.870964357417281576e+02	3.945190703595004234e+00
1.902588463166685528e+02	3.946041902287373837e+00
1.934747097572649466e+02	3.946879039496598907e+00
1.967449295543138987e+02	3.947702344131166274e+00
2.000704244699266781e+02	3.948512040980951987e+00
2.034521287956564777e+02	3.949308351453322263e+00
2.068909926149848104e+02	3.950091493849839708e+00
2.103879820702443340e+02	3.950861682555246279e+00
2.139440796340576298e+02	3.951619129043875134e+00
2.175602843853577042e+02	3.952364041700983321e+00
2.212376122900808468e+02	3.953096624921289326e+00
2.249770964865966505e+02	3.953817080576512932e+00
2.287797875759696069e+02	3.954525607100823237e+00
2.326467539171220835e+02	3.955222399774788844e+00
2.365790819269863619e+02	3.955907650998108593e+00
2.405778763857347258e+02	3.956581549992846281e+00
2.446442607471615247e+02	3.957244282917453226e+00
2.487793774543193308e+02	3.957896033107385581e+00
2.529843882604822340e+02	3.958536981250121656e+00
2.572604745555416912e+02	3.959167304463524051e+00
2.616088376979143391e+02	3.959787177592039686e+00
2.660306993520598553e+02	3.960396772785136577e+00
2.705273018317088258e+02	3.960996258847101714e+00
2.750999084488843778e+02	3.961585802384998356e+00
2.797498038688314637e+02	3.962165567386287890e+00
2.844782944709368735e+02	3.962735714655076791e+00
2.892867087157579817e+02	3.963296402947698471e+00
2.941763975182495869e+02	3.963847788431992036e+00
2.991487346272989498e+02	3.964390024272375523e+00
3.042051170116823755e+02	3.964923261730687098e+00
3.093469652525361084e+02	3.965447649317809464e+00
3.145757239424706313e+02	3.965963333108020183e+00
3.198928620914214775e+02	3.966470457133865146e+00
3.252998735393691732e+02	3.966969162572938412e+00
3.307982773760288637e+02	3.967459588861088626e+00
3.363896183676337728e+02	3.967941872758065536e+00
3.420754673909387975e+02	3.968416148955705935e+00
3.478574218745504822e+02	3.968882549921496583e+00
3.537371062477265582e+02	3.969341206068293548e+00
3.597161723967509488e+02	3.969792245552126175e+00
3.657963001290331135e+02	3.970235794322380940e+00
3.719791976450445077e+02	3.970671976689143623e+00
3.782666020182322768e+02	3.971100914367118317e+00
3.846602796830517832e+02	3.971522727720224744e+00
3.911620269312371079e+02	3.971937534441313034e+00
3.977736704164719868e+02	3.972345450932335709e+00
4.044970676675784489e+02	3.972746591112447323e+00
4.113341076103915839e+02	3.973141067738079624e+00
4.182867110984475403e+02	3.973528990566348895e+00
4.253568314526407903e+02	3.973910468867541734e+00
4.325464550100122665e+02	3.974285609490008309e+00
4.398576016817999061e+02	3.974654517266079878e+00
4.472923255209361173e+02	3.975017295719289301e+00
4.548527152991227354e+02	3.975374046716158460e+00
4.625408950936740666e+02	3.975724869939871287e+00
4.703590248842695019e+02	3.976069863903503698e+00
4.783093011597930513e+02	3.976409125506382036e+00
4.863939575354394265e+02	3.976742749558196621e+00
4.946152653802362238e+02	3.977070829816418129e+00
5.029755344551887219e+02	3.977393458442923357e+00
5.114771135621948588e+02	3.977710725601074859e+00
5.201223912039447441e+02	3.978022720500622889e+00
5.289137962549582426e+02	3.978329530878873754e+00
5.378537986439790757e+02	3.978631242315158634e+00
5.469449100478946093e+02	3.978927939836925276e+00
5.561896845973827794e+02	3.979219706918970090e+00
5.655907195944980685e+02	3.979506624734400866e+00
5.751506562423700188e+02	3.979788774382209571e+00
5.848721803872531382e+02	3.980066235124304352e+00
5.947580232731010028e+02	3.980339084370490443e+00
6.048109623089127354e+02	3.980607358568109877e+00
6.150338218490370537e+02	3.980871254544358528e+00
6.254294739866654709e+02	3.981130724693862977e+00
6.360008393607505468e+02	3.981385882589260294e+00
6.467508879765434813e+02	3.981636799580505759e+00
6.576826400400219654e+02	3.981883546422132270e+00
6.687991668064009900e+02	3.982126192245417862e+00
6.801035914430051434e+02	3.982364805126205720e+00
6.915990899067132887e+02	3.982599452226106784e+00
7.032888918362326649e+02	3.982830199347075606e+00
7.151762814594706015e+02	3.983057111288476282e+00
7.272645985162197348e+02	3.983280251811573969e+00
7.395572391964639110e+02	3.983499683624727172e+00
7.520576570945196409e+02	3.983715468199100496e+00
7.647693641793268853e+02	3.983927666375729704e+00
7.776959317811260917e+02	3.984136337484688539e+00
7.908409915948119533e+02	3.984341540463407938e+00
8.042082367002620913e+02	3.984543332547028527e+00
8.178014225998882694e+02	3.984741770607582723e+00
8.316243682737505196e+02	3.984936910655256792e+00
8.456809572524798568e+02	3.985128807067617185e+00
8.599751387083596228e+02	3.985317514005341177e+00
8.745109285648341029e+02	3.985503084392826523e+00
8.892924106247685359e+02	3.985685570316908954e+00
9.043237377177986218e+02	3.985865023314995259e+00
9.196091328670457870e+02	3.986041493245671585e+00
9.351528904755820122e+02	3.986215030113423374e+00
9.509593775329200298e+02	3.986385682833634370e+00
9.670330348419231541e+02	3.986553498658445882e+00
9.833783782664356750e+02	3.986718525292748616e+00
1.000000000000000000e+03	3.986880809019903715e+00
