# Data associated with arXiv:2110.09653
# 
# Scale-free velocity distribution, f(E), of a einasto0-16 dark matter distribution (see Eq. 13 and the surrounding discussion)
# 
# Published: 3/29/22, Jack Runburg, contact: runburg@hawaii.edu
# 
# 
# -----------------------------------------------------------------
# 
# 	 tilde E 		 | 		 tilde f
# 
# -----------------------------------------------------------------
7.940901977098515795e-07	5.571198219182478027e+11
8.173891094972206084e-07	5.360850096430228271e+11
8.413613955698453751e-07	5.149924361928358154e+11
8.660261861842405335e-07	4.939478272470591431e+11
8.914031444509273310e-07	4.732843246878585815e+11
9.175124808392103446e-07	4.526554872899347534e+11
9.443749680662549707e-07	4.326131853497684326e+11
9.720119563802173485e-07	4.134608235436411743e+11
1.000445389247616309e-06	3.951587806083413696e+11
1.029697819455215297e-06	3.776692036623883667e+11
1.059792425637032672e-06	3.609559291133125610e+11
1.090753029237381380e-06	3.449844143471499634e+11
1.122604111920963721e-06	3.297216291905004272e+11
1.155370833441531335e-06	3.151360596899430542e+11
1.189079049980663084e-06	3.011975759049742432e+11
1.223755332968734008e-06	2.878773735939909668e+11
1.259426988400232413e-06	2.751479761809193115e+11
1.296122076656000338e-06	2.629830904012634583e+11
1.333869432845304494e-06	2.513576135334979248e+11
1.372698687680783466e-06	2.402475720656386108e+11
1.412640288899898459e-06	2.296300501435105286e+11
1.453725523246547038e-06	2.194831441512960205e+11
1.495986539027128701e-06	2.097859411307403564e+11
1.539456369255433220e-06	2.005184552887176208e+11
1.584168955401224417e-06	1.916615912856154785e+11
1.630159171757774406e-06	1.831971045867584229e+11
1.677462850443766440e-06	1.751075633918889465e+11
1.726116807055666753e-06	1.673763123583460999e+11
1.776158866986704558e-06	1.599874379281009216e+11
1.827627892429344316e-06	1.529257352068186340e+11
1.880563810078161715e-06	1.461766763378814087e+11
1.935007639550832698e-06	1.397263803086942139e+11
1.991001522545008834e-06	1.335615839683277588e+11
2.048588752749486544e-06	1.276696146144236755e+11
2.107813806528556885e-06	1.220383635287589569e+11
2.168722374398579548e-06	1.166562607936622620e+11
2.231361393316717863e-06	1.115122514866160278e+11
2.295779079801751124e-06	1.065957722970898895e+11
2.362024963907853752e-06	1.018967299692871246e+11
2.430149924072260038e-06	9.740548017690145874e+10
2.500206222858536210e-06	9.311280751780320740e+10
2.572247543617671568e-06	8.900990642220158386e+10
2.646329028089435060e-06	8.508836281985246277e+10
2.722507314967460957e-06	8.134013676428193665e+10
2.800840579451511192e-06	7.775754565606578064e+10
2.881388573811480017e-06	7.433324845989915466e+10
2.964212668987778200e-06	7.106023032971818542e+10
3.049375897253619556e-06	6.793178820648026276e+10
3.136942995965339510e-06	6.494151681117084503e+10
3.226980452427142205e-06	6.208329545841028595e+10
3.319556549897836907e-06	5.935127536308171082e+10
3.414741414767126596e-06	5.673986751690137482e+10
3.512607064930307135e-06	5.424373111302688599e+10
3.613227459390316339e-06	5.185776251499816895e+10
3.716678549117078518e-06	4.957708469516645813e+10
3.823038329194864257e-06	4.739703712810450745e+10
3.932386892288587644e-06	4.531316618557637024e+10
4.044806483461429371e-06	4.332121589076669312e+10
4.160381556376083073e-06	4.141711911398244476e+10
4.279198830913492668e-06	3.959698925974512482e+10
4.401347352242979379e-06	3.785711212222888947e+10
4.526918551378904808e-06	3.619393827098171997e+10
4.656006307259813047e-06	3.460407572714517975e+10
4.788707010386329408e-06	3.308428293075563431e+10
4.925119628055720494e-06	3.163146208171469879e+10
5.065345771230937323e-06	3.024265273540405655e+10
5.209489763083797900e-06	2.891502568184323502e+10
5.357658709251984257e-06	2.764587713325054550e+10
5.509962569850938440e-06	2.643262313774252701e+10
5.666514233282780406e-06	2.527279425709867096e+10
5.827429591884570670e-06	2.416403047321005249e+10
5.992827619460320857e-06	2.310407633845488358e+10
6.162830450740888516e-06	2.209077630807808304e+10
6.337563462818158353e-06	2.112207032235892868e+10
6.517155358599793449e-06	2.019598955781158066e+10
6.701738252332584086e-06	1.931065237548567963e+10
6.891447757243545810e-06	1.846426044577424240e+10
7.086423075348192786e-06	1.765509505203145599e+10
7.286807089477757117e-06	1.688151355942642784e+10
7.492746457576899451e-06	1.614194603947653008e+10
7.704391709325977006e-06	1.543489203257631683e+10
7.921897345141854641e-06	1.475891746946017265e+10
8.145421937613250406e-06	1.411265173082134628e+10
8.375128235427851280e-06	1.349478482808765602e+10
8.611183269848820193e-06	1.290406471001520538e+10
8.853758463800986153e-06	1.233929469704979515e+10
9.103029743626675553e-06	1.179933102880010223e+10
9.359177653574180173e-06	1.128308050990368843e+10
9.622387473081647370e-06	1.078949827188015938e+10
9.892849336921517419e-06	1.031758562547132683e+10
1.017075835827212376e-05	9.866388026047792435e+09
1.045631475478334803e-05	9.434993101101596832e+09
1.074972397770650829e-05	9.022528797060367584e+09
1.105119684415807429e-05	8.628161577015830994e+09
1.136094967259042910e-05	8.251094724797482491e+09
1.167920442154254215e-05	7.890566711514937401e+09
1.200618883174618876e-05	7.545849635339460373e+09
1.234213657166503157e-05	7.216247731676209450e+09
1.268728738654410457e-05	6.901095953455298424e+09
1.304188725105121165e-05	6.599758607150355339e+09
1.340618852559079050e-05	6.311628054643599510e+09
1.378045011637522662e-05	6.036123473745519638e+09
1.416493763933800887e-05	5.772689666385253906e+09
1.455992358797629636e-05	5.520795928945061684e+09
1.496568750521250576e-05	5.279934966921324730e+09
1.538251615936466585e-05	5.049621857701246262e+09
1.581070372431979352e-05	4.829393062162347794e+09
1.625055196400362586e-05	4.618805480039638519e+09
1.670237042124487269e-05	4.417435545841415405e+09
1.716647661113160844e-05	4.224878360095611095e+09
1.764319621896104226e-05	4.040746872273210049e+09
1.813286330288619777e-05	3.864671084570715904e+09
1.863582050136308076e-05	3.696297302968731403e+09
1.915241924550732449e-05	3.535287413484717846e+09
1.968301997646790258e-05	3.381318195247390270e+09
2.022799236793127638e-05	3.234080661346192360e+09
2.078771555386856455e-05	3.093279431446076870e+09
2.136257836164243552e-05	2.958632130890789032e+09
2.195297955059311731e-05	2.829868813707077503e+09
2.255932805622288176e-05	2.706731415959590912e+09
2.318204324010459446e-05	2.588973231690654278e+09
2.382155514563804804e-05	2.476358409128379822e+09
2.447830475978489791e-05	2.368661473246430397e+09
2.515274428091147127e-05	2.265666868281585217e+09
2.584533739287384304e-05	2.167168516873510838e+09
2.655655954548253358e-05	2.072969406834475517e+09
2.728689824148384754e-05	1.982881186462263584e+09
2.803685333020241200e-05	1.896723785231143475e+09
2.880693730798684947e-05	1.814325047621702909e+09
2.959767562560895100e-05	1.735520384240562439e+09
3.040960700276462762e-05	1.660152438241643667e+09
3.124328374983094923e-05	1.588070766529832125e+09
3.209927209703679530e-05	1.519131534686467171e+09
3.297815253120424200e-05	1.453197226311180592e+09
3.388052014022641621e-05	1.390136363683195353e+09
3.480698496544431473e-05	1.329823242838418961e+09
3.575817236209523743e-05	1.272137678191685677e+09
3.673472336800138072e-05	1.216964759470476389e+09
3.773729508067808744e-05	1.164194620991054773e+09
3.876656104303731964e-05	1.113722216457916021e+09
3.982321163787126478e-05	1.065447110052768707e+09
4.090795449130131133e-05	1.019273271643720746e+09
4.202151488538069941e-05	9.751088828344786167e+08
4.316463618004682271e-05	9.328661523462039232e+08
4.433808024461644752e-05	8.924611381655139923e+08
4.554262789902731307e-05	8.538135786006574631e+08
4.677907936502868257e-05	8.168467301049059629e+08
4.804825472752960837e-05	7.814872128527269363e+08
4.935099440631719102e-05	7.476648623501989841e+08
5.068815963835926713e-05	7.153125884817811251e+08
5.206063297091461436e-05	6.843662403094062805e+08
5.346931876567093567e-05	6.547644760187430382e+08
5.491514371414186319e-05	6.264486411314936876e+08
5.639905736455409259e-05	5.993626488870698214e+08
5.792203266046121440e-05	5.734528679907665253e+08
5.948506649132631054e-05	5.486680147923003435e+08
6.108918025531661115e-05	5.249590500978908539e+08
6.273542043456352185e-05	5.022790804861643314e+08
6.442485918313844528e-05	4.805832642257093787e+08
6.615859492800648897e-05	4.598287213839607835e+08
6.793775298322017912e-05	4.399744469497090578e+08
6.976348617762184560e-05	4.209812296641235352e+08
7.163697549632866955e-05	4.028115718342009187e+08
7.355943073627563180e-05	3.854296159273555279e+08
7.553209117610457037e-05	3.688010712856587172e+08
7.755622626068024998e-05	3.528931456720437407e+08
7.963313630053398472e-05	3.376744797606992722e+08
8.176415318652592188e-05	3.231150843159021139e+08
8.395064112003465951e-05	3.091862799291362762e+08
8.619399735898032209e-05	2.958606395557993650e+08
8.849565297999398153e-05	2.831119338428958654e+08
9.085707365705713917e-05	2.709150788361306787e+08
9.327976045692915681e-05	2.592460849945724308e+08
9.576525065170150429e-05	2.480820100703857541e+08
9.831511854880634733e-05	2.374009128125377595e+08
1.009309763388273014e-04	2.271818092572441399e+08
1.036144749614581581e-04	2.174046307113257349e+08
1.063673049899593469e-04	2.080501838286362290e+08
1.091911975344790544e-04	1.991001121511522830e+08
1.120879251645941850e-04	1.905368595496930480e+08
1.150593028514531143e-04	1.823436351786500514e+08
1.181071889298875352e-04	1.745043798934875429e+08
1.212334860808845913e-04	1.670037346907645762e+08
1.244401423348050423e-04	1.598270092276372313e+08
1.277291520957448356e-04	1.529601534584202170e+08
1.311025571874438272e-04	1.463897290981047451e+08
1.345624479211460461e-04	1.401028830858826339e+08
1.381109641858361159e-04	1.340873219788905829e+08
1.417502965612630716e-04	1.283312874401381612e+08
1.454826874541897117e-04	1.228235328966216892e+08
1.493104322582979948e-04	1.175533011626416296e+08
1.532358805381948139e-04	1.125103030726512969e+08
1.572614372379689865e-04	1.076846970618809164e+08
1.613895639147503542e-04	1.030670695306972861e+08
1.656227799977447591e-04	9.864841637574717402e+07
1.699636640732034624e-04	9.442012473691286147e+07
1.744148551958144336e-04	9.037395631029346585e+07
1.789790542269961661e-04	8.650203076421906054e+07
1.836590252005857024e-04	8.279681022767144442e+07
1.884575967164262185e-04	7.925108431660445035e+07
1.933776633623511629e-04	7.585795580295741558e+07
1.984221871650942060e-04	7.261082707772341371e+07
2.035941990706318348e-04	6.950338685152599216e+07
2.088968004545009951e-04	6.652959805052750558e+07
2.143331646626230643e-04	6.368368554776775092e+07
2.199065385831812185e-04	6.096012474378001690e+07
2.256202442501070899e-04	5.835363089460604638e+07
2.314776804787304178e-04	5.585914851794899255e+07
2.374823245341743151e-04	5.347184127545010298e+07
2.436377338330577408e-04	5.118708267852696031e+07
2.499475476791034414e-04	4.900044679258686304e+07
2.564154890332371543e-04	4.690769955393961072e+07
2.630453663187827616e-04	4.490479039747892320e+07
2.698410752623656150e-04	4.298784431009384990e+07
2.768066007711319988e-04	4.115315413558982313e+07
2.839460188469296949e-04	3.939717330705024302e+07
2.912634985380627129e-04	3.771650888034406304e+07
2.987633039292815484e-04	3.610791481328534335e+07
3.064497961706504374e-04	3.456828558641830087e+07
3.143274355459554090e-04	3.309465010911813378e+07
3.224007835813237719e-04	3.168416587180364504e+07
3.306745051947236049e-04	3.033411334916002676e+07
3.391533708870467928e-04	2.904189066396801546e+07
3.478422589754474317e-04	2.780500847243602574e+07
3.567461578696590934e-04	2.662108507980620116e+07
3.658701683919916674e-04	2.548784176483786479e+07
3.752195061417302937e-04	2.440309830197586492e+07
3.847995039046725593e-04	2.336476869840062037e+07
3.946156141085258202e-04	2.237085708887964860e+07
4.046734113249373602e-04	2.141945383392909914e+07
4.149785948188847769e-04	2.050873177819856256e+07
4.255369911462132931e-04	1.963694267177347094e+07
4.363545568000805602e-04	1.880241374167354777e+07
4.474373809070979289e-04	1.800354443044660613e+07
4.587916879739577019e-04	1.723880325473286957e+07
4.704238406853365360e-04	1.650672481677449867e+07
4.823403427539087445e-04	1.580590693628213368e+07
4.945478418232488252e-04	1.513500791557485797e+07
5.070531324244924179e-04	1.449274391476522200e+07
5.198631589875510632e-04	1.387788645101233199e+07
5.329850189077511586e-04	1.328925999814550392e+07
5.464259656687410569e-04	1.272573968107036501e+07
5.601934120225141511e-04	1.218624911432769895e+07
5.742949332274504366e-04	1.166975827473242767e+07
5.887382703452065076e-04	1.117528150217972137e+07
6.035313335973940992e-04	1.070187558726599067e+07
6.186822057828927435e-04	1.024863792763270624e+07
6.341991457567357866e-04	9.814704775705330074e+06
6.500905919714656395e-04	9.399249557081276551e+06
6.663651660818681278e-04	9.001481261682076380e+06
6.830316766140501206e-04	8.620642912898451090e+06
7.000991226997405927e-04	8.256010085438506678e+06
7.175766978768246228e-04	7.906889509994088672e+06
7.354737939569980709e-04	7.572617721827515401e+06
7.538000049615516769e-04	7.252559771066683345e+06
7.725651311262279452e-04	6.946108007795186713e+06
7.917791829761270305e-04	6.652680870950318873e+06
8.114523854716611511e-04	6.371721792972208932e+06
8.315951822265067479e-04	6.102698108221171424e+06
8.522182397986174506e-04	5.845100024314157665e+06
8.733324520552252770e-04	5.598439629248313606e+06
8.949489446129024490e-04	5.362249957485970110e+06
9.170790793536682823e-04	5.136084077932399698e+06
9.397344590181735263e-04	4.919514236007597297e+06
9.629269318770014704e-04	4.712131024399295449e+06
9.866685964810943416e-04	4.513542592542445287e+06
1.010971806492398086e-03	4.323373891215868294e+06
1.035849175595709992e-03	4.141265945035491139e+06
1.061313582492840564e-03	3.966875167070193216e+06
1.087378175980112383e-03	3.799872689028140623e+06
1.114056380110273105e-03	3.639943731109017506e+06
1.141361899439904092e-03	3.486786995841860306e+06
1.169308724363354868e-03	3.340114086603022180e+06
1.197911136534356158e-03	3.199648952180014458e+06
1.227183714376308288e-03	3.065127357742074877e+06
1.257141338682400298e-03	2.936296373769374099e+06
1.287799198306607742e-03	2.812913893055830617e+06
1.319172795946686782e-03	2.694748161698987242e+06
1.351277954020239664e-03	2.581577338496090379e+06
1.384130820634971995e-03	2.473189065066497773e+06
1.417747875654217990e-03	2.369380060313580092e+06
1.452145936858859976e-03	2.269955730384364258e+06
1.487342166206730458e-03	2.174729794402318541e+06
1.523354076190610012e-03	2.083523930377420736e+06
1.560199536295921044e-03	1.996167429030928295e+06
1.597896779559228493e-03	1.912496871245555812e+06
1.636464409228660308e-03	1.832355813306349330e+06
1.675921405527329303e-03	1.755594487745046150e+06
1.716287132520896101e-03	1.682069517350975424e+06
1.757581345090347604e-03	1.611643640402794583e+06
1.799824196011115540e-03	1.544185449466528604e+06
1.843036243139615799e-03	1.479569139613412321e+06
1.887238456708316848e-03	1.417674269047655398e+06
1.932452226730431606e-03	1.358385528505133232e+06
1.978699370515327183e-03	1.301592521817525849e+06
2.026002140295705880e-03	1.247189555808105972e+06
2.074383230967695880e-03	1.195075438091732794e+06
2.123865787944878136e-03	1.145153285179151455e+06
2.174473415127336270e-03	1.097330337473184569e+06
2.226230182986805878e-03	1.051517783316709567e+06
2.279160636768948027e-03	1.007630589544081711e+06
2.333289804813839380e-03	9.655873405474567553e+05
2.388643206995657783e-03	9.253100826709124958e+05
2.445246863282662681e-03	8.867241768348569749e+05
2.503127302418446578e-03	8.497581569555907045e+05
2.562311570725470198e-03	8.143435941506410018e+05
2.622827241031905256e-03	7.804149663895601407e+05
2.684702421722741979e-03	7.479095354589592898e+05
2.747965765916183124e-03	7.167672268994566984e+05
2.812646480766201398e-03	6.869305174535075203e+05
2.878774336892313268e-03	6.583443251496065641e+05
2.946379677937425653e-03	6.309559055619264254e+05
3.015493430254692717e-03	6.047147521859663539e+05
3.086147112724301270e-03	5.795724996262800414e+05
3.158372846701039145e-03	5.554828374418481253e+05
3.232203366093550773e-03	5.324014122309508966e+05
3.307672027576047998e-03	5.102857567665126990e+05
3.384812820933416361e-03	4.890951984925685101e+05
3.463660379540413337e-03	4.687907908366917400e+05
3.544249990975813745e-03	4.493352357802745537e+05
3.626617607772211847e-03	4.306928145855918410e+05
3.710799858302256393e-03	4.128293208693953347e+05
3.796834057802025986e-03	3.957119958684042795e+05
3.884758219532169227e-03	3.793094667751466040e+05
3.974611066077561247e-03	3.635916880381120718e+05
4.066432040786046448e-03	3.485298846899396158e+05
4.160261319346889378e-03	3.340964981676397729e+05
4.256139821509492306e-03	3.202651354754166096e+05
4.354109222942931581e-03	3.070105180719393538e+05
4.454211967236822341e-03	2.943084360264494899e+05
4.556491278043998602e-03	2.821357016242688405e+05
4.660991171365382567e-03	2.704701065207952634e+05
4.767756467977552273e-03	2.592903797593899653e+05
4.876832806003293837e-03	2.485761482277248579e+05
4.988266653625503429e-03	2.383078984655783279e+05
5.102105321944712217e-03	2.284669401155291416e+05
5.218396977980490140e-03	2.190353710246807314e+05
5.337190657816971370e-03	2.099960428419971431e+05
5.458536280217926064e-03	2.013325316284928413e+05
5.582484658810290580e-03	1.930291065595555410e+05
5.709087517469828982e-03	1.850706968666265893e+05
5.838397502881370604e-03	1.774428668004953070e+05
5.970468198687366515e-03	1.701317898246004479e+05
6.105354139499747160e-03	1.631242208577595593e+05
6.243110825056101196e-03	1.564074722426012449e+05
6.383794734519807751e-03	1.499693901834080752e+05
6.527463340924136853e-03	1.437983320520791167e+05
6.674175125759835778e-03	1.378831448330772982e+05
6.823989593705960185e-03	1.322131444051982253e+05
6.976967287503495554e-03	1.267780956665656704e+05
7.133169802971350837e-03	1.215681935992674844e+05
7.292659804164184842e-03	1.165740450495848927e+05
7.455501038671395742e-03	1.117866513277057384e+05
7.621758353056786242e-03	1.071973915663158405e+05
7.791497708438040529e-03	1.027980067483832390e+05
7.964786196205275726e-03	9.858058440091638477e+04
8.141692053877831736e-03	9.453754393959924346e+04
8.322284681098315873e-03	9.066162280205477146e+04
8.506634655762998487e-03	8.694586286949289206e+04
8.694813750287310600e-03	8.338359766406942799e+04
8.886894948005499839e-03	7.996844007684577082e+04
9.082952459703055176e-03	7.669427061485309969e+04
9.283061740280687882e-03	7.355522601149688126e+04
9.487299505548369913e-03	7.054568854194894084e+04
9.695743749148093976e-03	6.766027565253210196e+04
9.908473759603658726e-03	6.489382994848425005e+04
1.012557013749597508e-02	6.224140987601510278e+04
1.034711481276196290e-02	5.969828051222668000e+04
1.057319106211541612e-02	5.725990494030321133e+04
1.080388352658783434e-02	5.492193586111572949e+04
1.103927822918715843e-02	5.268020764851223066e+04
1.127946259267238911e-02	5.053072872491916496e+04
1.152452545744183342e-02	4.846967419177822012e+04
1.177455709953275503e-02	4.649337893946445547e+04
1.202964924872983524e-02	4.459833056148659671e+04
1.228989510678021174e-02	4.278116364219743991e+04
1.255538936571227136e-02	4.103865287399133376e+04
1.282622822625556144e-02	3.936770748608434951e+04
1.310250941668045059e-02	3.776536563989462593e+04
1.338433221017504282e-02	3.622878909151040716e+04
1.367179744533941234e-02	3.475525763476136490e+04
1.396500754382901804e-02	3.334216437247657450e+04
1.426406652951419177e-02	3.198701112497928625e+04
1.456908004744357325e-02	3.068740365205204580e+04
1.488015538288647507e-02	2.944104737449191816e+04
1.519740148045064035e-02	2.824574318204462179e+04
1.552092896327159771e-02	2.709938344434396276e+04
1.585085015226982141e-02	2.599994818968938125e+04
1.618727908547141700e-02	2.494550138468244768e+04
1.653033153738864280e-02	2.393418750831692523e+04
1.688012503845561299e-02	2.296422809742412937e+04
1.723677889451507433e-02	2.203391858313785997e+04
1.760041420635152440e-02	2.114162515230391364e+04
1.797115388926613655e-02	2.028578183768807139e+04
1.834912269268871784e-02	1.946488763517371626e+04
1.873444721982174890e-02	1.867750383547037927e+04
1.912725594731127035e-02	1.792225138856350532e+04
1.952767924493974128e-02	1.719780841040471205e+04
1.993584939533523531e-02	1.650290782202839546e+04
2.035190061369163833e-02	1.583633505067390797e+04
2.077596906749408501e-02	1.519692582725180182e+04
2.120819289624398946e-02	1.458356410443358072e+04
2.164871223117768861e-02	1.399518004294973616e+04
2.209766921497242909e-02	1.343074803480983974e+04
2.255520802143381326e-02	1.288928498317127014e+04
2.302147487515806765e-02	1.236984839880262916e+04
2.349661807116261089e-02	1.187153477082471727e+04
2.398078799447832948e-02	1.139347795175561805e+04
2.447413713969662924e-02	1.093484756898738488e+04
2.497682013046437915e-02	1.049484756451314570e+04
2.548899373891922587e-02	1.007271474566085635e+04
2.601081690505850641e-02	9.667717437513512778e+03
2.654245075603377940e-02	9.279154155110363718e+03
2.708405862536364395e-02	8.906352359988639364e+03
2.763580607205682466e-02	8.548667251872877387e+03
2.819786089963763689e-02	8.205480617479905050e+03
2.877039317506591490e-02	7.876199730373236889e+03
2.935357524754245856e-02	7.560256275014236053e+03
2.994758176719238690e-02	7.257105358404444814e+03
3.055258970395202320e-02	6.966224527198502074e+03
3.116877836469169466e-02	6.687112843963055639e+03
3.179632941334421814e-02	6.419289970525165700e+03
3.243542688780821220e-02	6.162295331006366723e+03
3.308625721817683163e-02	5.915687303575521582e+03
3.374900924449834166e-02	5.679042417824738550e+03
3.442387423435074728e-02	5.451954609926045123e+03
3.511104590021983662e-02	5.234034500636285884e+03
3.581072041667110462e-02	5.024908703816819980e+03
3.652309643730523164e-02	4.824219165494620938e+03
3.724837511148680613e-02	4.631622531740698832e+03
3.798676010083590349e-02	4.446789534447411825e+03
3.873845759547199508e-02	4.269404414661476949e+03
3.950367632999867568e-02	4.099164362445862935e+03
4.028262759921936997e-02	3.935778981515320083e+03
4.107552527357189592e-02	3.778969775903720347e+03
4.188258581427097005e-02	3.628469659204674372e+03
4.270402828814724022e-02	3.484022484078221623e+03
4.354007438217091103e-02	3.345382589021066451e+03
4.439094841764869293e-02	3.212314367375314760e+03
4.525687736408123135e-02	3.084591852406192629e+03
4.613809085266989962e-02	2.961998319827853720e+03
4.703482118945997298e-02	2.844325904014474872e+03
4.794730336810799909e-02	2.731375237615068272e+03
4.887577508226069456e-02	2.622955099139919639e+03
4.982047673753269706e-02	2.518882076907860665e+03
5.078165146307039163e-02	2.418980246809377604e+03
5.175954512268812063e-02	2.323080868879643276e+03
5.275440632556455123e-02	2.231022084193554747e+03
5.376648643648519049e-02	2.142648638979266252e+03
5.479603958561751059e-02	2.057811608613992576e+03
5.584332267780570819e-02	1.976368145575205290e+03
5.690859539879841028e-02	1.898181222290994810e+03
5.799212023043030795e-02	1.823119380540241991e+03
5.909416245169214071e-02	1.751056520432403886e+03
6.021499014905871972e-02	1.681871664632441480e+03
6.135487422912616617e-02	1.615448778627189768e+03
6.251408839890408575e-02	1.551676553192044821e+03
6.369290921654345572e-02	1.490448183551956390e+03
6.489161604175359976e-02	1.431661215908387703e+03
6.611049109944069913e-02	1.375217357478732993e+03
6.734981941997887633e-02	1.321022312349166896e+03
6.860988890882493973e-02	1.268985611062749285e+03
6.989099027936025721e-02	1.219020454223586057e+03
7.119341712796380117e-02	1.171043553818957889e+03
7.251746586864220301e-02	1.124975038409242188e+03
7.386343576065071415e-02	1.080738251401983234e+03
7.523162894179991067e-02	1.038259607722530518e+03
7.662235036356548901e-02	9.974685700971024289e+02
7.803590781960008382e-02	9.582974292231032223e+02
7.947261197880584049e-02	9.206811830636912646e+02
8.093277631378656412e-02	8.845575218370178163e+02
8.241671712945099204e-02	8.498666292034080243e+02
8.392475359478970831e-02	8.165510790099363021e+02
8.545720766624033404e-02	7.845558200435232266e+02
8.701440411541393194e-02	7.538280025344165551e+02
8.859667055852128714e-02	7.243168864950808938e+02
9.020433737627427118e-02	6.959738261811183975e+02
9.183773773973093191e-02	6.687521212592218944e+02
9.349720763632521359e-02	6.426069332454945879e+02
9.518308578792489261e-02	6.174952711943418535e+02
9.689571367380543643e-02	5.933758613287618573e+02
9.863543555218604042e-02	5.702090762547256872e+02
1.004025983781379472e-01	5.479569161359742111e+02
1.021975518226384688e-01	5.265828988070509240e+02
1.040206482885738942e-01	5.060519975864704634e+02
1.058722428301243218e-01	4.863306188031474449e+02
1.077526931668527505e-01	4.673865120552829922e+02
1.096623596932951444e-01	4.491887148246885886e+02
1.116016053930589946e-01	4.317075205072203516e+02
1.135707958877824886e-01	4.149144133276471962e+02
1.155702993517510047e-01	3.987820242587528696e+02
1.176004865405518018e-01	3.832840821305125587e+02
1.196617307321631019e-01	3.683953699717782797e+02
1.217544077191495822e-01	3.540916853709693441e+02
1.238788957722810058e-01	3.403497952783602614e+02
1.260355756189628085e-01	3.271473965477972001e+02
1.282248304216900558e-01	3.144630840939984751e+02
1.304470457092609392e-01	3.022763065921878365e+02
1.327026094125788314e-01	2.905673408435037572e+02
1.349919117506798993e-01	2.793172494532344103e+02
1.373153452850771339e-01	2.685078541439501123e+02
1.396733047898755242e-01	2.581217037002846268e+02
1.420661873150132481e-01	2.481420433044608274e+02
1.444943920587007935e-01	2.385527938728844219e+02
1.469583203643031466e-01	2.293385152099181710e+02
1.494583757285458114e-01	2.204843803031180869e+02
1.519949636527788139e-01	2.119761590465604115e+02
1.545684917238278056e-01	2.038001861975633346e+02
1.571793694599312174e-01	1.959433470548000003e+02
1.598280083101688842e-01	1.883930467984645531e+02
1.625148216604096474e-01	1.811371877385329014e+02
1.652402246834509258e-01	1.741641636208667876e+02
1.680046343379104079e-01	1.674628263867136582e+02
1.708084693716103164e-01	1.610224673573850964e+02
1.736521501636117404e-01	1.548328125267327096e+02
1.765360987212456212e-01	1.488839929229809513e+02
1.794607386794884185e-01	1.431665278999548434e+02
1.824264951374306720e-01	1.376713199845715963e+02
1.854337946700894413e-01	1.323896335708381855e+02
1.884830652323282729e-01	1.273130755792147681e+02
1.915747361723572906e-01	1.224335860971738299e+02
1.947092380582481908e-01	1.177434301138877260e+02
1.978870026684326211e-01	1.132351769573329534e+02
2.011084629799100021e-01	1.089016878873915175e+02
2.043740529945935747e-01	1.047361119910405165e+02
2.076842077237583406e-01	1.007318679388393292e+02
2.110393631677373871e-01	9.688263365011189876e+01
2.144399561301719992e-01	9.318233900839270234e+01
2.178864242681803898e-01	8.962515391136587084e+01
2.213792059038274529e-01	8.620547883587641991e+01
2.249187400520452074e-01	8.291793570041916439e+01
2.285054662492685129e-01	7.975735906236292294e+01
2.321398245569463448e-01	7.671878773308785071e+01
2.358222554068321042e-01	7.379745660608188018e+01
2.395531995805202097e-01	7.098878828624188486e+01
2.433330980923270603e-01	6.828838572398450424e+01
2.471623921168056570e-01	6.569202644754793141e+01
2.510415228722482905e-01	6.319565436224787902e+01
2.549709315825493539e-01	6.079537217531048299e+01
2.589510593674606564e-01	5.848743681530802263e+01
2.629823471066300988e-01	5.626825303215041885e+01
2.670652354389396188e-01	5.413436668483016234e+01
2.712001645592440058e-01	5.208245950912916555e+01
2.753875742378845692e-01	5.010934361223860378e+01
2.796279036198236478e-01	4.821195727904926542e+01
2.839215911677227533e-01	4.638735855668522134e+01
2.882690746178311336e-01	4.463272037383872970e+01
2.926707907739361514e-01	4.294532806370525435e+01
2.971271754536539134e-01	4.132257296383735934e+01
3.016386634447434378e-01	3.976194809201348335e+01
3.062056882644131894e-01	3.826104562919038443e+01
3.108286822067237720e-01	3.681755156059141143e+01
3.155080760986332944e-01	3.542924305305811572e+01
3.202442992669528032e-01	3.409398459926877223e+01
3.250377793863241105e-01	3.280972343900184285e+01
3.298889424527223779e-01	3.157448714813610380e+01
3.347982125420280730e-01	3.038638138060337113e+01
3.397660117566951854e-01	2.924358534898046003e+01
3.447927601756556881e-01	2.814434889083841185e+01
3.498788756074797113e-01	2.708699119976880354e+01
3.550247735345341549e-01	2.606989665432437420e+01
3.602308670578064920e-01	2.509151223175320666e+01
3.654975666480003160e-01	2.415034632799348202e+01
3.708252800858635179e-01	2.324496514670368086e+01
3.762144124004048740e-01	2.237399037076795949e+01
3.816653656214453738e-01	2.153609809354953697e+01
3.871785387146950419e-01	2.073001567630278785e+01
3.927543275119823041e-01	1.995451977755969963e+01
3.983931244518265080e-01	1.920843493006988467e+01
4.040953185921017932e-01	1.849063126601154750e+01
4.098612953627618904e-01	1.780002301462095105e+01
4.156914364849364496e-01	1.713556649244413777e+01
4.215861198805471721e-01	1.649625839544863481e+01
4.275457194428134433e-01	1.588113461390170933e+01
4.335706049957987473e-01	1.528926829904598605e+01
4.396611420999069764e-01	1.471976858872462657e+01
4.458176919431048324e-01	1.417177921432651821e+01
4.520406111926011938e-01	1.364447703962456515e+01
4.583302518669589154e-01	1.313707077661186773e+01
4.646869612074913669e-01	1.264879983017676324e+01
4.711110814907924493e-01	1.217893305800290449e+01
4.776029499759946728e-01	1.172676754223344808e+01
4.841628986614601171e-01	1.129162756941424206e+01
4.907912542578035664e-01	1.087286353337475120e+01
4.974883379263777550e-01	1.046985092309162901e+01
5.042544652662344085e-01	1.008198934926475054e+01
5.110899460388346194e-01	9.708701573656002282e+00
5.179950841670609707e-01	9.349432600162787210e+00
5.249701774666692966e-01	9.003648932754121148e+00
5.320155175560654648e-01	8.670837573679699872e+00
5.391313897779529407e-01	8.350505182106793711e+00
5.463180729355444631e-01	8.042177606548552404e+00
5.535758392077030354e-01	7.745398846609197641e+00
5.609049540740673745e-01	7.459730348860814431e+00
5.683056760428865095e-01	7.184750610070836707e+00
5.757782565707416644e-01	6.920054225998364394e+00
5.833229399898594014e-01	6.665251288599694846e+00
5.909399632313000472e-01	6.419967014695305174e+00
5.986295557481767782e-01	6.183840933513268467e+00
6.063919394439010180e-01	5.956526322282067909e+00
6.142273283945903772e-01	5.737689892857132712e+00
6.221359287746331956e-01	5.527011060158193878e+00
6.301179387846801427e-01	5.324181465939973101e+00
6.381735483771201478e-01	5.128904651919897084e+00
6.463029391829104853e-01	4.940895478313317213e+00
6.545062844380454825e-01	4.759879634141376492e+00
6.627837487160987973e-01	4.585593403859521189e+00
6.711354878551635261e-01	4.417783102163643782e+00
6.795616488816296208e-01	4.256204686991166497e+00
6.880623697537068262e-01	4.100623513134738829e+00
6.966377792873089669e-01	3.950813852483110900e+00
7.052879970763176187e-01	3.806558559856021429e+00
7.140131332351141724e-01	3.667648798240034758e+00
7.228132883996462033e-01	3.533883680875156141e+00
7.316885534773958089e-01	3.405069972224632924e+00
7.406390096165940129e-01	3.281021784779461825e+00
7.496647280153869719e-01	3.161560302190090876e+00
7.587657698229535175e-01	3.046513516695628976e+00
7.679421860021419244e-01	2.935715953613057927e+00
7.771940172152463910e-01	2.829008415217724171e+00
7.865212937111190072e-01	2.726237757808281259e+00
7.959240351548527714e-01	2.627256652695781014e+00
8.054022505967468604e-01	2.531923347886419151e+00
8.149559382499235172e-01	2.440101473208161398e+00
8.245850854902415650e-01	2.351659824798499887e+00
8.342896686201832779e-01	2.266472163955294938e+00
8.440696528878616212e-01	2.184417029545154154e+00
8.539249922608852517e-01	2.105377569368896751e+00
8.638556293666425079e-01	2.029241343787673291e+00
8.738614954507137877e-01	1.955900148314881015e+00
8.839425101354936309e-01	1.885249881837420149e+00
8.940985814810965548e-01	1.817190366105640331e+00
9.043296057452722136e-01	1.751625216898242909e+00
9.146354673469296870e-01	1.688461676482313045e+00
9.250160388423670499e-01	1.627610471723518692e+00
9.354711807036288906e-01	1.568985716773371619e+00
9.460007412944599903e-01	1.512504752364822069e+00
9.566045568565838542e-01	1.458088015106417723e+00
9.672824512912165940e-01	1.405658960570031812e+00
9.780342361464418044e-01	1.355143910475363533e+00
9.888597106123816483e-01	1.306471945691583647e+00
9.997586613098308206e-01	1.259574831641489423e+00
1.010730862287997578e+00	1.214386887260039183e+00
1.021776075027369224e+00	1.170844883815241211e+00
1.032894048239458185e+00	1.128887981597017420e+00
1.044084517896271214e+00	1.088457623524234918e+00
1.055347207127347975e+00	1.049497432007905129e+00
1.066681826259206156e+00	1.011953145776482765e+00
1.078088072605922099e+00	9.757725396586831579e-01
1.089565630595927370e+00	9.409053350346265887e-01
1.101114171583600587e+00	9.073031441777582584e-01
1.112733353871217856e+00	8.749193816639375676e-01
1.124422822727833449e+00	8.437091962627205621e-01
1.136182210230185508e+00	8.136294196361270048e-01
1.148011135368889546e+00	7.846384906670084147e-01
1.159909203902085073e+00	7.566964002022957825e-01
1.171876008441538941e+00	7.297646293225827918e-01
1.183911128339681929e+00	7.038060943506512235e-01
1.196014129756887590e+00	6.787850921111165947e-01
1.208184565606468475e+00	6.546672467602560053e-01
1.220421975568010797e+00	6.314194642354162834e-01
1.232725886050317410e+00	6.090098812068732714e-01
1.245095810253354252e+00	5.874078139980621893e-01
1.257531248151807945e+00	5.665837209095391236e-01
1.270031686453802378e+00	5.465091585583752298e-01
1.282596598724765835e+00	5.271567365727942711e-01
1.295225445278607168e+00	5.085000795145265817e-01
1.307917673338745423e+00	4.905137907508885786e-01
1.320672716942601577e+00	4.731734158598983608e-01
1.333489997025184115e+00	4.564554035672372945e-01
1.346368921520078032e+00	4.403370722205837140e-01
1.359308885280726686e+00	4.247965668691179308e-01
1.372309270182679342e+00	4.098128880347093328e-01
1.385369445245967279e+00	3.953657604507115897e-01
1.398488766531088778e+00	3.814356764648728637e-01
1.411666577378688059e+00	3.680038453804796439e-01
1.424902208339888121e+00	3.550521698603033016e-01
1.438194977315997214e+00	3.425632247268278752e-01
1.451544189498313209e+00	3.305202279580076730e-01
1.464949137619092401e+00	3.189070058634542737e-01
1.478409102094201844e+00	3.077079779867298859e-01
1.491923350895922873e+00	2.969081516461916093e-01
1.505491139481925256e+00	2.864930786155746034e-01
1.519111711719373536e+00	2.764488347241631505e-01
1.532784298673540935e+00	2.667620115225931565e-01
1.546508120364684435e+00	2.574196998542976900e-01
1.560282383662952244e+00	2.484094673895195504e-01
1.574106284996448668e+00	2.397193078126574894e-01
1.587979008787691715e+00	2.313376746158088970e-01
1.601899727412313013e+00	2.232534621118444640e-01
1.615867602507978784e+00	2.154559450666380105e-01
1.629881784240348797e+00	2.079347978659662477e-01
1.643941411583580425e+00	2.006800758995616052e-01
1.658045612840211680e+00	1.936821919588774810e-01
1.672193505238938505e+00	1.869319164125903543e-01
1.686384195364387439e+00	1.804203525991261992e-01
1.700616779533759226e+00	1.741389249057244959e-01
1.714890343459158917e+00	1.680793773657873746e-01
1.729203962722440702e+00	1.622337512414662730e-01
1.743556703054812695e+00	1.565943746973663953e-01
1.757947620175526637e+00	1.511538616125953916e-01
1.772375760103859443e+00	1.459050936287241140e-01
1.786840159421454244e+00	1.408412013482355507e-01
1.801339845911094084e+00	1.359555727964276706e-01
1.815873837155885351e+00	1.312418452827739113e-01
1.830441142654841480e+00	1.266938704139222993e-01
1.845040763248435578e+00	1.223057274467631850e-01
1.859671690542081812e+00	1.180717212750755502e-01
1.874332908340951231e+00	1.139863486409727761e-01
1.889023392663796486e+00	1.100443088159208382e-01
1.903742110656375219e+00	1.062404993807153225e-01
1.918488022974923490e+00	1.025700019173878819e-01
1.933260081154204890e+00	9.902807583981215744e-02
1.948057231292388503e+00	9.561013816866682780e-02
1.962878411793874900e+00	9.231178201620275636e-02
1.977722553758372026e+00	8.912876857881443793e-02
1.992588582252197815e+00	8.605699960801681259e-02
2.007475416002154400e+00	8.309252553964288635e-02
2.022381967514868428e+00	8.023154365661484821e-02
2.037307143453682468e+00	7.747038642209581882e-02
2.052249844992180439e+00	7.480551652892321324e-02
2.067208967991311930e+00	7.223352574253785741e-02
2.082183402982219711e+00	6.975112892167199818e-02
2.097172035932961087e+00	6.735515701120024790e-02
2.112173748080744318e+00	6.504255599113632769e-02
2.127187416339035408e+00	6.281038228418237002e-02
2.142211913488020425e+00	6.065579505730204352e-02
2.157246108991782929e+00	5.857605687055929267e-02
2.172288867883236385e+00	5.656853025051243600e-02
2.187339052857818711e+00	5.463067021228788789e-02
2.202395522769552638e+00	5.276002377807604421e-02
2.217457134356473958e+00	5.095422313424577410e-02
2.232522741952492673e+00	4.921098689485447347e-02
2.247591197048732781e+00	4.752811830070821641e-02
2.262661349744882422e+00	4.590349356499150157e-02
2.277732048810345855e+00	4.433506661989178310e-02
2.292802140736988736e+00	4.282086784902865845e-02
2.307870471679804858e+00	4.135899279015316926e-02
2.322935887119414122e+00	3.994760641315742850e-02
2.337997231270191101e+00	3.858494199181575213e-02
2.353053348773527453e+00	3.726929147005111215e-02
2.368103084403116121e+00	3.599900906916000953e-02
2.383145282611492277e+00	3.477250957430004508e-02
2.398178789114279397e+00	3.358826065720888626e-02
2.413202450559690515e+00	3.244478610432127014e-02
2.428215114141472952e+00	3.134066346468295655e-02
2.443215629271147549e+00	3.027451762847789205e-02
2.458202847013648551e+00	2.924502415873729208e-02
2.473175619924661284e+00	2.825090657943339634e-02
2.488132803596683651e+00	2.729093065242666968e-02
2.503073256177897665e+00	2.636390760793286617e-02
2.517995838149894805e+00	2.546869197410357374e-02
2.532899413762432772e+00	2.460417589559749790e-02
2.547782850935546684e+00	2.376929183222158473e-02
2.562645020524287887e+00	2.296301128186925555e-02
2.577484798335607952e+00	2.218434053452687793e-02
2.592301063794669069e+00	2.143232120568347790e-02
2.607092701530736356e+00	2.070602861679830473e-02
2.621858600680025742e+00	2.000457088666689892e-02
2.636597655691262254e+00	1.932708780056439923e-02
2.651308766359573355e+00	1.867274877577337552e-02
2.665990838416811393e+00	1.804075245147637035e-02
2.680642783431762766e+00	1.743032644703845085e-02
2.695263518939094105e+00	1.684072497771681859e-02
2.709851969751935208e+00	1.627122785600009294e-02
2.724407066663712573e+00	1.572114096854178647e-02
2.738927748193537681e+00	1.518979443226088112e-02
2.753412959517971270e+00	1.467654162337973453e-02
2.767861654091281043e+00	1.418075859786293441e-02
2.782272792485483759e+00	1.370184346104150359e-02
2.796645343911985382e+00	1.323921502049992677e-02
2.810978285685598710e+00	1.279231252649659818e-02
2.825270603602493047e+00	1.236059491078543571e-02
2.839521292641380867e+00	1.194354007735103779e-02
2.853729356146966989e+00	1.154064432101712355e-02
2.867893807486890267e+00	1.115142060745001606e-02
2.882013669437237358e+00	1.077539964081204032e-02
2.896087973906980473e+00	1.041212887566435666e-02
2.910115763530416011e+00	1.006117036848651336e-02
2.924096091008180132e+00	9.722102167853541657e-03
2.938028018878991787e+00	9.394517310845186195e-03
2.951910621041787586e+00	9.078021922102254282e-03
2.965742982178554588e+00	8.772236631076079511e-03
2.979524197186478762e+00	8.476795513490039194e-03
2.993253373332431799e+00	8.191344275948459971e-03
3.006929628788117981e+00	7.915541490129433463e-03
3.020552093362970592e+00	7.649057932548951159e-03
3.034119908734302484e+00	7.391575310115046545e-03
3.047632228749832084e+00	7.142786363423522973e-03
3.061088219303056857e+00	6.902394689895730885e-03
3.074487058639044701e+00	6.670114033836923272e-03
3.087827937732845918e+00	6.445667930608829990e-03
3.101110060114108613e+00	6.228789653360678261e-03
3.114332642132006779e+00	6.019221527870874562e-03
3.127494913535850074e+00	5.816714833752915405e-03
3.140596116585145925e+00	5.621029599385383817e-03
3.153635507510943903e+00	5.431933793748313505e-03
3.166612355698885661e+00	5.249203481833021427e-03
3.179525944226501810e+00	5.072622702547878969e-03
3.192375569609596120e+00	4.901982723646170804e-03
3.205160542712159444e+00	4.737081802848272863e-03
3.217880188079047965e+00	4.577725420403322767e-03
3.230533844231148866e+00	4.423725869609510149e-03
3.243120863884268346e+00	4.274901458484428596e-03
3.255640614648486419e+00	4.131076766753944210e-03
3.268092477762210013e+00	3.992082868477653604e-03
3.280475849043522629e+00	3.857756322949257560e-03
3.292790139482672629e+00	3.727939146842434472e-03
3.305034773869781173e+00	3.602479014087752243e-03
3.317209192495208292e+00	3.481228644362298168e-03
3.329312849967667187e+00	3.364045912490339768e-03
3.341345215764987220e+00	3.250793497240601210e-03
3.353305774730742428e+00	3.141338726986417276e-03
3.365194025939261646e+00	3.035553623702406424e-03
3.377009484095631286e+00	2.933314382590326841e-03
3.388751678721388494e+00	2.834501438287576926e-03
3.400420154343279489e+00	2.738999013455516423e-03
3.412014470824890289e+00	2.646696701730289793e-03
3.423534203015347721e+00	2.557491048460617308e-03
3.434978925086638935e+00	2.471269120329850147e-03
3.446348289798028208e+00	2.387926288881857522e-03
3.457641870080715218e+00	2.307380679628715653e-03
3.468859317279491705e+00	2.229535200841037748e-03
3.480000282291185520e+00	2.154292408983190556e-03
3.491064431000812540e+00	2.081568039172670536e-03
3.502051444434772787e+00	2.011277586619608908e-03
3.512961018836836313e+00	1.943339274087088836e-03
3.523792865929231244e+00	1.877674229513774705e-03
3.534546711621938453e+00	1.814206362524884526e-03
3.545222297611748008e+00	1.752861912948374973e-03
3.555819380630373505e+00	1.693569714435762957e-03
3.566337731728797866e+00	1.636261155765348502e-03
3.576777137385567240e+00	1.580869712473533233e-03
3.587137399152703132e+00	1.527331195452647167e-03
3.597418332542505315e+00	1.475583705560939898e-03
3.607619768592118081e+00	1.425567280846383456e-03
3.617741552600395760e+00	1.377224042186592353e-03
3.627783544398254900e+00	1.330498050970513454e-03
3.637745618805161563e+00	1.285335230198029989e-03
3.647627664336307696e+00	1.241683424432177925e-03
3.657429584289939584e+00	1.199492142152834779e-03
3.667151296170040986e+00	1.158712590709498787e-03
3.676792731424689986e+00	1.119297692758752707e-03
3.686353835569060156e+00	1.081201876035024854e-03
3.695834568368410622e+00	1.044381098636069840e-03
3.705234902952124543e+00	1.008792886366971248e-03
3.714554826222260075e+00	9.743961314385467731e-04
3.723794338955224603e+00	9.411510796478618620e-04
3.732953454933681137e+00	9.090193632940123374e-04
3.742032201554385207e+00	8.779638280855079843e-04
3.751030619247849085e+00	8.479481679514230125e-04
3.759948761892722757e+00	8.189388880071261229e-04
3.768786695528534736e+00	7.909067527469171733e-04
3.777544458981515252e+00	7.638103311812229285e-04
3.786222266159008143e+00	7.376142745861205942e-04
3.794820099155283621e+00	7.123036315161623486e-04
3.803338115669632646e+00	6.878457360262173756e-04
3.811776444140109188e+00	6.642055344346273725e-04
3.820135225526039235e+00	6.413588800152341535e-04
3.828414612843663356e+00	6.192793714417121637e-04
3.836614769982638062e+00	5.979415526597581807e-04
3.844735873030019846e+00	5.773207119751746531e-04
3.852778109470928580e+00	5.573930043186338780e-04
3.860741677304678099e+00	5.381354337580000280e-04
3.868626786129047090e+00	5.195256806125456627e-04
3.876433656419232321e+00	5.015422100382725852e-04
3.884162518655290608e+00	4.841642447204518376e-04
3.891813614414668887e+00	4.673716179409909198e-04
3.899387195563933872e+00	4.511448832625281156e-04
3.906883523372892242e+00	4.354652688764815778e-04
3.914302869834715093e+00	4.203145460581150946e-04
3.921645516490638084e+00	4.056751519495392492e-04
3.928911753799011031e+00	3.915301287032552069e-04
3.936101882376126238e+00	3.778629986126504385e-04
3.943216211827758499e+00	3.646578888038437853e-04
3.950255060129765017e+00	3.518994818063089607e-04
3.957218754672739980e+00	3.395728917848437863e-04
3.964107631481237792e+00	3.276637622900799188e-04
3.970922034248543397e+00	3.161582423979203979e-04
3.977662315689464378e+00	3.050429044466415477e-04
3.984328835779077149e+00	2.943047757850065539e-04
3.990921962901562203e+00	2.839313070620748934e-04
3.997442072648908606e+00	2.739103749934198185e-04
4.003889548078730876e+00	2.642302610171016054e-04
4.010264779551053316e+00	2.548796189527027952e-04
4.016568164292597665e+00	2.458474807231776746e-04
4.022800106638346307e+00	2.371232589855393127e-04
4.028961016760148617e+00	2.286967083321882535e-04
4.035051312343958863e+00	2.205578954396122384e-04
4.041071416383935855e+00	2.126972477945280064e-04
4.047021758299232275e+00	2.051055132779149037e-04
4.052902772982040602e+00	1.977737209252657113e-04
4.058714901515208417e+00	1.906932036610945250e-04
4.064458589675686184e+00	1.838555912158673265e-04
4.070134289069065048e+00	1.772527715987365945e-04
4.075742456076515197e+00	1.708768999553508913e-04
4.081283551810000354e+00	1.647203248204057429e-04
4.086758042431695159e+00	1.587759446062212017e-04
4.092166397718955295e+00	1.530374789713223941e-04
4.097509067124602389e+00	1.474963413963789659e-04
4.102786605996889158e+00	1.421451598385275474e-04
4.107999419820751008e+00	1.369804426440365027e-04
4.113148020628620394e+00	1.319953062644386001e-04
4.118232898328588298e+00	1.271824827077778456e-04
4.123254545467451848e+00	1.225367991736553061e-04
4.128213458582790096e+00	1.180526306789193950e-04
4.133110137081283497e+00	1.137245725544470476e-04
4.137945082074332426e+00	1.095474038034742871e-04
4.142718798803876723e+00	1.055160315094601318e-04
4.147431794102652169e+00	1.016255587969674555e-04
4.152084577135067178e+00	9.787126274422916353e-05
4.156677659164188299e+00	9.424855585439721544e-05
4.161211553526437790e+00	9.075300186168295744e-05
4.165686775161299593e+00	8.738031285146755816e-05
4.170103840538160078e+00	8.412629005470636883e-05
4.174463267761415075e+00	8.098708377621144784e-05
4.178765576023394601e+00	7.795940298327667538e-05
4.183011255707498321e+00	7.503824336347015916e-05
4.187200917926714006e+00	7.221942990426544673e-05
4.191334994788442181e+00	6.950158829344597834e-05
4.195414039124439221e+00	6.688082954174726135e-05
4.199438574090174292e+00	6.435293596055406554e-05
4.203409123274059134e+00	6.191519054217163294e-05
4.207326210081068218e+00	5.956452838193044777e-05
4.211190358633757569e+00	5.729797498987022208e-05
4.215002092512000864e+00	5.511263992367946603e-05
4.218761935134776486e+00	5.300583991244030285e-05
4.222470409525001855e+00	5.097518395078006300e-05
4.226128018358044081e+00	4.901743964753098174e-05
4.229735344281531972e+00	4.712983060513803647e-05
4.233292847486732846e+00	4.531101471760428544e-05
4.236801069010025067e+00	4.355839401258515775e-05
4.240260527770689514e+00	4.186923028270376248e-05
4.243671742455861207e+00	4.024155480898417161e-05
4.247035229964490455e+00	3.867325284191317170e-05
4.250351505886898806e+00	3.716227768012077363e-05
4.253621084784393602e+00	3.570664822837727999e-05
4.256844478969447287e+00	3.430445478643042747e-05
4.260022199678646260e+00	3.295384412112292965e-05
4.263154756158199277e+00	3.165302728864769719e-05
4.266242655674650663e+00	3.040027663802804048e-05
4.269286403770124139e+00	2.919391803633914089e-05
4.272286503762545706e+00	2.803233614235810109e-05
4.275243456750206228e+00	2.691396622534570965e-05
4.278157761859364250e+00	2.583730004040357402e-05
4.281029915606063163e+00	2.480089485161756247e-05
4.283860410064028734e+00	2.380327400641684223e-05
4.286649743170820592e+00	2.284312423230391257e-05
4.289398398281425884e+00	2.191946304646316009e-05
4.292106830616948976e+00	2.103042668832254305e-05
4.294775622281918004e+00	2.017449259346207707e-05
4.297405156413166338e+00	1.935146612078124988e-05
4.299995943340070070e+00	1.855996988278700794e-05
4.302548458448540281e+00	1.779845563802170876e-05
4.305063174101712242e+00	1.706605266770298853e-05
4.307540559037056127e+00	1.636172640560898826e-05
4.309981079388296443e+00	1.568446893284749277e-05
4.312385198267564057e+00	1.503330996411465931e-05
4.314753374814726428e+00	1.440731561071526743e-05
4.317086065661559502e+00	1.380557792068907989e-05
4.319383723715979784e+00	1.322722237680034960e-05
4.321646798468987249e+00	1.267140369538999418e-05
4.323875736459698693e+00	1.213730455717976087e-05
4.326070980004537603e+00	1.162413713290901440e-05
4.328232968754828214e+00	1.113113778420711976e-05
4.330362138191069299e+00	1.065757133140037184e-05
4.332458920456002893e+00	1.020272710536067014e-05
4.334523744076577145e+00	9.765914059238398512e-06
4.336557033979651088e+00	9.346477809116575952e-06
4.338559211479868338e+00	8.943812626687009455e-06
4.340530686203498689e+00	8.557226251434318297e-06
4.342471895327727260e+00	8.186088216416828185e-06
4.344383225556905259e+00	7.829949087116622105e-06
4.346265090969150258e+00	7.488221990426578584e-06
4.348117894041341636e+00	7.160312355873769441e-06
4.349942033741913683e+00	6.845730065303939622e-06
4.351737904584496164e+00	6.543982684264969501e-06
4.353505895903203360e+00	6.254570205286007059e-06
4.355246400891212843e+00	5.977019512193271066e-06
4.356959796745814018e+00	5.710907068799375110e-06
4.358646465310960672e+00	5.455791939966061417e-06
4.360306781831527978e+00	5.211244643095046014e-06
4.361941118211897006e+00	4.976864860487069096e-06
4.363549842616802898e+00	4.752262368239891674e-06
4.365133318594514478e+00	4.537062645018109627e-06
4.366691906476201090e+00	4.330901153935461238e-06
4.368225962695182929e+00	4.133427839436978340e-06
4.369735839219771378e+00	3.944306564545435183e-06
4.371221884717229500e+00	3.763210382440673545e-06
4.372684443990715764e+00	3.589825614667506726e-06
4.374123857370041613e+00	3.423850857733373708e-06
4.375540461978187246e+00	3.264993010561599284e-06
4.376934591025327670e+00	3.112971374745078360e-06
4.378306573199515661e+00	2.967516039678272873e-06
4.379656734231132553e+00	2.828364212408944631e-06
4.380985395804424698e+00	2.695264967244713669e-06
4.382292875073771299e+00	2.567977150007966062e-06
4.383579486411984583e+00	2.446265335589109210e-06
4.384845540117357388e+00	2.329905104623198784e-06
4.386091342103527246e+00	2.218681108975939194e-06
4.387317195300825645e+00	2.112383379917750294e-06
4.388523398847961055e+00	2.010811014283642340e-06
4.389710247549981403e+00	1.913771465970116930e-06
4.390878033322590746e+00	1.821078212361157879e-06
4.392027043670434949e+00	1.732552169474091718e-06
4.393157563106242947e+00	1.648020654818845279e-06
4.394269872120726284e+00	1.567317900503762615e-06
4.395364247632993937e+00	1.490284465022166242e-06
4.396440963151893477e+00	1.416766481941207546e-06
4.397500288542033786e+00	1.346616476037201262e-06
4.398542489974280656e+00	1.279692497475566223e-06
4.399567830448774863e+00	1.215857511753303253e-06
4.400576569361207113e+00	1.154980323095120996e-06
4.401568962441781530e+00	1.096935034908424055e-06
4.402545262258382053e+00	1.041600323570931034e-06
4.403505717638243055e+00	9.888594435509639292e-07
4.404450574645502492e+00	9.386003142417167082e-07
4.405380075206772439e+00	8.907155879744163304e-07
4.406294458618039478e+00	8.451016737301577507e-07
4.407193960601651028e+00	8.016592608227887555e-07
4.408078813510599936e+00	7.602930712798972830e-07
4.408949246945898182e+00	7.209118320397399169e-07
4.409805486232878380e+00	6.834279708666146755e-07
4.410647754843617818e+00	6.472482478648206616e-07
4.411476272621297490e+00	6.133341071093415467e-07
4.412291255644085197e+00	5.810734146791633496e-07
4.413092917830925721e+00	5.503911561328326117e-07
4.413881469884141318e+00	5.212161941944698335e-07
4.414657118688139370e+00	4.934805001418425587e-07
4.415420069193921826e+00	4.671178150599050601e-07
4.416170523328546871e+00	4.419206282217373744e-07
4.416908678421942902e+00	4.181270414221692800e-07
4.417634731365875034e+00	3.955253789504028475e-07
4.418348874758837752e+00	3.740604685269847835e-07
4.419051298583077880e+00	3.536797501323932822e-07
4.419742190032543760e+00	3.343317194890441522e-07
4.420421733697034838e+00	3.159697057467382426e-07
4.421090111302986791e+00	2.984133319337240659e-07
4.421747484678441253e+00	2.818924327800378550e-07
4.422394081692458734e+00	2.662092333822159642e-07
4.423030024687399475e+00	2.513481803735168595e-07
4.423655501802671530e+00	2.372632651526100653e-07
4.424270681912854108e+00	2.239092722584432559e-07
4.424875730555315023e+00	2.111226246800832198e-07
4.425470780316637764e+00	1.991416925161609324e-07
4.426056085911321603e+00	1.877738659613800768e-07
4.426631712270431507e+00	1.770237208011947014e-07
4.427197846298290607e+00	1.668533129256533398e-07
4.427754642282464737e+00	1.572203246531591874e-07
4.428302245865530118e+00	1.479586213892597182e-07
4.428840822751770823e+00	1.393363116923233995e-07
4.429370502984648184e+00	1.311817780206013021e-07
4.429891436905481150e+00	1.234702997489461407e-07
4.430403766493598461e+00	1.161774055392419616e-07
4.430907632014780440e+00	1.092827616069755976e-07
4.431403171316850909e+00	1.026229599027029721e-07
4.431890519688813868e+00	9.647312021556314014e-08
4.432369811275933102e+00	9.066282222095501494e-08
4.432841177413931355e+00	8.517451580569539118e-08
4.433304747441017213e+00	7.999129119220159753e-08
4.433760649080417338e+00	7.509769206649809131e-08
4.434209007370069955e+00	7.048025681657947444e-08
4.434649932799692884e+00	6.612064607941607530e-08
4.435083586354372720e+00	6.200342226636394780e-08
4.435510047970518954e+00	5.812207251491453053e-08
4.435929448597712543e+00	5.446242683839142949e-08
4.436341904033698214e+00	5.100980324076758487e-08
4.436747528104165283e+00	4.775395583420110704e-08
4.437146433135695567e+00	4.468504374219447161e-08
4.437538729376469426e+00	4.179578323081901872e-08
4.437924492112563790e+00	3.906989989976923445e-08
4.438303927958397566e+00	3.649528088307548970e-08
4.438677042660504668e+00	3.407463029510124980e-08
4.439043970497892566e+00	3.179648049971444231e-08
4.439404819178705885e+00	2.964792134614490070e-08
4.439759683419145730e+00	2.762426229493323979e-08
4.440108663208575557e+00	2.571823451397399822e-08
4.440451855741043730e+00	2.392273668781422567e-08
4.440789356579953662e+00	2.223138674706273033e-08
4.441121259213231198e+00	2.063803038566903204e-08
4.441447656134906552e+00	1.913673248195367222e-08
4.441768638436860428e+00	1.772185850949699398e-08
4.442084295051822451e+00	1.638804435834968450e-08
4.442394714209815909e+00	1.513009808960281979e-08
4.442699982319886054e+00	1.394302897911379425e-08
4.443000184337925873e+00	1.282183838016891263e-08
4.443295404282003425e+00	1.176247171697180844e-08
4.443585724112570468e+00	1.076231498781760837e-08
4.443871168810936467e+00	9.812452864207472265e-09
4.444151986947655786e+00	8.906303074225676945e-09
4.444428087843265374e+00	8.046853237744638851e-09
4.444699604946871219e+00	7.227148720193163934e-09
4.444966614208876621e+00	6.438421106222544453e-09
4.445229190097279570e+00	5.675619550213167083e-09
4.445487405946018988e+00	4.929793322897413608e-09
4.445741334268695333e+00	4.189116964235007787e-09
4.445991045712759160e+00	3.440533993708188749e-09
4.446236610385368770e+00	2.657863223495785659e-09
4.446478096649910228e+00	1.770566393467194813e-09
4.446715572421892304e+00	0.000000000000000000e+00
