# Data associated with arXiv:2110.09653
# 
# Scale-free J-factor angular distribution, J_S(theta), of a einasto0-16 dark matter distribution (see Eq. 8 and the surrounding discussion)
# 
# Published: 3/29/22, Jack Runburg, contact: runburg@hawaii.edu
# 
# 
# -----------------------------------------------------------------
# 
# 	 tilde theta 		 | 	 tilde J s-wave 		 | 	 tilde J p-wave 		 | 	 tilde J d-wave 		 | 	 tilde J sommerfeld 
# 
# -----------------------------------------------------------------
1.000000000000000021e-03	4.098660356562140805e+04	1.101961681038692950e+04	1.431295965399859415e+04	1.999019865278270445e+05
1.021192151037671062e-03	4.051466811767509353e+04	1.097681715402547343e+04	1.428285882039930948e+04	1.959380307681385311e+05
1.042833409340945643e-03	4.004507490291736758e+04	1.093364925437269812e+04	1.425243541504680434e+04	1.920399885792038403e+05
1.064933292458827233e-03	3.957766466861701338e+04	1.089010281656054576e+04	1.422168036242960079e+04	1.882042409454681328e+05
1.087501519637659123e-03	3.911251345921749453e+04	1.084618018409508659e+04	1.419059251534056966e+04	1.844308029662278423e+05
1.110548016095517111e-03	3.864974480965940165e+04	1.080188613532392628e+04	1.415917238467053721e+04	1.807200078739887686e+05
1.134082917387199208e-03	3.818944416902589728e+04	1.075722411141113844e+04	1.412741940828390034e+04	1.770718454651672801e+05
1.158116573861711456e-03	3.773145792045021517e+04	1.071218407960415789e+04	1.409532438640708097e+04	1.734831955660047824e+05
1.182659555214217667e-03	3.727586032178584719e+04	1.066676861132961312e+04	1.406288620184606407e+04	1.699538517052461975e+05
1.207722655134462354e-03	3.682277519806780765e+04	1.062098370704126683e+04	1.403010578917665225e+04	1.664842060326333449e+05
1.233316896053688856e-03	3.637227627978620876e+04	1.057483268505853630e+04	1.399698234411172052e+04	1.630741609202805557e+05
1.259453533992170365e-03	3.592421557206697616e+04	1.052830543478577420e+04	1.396350647395899250e+04	1.597207735028261668e+05
1.286144063509461061e-03	3.547866535129959084e+04	1.048140436005993251e+04	1.392967683553035567e+04	1.564238344553612988e+05
1.313400222759557485e-03	3.503574933736024832e+04	1.043413547671913329e+04	1.389549437490886339e+04	1.531837132351485488e+05
1.341233998653187541e-03	3.459552964327015070e+04	1.038650203817823058e+04	1.386095799911179165e+04	1.499999685113623855e+05
1.369657632129505243e-03	3.415786386486114498e+04	1.033849455845707416e+04	1.382605829830484072e+04	1.468703317579818249e+05
1.398683623539492566e-03	3.372282211280106276e+04	1.029011650980972809e+04	1.379079428965156876e+04	1.437942270403588773e+05
1.428324738143458596e-03	3.329052760907609627e+04	1.024137516078285262e+04	1.375516737369634029e+04	1.407721457010654849e+05
1.458594011725036863e-03	3.286103100014955999e+04	1.019227390374126662e+04	1.371917625417118325e+04	1.378035143855140777e+05
1.489504756324154782e-03	3.243419542277902656e+04	1.014280337341927589e+04	1.368281149198474304e+04	1.348862225586946588e+05
1.521070566091505720e-03	3.201008865048016378e+04	1.009296795597709024e+04	1.364607236410235419e+04	1.320198012396277627e+05
1.553305323267072666e-03	3.158883301858032792e+04	1.004277580243573357e+04	1.360896058646490201e+04	1.292047632965889061e+05
1.586223204285366938e-03	3.117046790616262297e+04	9.992229704869365378e+03	1.357147442167054942e+04	1.264402080285819393e+05
1.619838686010041055e-03	3.075486192694151759e+04	9.941321037757516024e+03	1.353360451567160453e+04	1.237243038171860244e+05
1.654166552100628336e-03	3.034208035698706954e+04	9.890054702205565263e+03	1.349535027961829473e+04	1.210566635510620836e+05
1.689221899514206692e-03	2.993224426468279489e+04	9.838440109782366562e+03	1.345671398606339426e+04	1.184378013866871188e+05
1.725020145144853453e-03	2.952538200703534312e+04	9.786479836205102401e+03	1.341769358647620538e+04	1.158667007553839212e+05
1.761577032603788440e-03	2.912136759681870899e+04	9.734165612440980112e+03	1.337827969094876244e+04	1.133416420590513444e+05
1.798908639143220224e-03	2.872026366567831064e+04	9.681502968920423882e+03	1.333847189830305979e+04	1.108622801538669737e+05
1.837031382726912916e-03	2.832218964487018457e+04	9.628502074231757433e+03	1.329827291202649030e+04	1.084289162674940162e+05
1.875962029250603357e-03	2.792716316050928435e+04	9.575165799307875204e+03	1.325768044600217036e+04	1.060408669829330902e+05
1.915717699915417882e-03	2.753506353203154140e+04	9.521486496472689396e+03	1.321668530353036658e+04	1.036963853810875735e+05
1.956315878757565116e-03	2.714595061533735134e+04	9.467469892492417785e+03	1.317528723489771619e+04	1.013951533821411722e+05
1.997774420337589726e-03	2.675994184618110012e+04	9.413125577214836085e+03	1.313348855433182143e+04	9.913720111211338372e+04
2.040111557592579582e-03	2.637704445551082608e+04	9.358455254803298885e+03	1.309128616932222394e+04	9.692202607556855946e+04
2.083345909854779961e-03	2.599714296427191221e+04	9.303451324089483023e+03	1.304867073706227529e+04	9.474787492064319667e+04
2.127496491040134757e-03	2.562029433610109118e+04	9.248120367153793268e+03	1.300564220053687859e+04	9.261465837702593126e+04
2.172582718010372237e-03	2.524661366880591231e+04	9.192474714430267341e+03	1.296220421762951810e+04	9.052228171190308058e+04
2.218624419112281976e-03	2.487609817415627185e+04	9.136516788639686638e+03	1.291835391702461675e+04	8.847023092985918629e+04
2.265641842897974604e-03	2.450863745903399831e+04	9.080239476813188958e+03	1.287408200486439273e+04	8.645683650928668794e+04
2.313655667029933423e-03	2.414428549508744254e+04	9.023650365044710270e+03	1.282938889875928908e+04	8.448189032760854752e+04
2.362687007374795686e-03	2.378315471684305885e+04	8.966763085095108181e+03	1.278427901652840592e+04	8.254552851604775060e+04
2.412757427289825233e-03	2.342523273107100249e+04	8.909579700606560436e+03	1.273874904092496399e+04	8.064710193431813968e+04
2.463888947106213784e-03	2.307041410527234984e+04	8.852093973867404202e+03	1.269279015802217691e+04	7.878521421997901052e+04
2.516104053813336943e-03	2.271874973543724263e+04	8.794314049368111228e+03	1.264640303998310810e+04	7.695945007618966338e+04
2.569425710948245768e-03	2.237034908720136082e+04	8.736254528831079369e+03	1.259959260229268875e+04	7.517010673578320711e+04
2.623877368694733318e-03	2.202519061393144148e+04	8.677917559481295029e+03	1.255235548100562301e+04	7.341628428808460012e+04
2.679482974196439188e-03	2.168317370771145943e+04	8.619296079000310783e+03	1.250468226051116653e+04	7.169674931340008334e+04
2.736266982088478034e-03	2.134434612449122869e+04	8.560396544934241319e+03	1.245657259171632722e+04	7.001118160092763719e+04
2.794254365252289707e-03	2.100881407610546012e+04	8.501233656118540239e+03	1.240803139294802895e+04	6.835982904927428172e+04
2.853470625798387814e-03	2.067654734524258311e+04	8.441808979540674045e+03	1.235905469391484621e+04	6.674182334942879970e+04
2.913941806281861776e-03	2.034745000789921323e+04	8.382117629437376308e+03	1.230963426030447226e+04	6.515597002300566965e+04
2.975694501155571117e-03	2.002156663090908478e+04	8.322169354496389133e+03	1.225977183855834119e+04	6.360206738647235761e+04
3.038755868466027146e-03	1.969899991074627542e+04	8.261980678080481084e+03	1.220947354972679022e+04	6.208013770745638612e+04
3.103153641797168783e-03	1.937971147341193500e+04	8.201553438439032107e+03	1.215873562432391554e+04	6.058948709662086185e+04
3.168916142467233243e-03	1.906360992956200062e+04	8.140882911607810456e+03	1.210754972726947744e+04	5.912899008012992272e+04
3.236072291984112663e-03	1.875073662691998106e+04	8.079979507633885078e+03	1.205591785036199508e+04	5.769842246369301574e+04
3.304651624764658874e-03	1.844119051081127691e+04	8.018861450229692309e+03	1.200384751405561656e+04	5.629789340219886799e+04
3.374684301123556836e-03	1.813492558779093451e+04	7.957529633990777256e+03	1.195133426669278379e+04	5.492662416270645190e+04
3.446201120537424525e-03	1.783185485078110287e+04	7.895976505262122373e+03	1.189836776157906570e+04	5.358361597783520119e+04
3.519233535190044709e-03	1.753201641638397632e+04	7.834211254400071994e+03	1.184494932871173114e+04	5.226852684958528698e+04
3.593813663804625805e-03	1.723550526688973696e+04	7.772252702141152440e+03	1.179108692690503085e+04	5.098154574470251828e+04
3.669974305769219299e-03	1.694226835067166758e+04	7.710101710998662384e+03	1.173677609007787578e+04	4.972182228329019563e+04
3.747748955561452412e-03	1.665222288597096122e+04	7.647755485548743309e+03	1.168200981344429965e+04	4.848846651908309286e+04
3.827171817478984984e-03	1.636540376375202686e+04	7.585226132622919977e+03	1.162679152463760147e+04	4.728128105064792180e+04
3.908277820682117681e-03	1.608190181968784600e+04	7.522533791700952861e+03	1.157113039494917757e+04	4.610029644354063930e+04
3.991102634555192957e-03	1.580165752192293075e+04	7.459678863501294472e+03	1.151502152586026750e+04	4.494480616458460281e+04
4.075682684393532908e-03	1.552459215494222735e+04	7.396659269992903319e+03	1.145845848197141822e+04	4.381394912352412211e+04
4.162055167422817371e-03	1.525073740678057038e+04	7.333484719693071384e+03	1.140144311748534710e+04	4.270747986953570216e+04
4.250258069157961290e-03	1.498017981082406004e+04	7.270172176125418446e+03	1.134398255365211298e+04	4.162542869209974742e+04
4.340330180108637088e-03	1.471285394668742993e+04	7.206721529121768071e+03	1.128607203286031108e+04	4.056706270726010553e+04
4.432311112838861061e-03	1.444868500467476406e+04	7.143131291062949458e+03	1.122770541471090837e+04	3.953164320909343223e+04
4.526241319388085715e-03	1.418770151007577988e+04	7.079414913508909194e+03	1.116888732502929815e+04	3.851890411214932828e+04
4.622162109061505458e-03	1.392998556627265680e+04	7.015594444307826052e+03	1.110962905821845743e+04	3.752897417299335211e+04
4.720115666597336779e-03	1.367546646549183424e+04	6.951669737861459907e+03	1.104992575011433291e+04	3.656107675981944340e+04
4.820145070719144588e-03	1.342407314393167871e+04	6.887640350782852693e+03	1.098977239383857523e+04	3.561452581794029538e+04
4.922294313081310678e-03	1.317583101954394442e+04	6.823518284761811628e+03	1.092917281240722878e+04	3.468914959207830543e+04
5.026608317615998724e-03	1.293081766779740792e+04	6.759320428943648949e+03	1.086813442592671345e+04	3.378485840424420894e+04
5.133132960290130720e-03	1.268895769966312764e+04	6.695045122295108740e+03	1.080665150766540319e+04	3.290102299054580362e+04
5.241915089281041530e-03	1.245018363715111263e+04	6.630693122713113553e+03	1.074472056563603110e+04	3.203699927815601040e+04
5.353002545579732367e-03	1.221451786333329983e+04	6.566279615922669109e+03	1.068234869277006328e+04	3.119254220424058076e+04
5.466444184030696055e-03	1.198203335565034104e+04	6.501828835445947334e+03	1.061954984091819279e+04	3.036777231918387042e+04
5.582289894817666839e-03	1.175265065090492681e+04	6.437339012298535636e+03	1.055631843636856865e+04	2.956195716877408631e+04
5.700590625404708227e-03	1.152630570016772253e+04	6.372810299291510091e+03	1.049265032593015530e+04	2.877452652062515335e+04
5.821398402942216249e-03	1.130301793720944261e+04	6.308251603737683581e+03	1.042854765667166612e+04	2.800527778377270079e+04
5.944766357147824969e-03	1.108285569983142886e+04	6.243685413261126996e+03	1.036402338925759432e+04	2.725416123887439971e+04
6.070748743672167193e-03	1.086573605556465373e+04	6.179109811108296526e+03	1.029907187078120114e+04	2.652059042644949659e+04
6.199400967959818945e-03	1.065159822943713334e+04	6.114526788779645358e+03	1.023369116584250696e+04	2.580402600374268513e+04
6.330779609615908021e-03	1.044045880576718810e+04	6.049952772970103069e+03	1.016789048213087335e+04	2.510427416589384666e+04
6.464942447289089879e-03	1.023238146984008927e+04	5.985413475347410895e+03	1.010168641966979885e+04	2.442138572005670721e+04
6.601948484081890736e-03	1.002728041648056205e+04	5.920901878780994593e+03	1.003506970046272181e+04	2.375469408532648595e+04
6.741857973499477616e-03	9.825097993476465490e+03	5.856415100454460116e+03	9.968034527335461462e+03	2.310369296777095587e+04
6.884732445948405985e-03	9.625848047868264985e+03	5.791969011932570538e+03	9.900590020465031557e+03	2.246822159778815694e+04
7.030634735796891313e-03	9.429589626786615554e+03	5.727590385952757970e+03	9.832754567521385979e+03	2.184826651374201901e+04
7.179629009008595825e-03	9.236234637842886514e+03	5.663276497371310143e+03	9.764523509140915849e+03	2.124327482743025030e+04
7.331780791361950343e-03	9.045728404926632720e+03	5.599030916775373043e+03	9.695897277428484813e+03	2.065281569286277590e+04
7.487156997267587974e-03	8.858082160922465846e+03	5.534865014887393045e+03	9.626881327249348033e+03	2.007666676923370323e+04
7.645825959196438613e-03	8.673350355353626583e+03	5.470800159584252469e+03	9.557489806987032352e+03	1.951484041568187604e+04
7.807857457731475631e-03	8.491443179388932549e+03	5.406831326631438060e+03	9.487715901020785168e+03	1.896674673030271515e+04
7.973322752256328111e-03	8.312308790817100089e+03	5.342963301810697885e+03	9.417562139276213202e+03	1.843200430341974425e+04
8.142294612294233985e-03	8.135955941996470756e+03	5.279214350121266762e+03	9.347041914908782928e+03	1.791048000753205997e+04
8.314847349511189298e-03	7.962434549732792220e+03	5.215610845274202802e+03	9.276175302430812735e+03	1.740213828959519014e+04
8.491056850397209546e-03	7.791653641512642025e+03	5.152139271881316745e+03	9.204947684551458224e+03	1.690643355087164309e+04
8.671000609640279119e-03	7.623564072485784891e+03	5.088801571982880887e+03	9.133358621105651764e+03	1.642300156843335571e+04
8.854757764207504128e-03	7.458172255268707886e+03	5.025616344565492909e+03	9.061422880090296530e+03	1.595167201451405890e+04
9.042409128148579806e-03	7.295523664152039601e+03	4.962612352170528538e+03	8.989164330833889835e+03	1.549249020470294454e+04
9.234037228136720080e-03	7.135526693171689658e+03	4.899782603122671389e+03	8.916576470353718832e+03	1.504491745882305804e+04
9.429726339762870002e-03	6.978134763101187673e+03	4.837124630796208294e+03	8.843655281721528809e+03	1.460860022498974467e+04
9.629562524599030379e-03	6.823352096648198312e+03	4.774652408158993239e+03	8.770411139382624242e+03	1.418340655313572279e+04
9.833633668047030499e-03	6.671219836148216018e+03	4.712395531247214421e+03	8.696870752205682948e+03	1.376929906262482837e+04
1.004202951798940403e-02	6.521646247795266390e+03	4.650348476732960080e+03	8.623030074985439569e+03	1.336584994992028078e+04
1.025484172425938229e-02	6.374587193707549886e+03	4.588515036021742162e+03	8.548892957241192562e+03	1.297273977006165660e+04
1.047216387894729824e-02	6.230044859981494483e+03	4.526904000259241002e+03	8.474464867518692699e+03	1.258979554285418453e+04
1.069409155756119272e-02	6.088056189272690972e+03	4.465541254399088757e+03	8.399768639196234290e+03	1.221700331203704809e+04
1.092072236105970547e-02	5.948529798328729157e+03	4.404420708847290371e+03	8.324800710912635623e+03	1.185393127348819689e+04
1.115215595877575537e-02	5.811423870915446969e+03	4.343549825056476948e+03	8.249570523491855056e+03	1.150032747580742944e+04
1.138849413224978825e-02	5.676738715392421000e+03	4.282940974222935438e+03	8.174089815868268488e+03	1.115603421107469330e+04
1.162984081999205582e-02	5.544507224236875118e+03	4.222614855012222506e+03	8.098376685137415734e+03	1.082101789135365289e+04
1.187630216319339981e-02	5.414638813566277349e+03	4.162564059405194712e+03	8.022426738596790528e+03	1.049486819103764537e+04
1.212798655240480798e-02	5.287093876115736748e+03	4.102795856974168601e+03	7.946249109515280907e+03	1.017735621954843009e+04
1.238500467520621366e-02	5.161871003448515694e+03	4.043326113622731100e+03	7.869860419868954523e+03	9.868369896147149120e+03
1.264746956488544717e-02	5.038999204188706244e+03	3.984172631586379794e+03	7.793277117388411170e+03	9.567825404111265016e+03
1.291549665014883955e-02	4.918389110284907474e+03	3.925326757390220337e+03	7.716494738155845880e+03	9.275367872358783643e+03
1.318920380588532899e-02	4.800003216901118321e+03	3.866795751612490676e+03	7.639523369624530460e+03	8.990777914898651943e+03
1.346871140500627631e-02	4.683838561013738399e+03	3.808596270087256471e+03	7.562382154662920584e+03	8.713943828226036203e+03
1.375414237138396570e-02	4.569920447480841176e+03	3.750745574157032934e+03	7.485088225398074428e+03	8.444801920711715866e+03
1.404562223391196511e-02	4.458161107947995333e+03	3.693233364545383210e+03	7.407636767695018534e+03	8.183004956036870681e+03
1.434327918171109106e-02	4.348525039337453563e+03	3.636068495782180889e+03	7.330042220487879604e+03	7.928375086811281108e+03
1.464724412050539583e-02	4.241007885564943535e+03	3.579266481376927914e+03	7.252323892730451007e+03	7.680791346656660608e+03
1.495765073019278586e-02	4.135631440882546485e+03	3.522844482799810521e+03	7.174500079079462012e+03	7.440216165806159552e+03
1.527463552363575450e-02	4.032309884539810810e+03	3.466791331464919494e+03	7.096565003975893887e+03	7.206311128689492762e+03
1.559833790669801906e-02	3.931009621023757518e+03	3.411115586624378466e+03	7.018534363212796961e+03	6.978907251568816719e+03
1.592890023955338338e-02	3.831725061564838143e+03	3.355831077998328510e+03	6.940427919521161130e+03	6.757899905255414524e+03
1.626646789929399317e-02	3.734474691524589616e+03	3.300954871505961819e+03	6.862264100022850471e+03	6.543234615507431045e+03
1.661118934386526108e-02	3.639174951421633068e+03	3.246476119926547653e+03	6.784037853528036976e+03	6.334614473705844830e+03
1.696321617735579643e-02	3.545794064117452763e+03	3.192403318145313278e+03	6.705765664498205297e+03	6.131892827294684139e+03
1.732270321667098503e-02	3.454325365894378592e+03	3.138744583284705186e+03	6.627459797197765511e+03	5.934964803092675538e+03
1.768980855961942850e-02	3.364784242447100951e+03	3.085521968784370074e+03	6.549148758528312101e+03	5.743776741694997327e+03
1.806469365444235767e-02	3.277089672918757969e+03	3.032724925296951369e+03	6.470829769252350161e+03	5.558076542524997421e+03
1.844752337081655841e-02	3.191211615123138927e+03	2.980356299293017400e+03	6.392513358729054744e+03	5.377696167282664646e+03
1.883846607236187159e-02	3.107142483504482243e+03	2.928425367484916478e+03	6.314214761444837677e+03	5.202544539563725266e+03
1.923769369068539445e-02	3.024894780085093316e+03	2.876957916336670223e+03	6.235971320901351646e+03	5.032590826464555903e+03
1.964538180099485026e-02	2.944390262522366811e+03	2.825939902579803856e+03	6.157776937374617773e+03	4.867587974302135081e+03
2.006170969931423895e-02	2.865600545385369969e+03	2.775369975545335819e+03	6.079634330798079645e+03	4.707389588268587431e+03
2.048686048133601528e-02	2.788517269924026550e+03	2.725262252234530933e+03	6.001568725665773854e+03	4.551907824808143232e+03
2.092102112294418406e-02	2.713150272232900988e+03	2.675641223135069595e+03	5.923616209573510787e+03	4.401125994659273601e+03
2.136438256244391209e-02	2.639424293628194391e+03	2.626484994211156391e+03	5.845757149790601943e+03	4.254788630081970950e+03
2.181713978453380873e-02	2.567312532011181702e+03	2.577796754100696035e+03	5.768004229557697727e+03	4.112779267838897795e+03
2.227949190605761978e-02	2.496805997429274157e+03	2.529593639502266342e+03	5.690388876388393328e+03	3.975030587218091569e+03
2.275164226357336353e-02	2.427912079404957240e+03	2.481892061888861008e+03	5.612937521162690246e+03	3.841507658824597456e+03
2.323379850277806913e-02	2.360558672215795013e+03	2.434672321987628493e+03	5.535636936739176235e+03	3.711973185759795797e+03
2.372617266982774559e-02	2.294720487900523040e+03	2.387943083972540080e+03	5.458509767862271474e+03	3.586344105076644155e+03
2.422898130459259780e-02	2.230388040732208538e+03	2.341712184592304766e+03	5.381573128754675963e+03	3.464535089165643512e+03
2.474244553588843265e-02	2.167566491993025011e+03	2.295996992859887541e+03	5.304857610632860997e+03	3.346519371615019281e+03
2.526679117872631872e-02	2.106187023680558013e+03	2.250783039373486645e+03	5.228357074122425729e+03	3.232097738742114416e+03
2.580224883362318075e-02	2.046225796911285897e+03	2.206068916864004677e+03	5.152076010274339751e+03	3.121169333697715047e+03
2.634905398801689475e-02	1.987672957485329789e+03	2.161865200558154356e+03	5.076039408032110259e+03	3.013666220347128728e+03
2.690744711983068457e-02	1.930531654317212315e+03	2.118193957645548380e+03	5.000289781477410543e+03	2.909572573826259031e+03
2.747767380323228384e-02	1.874736458408613089e+03	2.075031481249976423e+03	4.924804667390456416e+03	2.808691369023113111e+03
2.805998481663422514e-02	1.820264918417644822e+03	2.032380950592802947e+03	4.849600810136888867e+03	2.710938108139910582e+03
2.865463625298309350e-02	1.767106930954320433e+03	1.990255955374734867e+03	4.774710014703025990e+03	2.616260793914214901e+03
2.926188963238583740e-02	1.715263843602999486e+03	1.948667123502274990e+03	4.700152789740403932e+03	2.524622025131016017e+03
2.988201201712300387e-02	1.664673685769721487e+03	1.907596763240785549e+03	4.625918371574325647e+03	2.435857309784300469e+03
3.051527612909937445e-02	1.615315335449263557e+03	1.867048140672980480e+03	4.552023469958406167e+03	2.349894970850360096e+03
3.116196046978347151e-02	1.567178550276404394e+03	1.827026609788230871e+03	4.478485464463965400e+03	2.266670259277836522e+03
3.182234944268905880e-02	1.520263081771586030e+03	1.787551441968499603e+03	4.405346897990360048e+03	2.186166749359963433e+03
3.249673347845206950e-02	1.474510456831558258e+03	1.748600578646322901e+03	4.332589600336617877e+03	2.108225544430030368e+03
3.318540916255835471e-02	1.429900827185661001e+03	1.710173694658483555e+03	4.260222906334653089e+03	2.032777163870184950e+03
3.388867936577820428e-02	1.386423912660246742e+03	1.672282538442215127e+03	4.188277606052301053e+03	1.959779865583456058e+03
3.460685337736497946e-02	1.344078066512448459e+03	1.634935765180834323e+03	4.116775710058494042e+03	1.889198961807200021e+03
3.534024704107661952e-02	1.302808323674936901e+03	1.598115921788820060e+03	4.045707692497891003e+03	1.820900783484764133e+03
3.608918289407971741e-02	1.262596056700743475e+03	1.561823631572169461e+03	3.975087307545227304e+03	1.754825137212463233e+03
3.685399030879719234e-02	1.223431039207450567e+03	1.526064475366913712e+03	3.904934942694466827e+03	1.690923021881443219e+03
3.763500563776207147e-02	1.185310415120205562e+03	1.490854320813959930e+03	3.835291618153931722e+03	1.629176883958374674e+03
3.843257236154112161e-02	1.148182712009816214e+03	1.456166539347185790e+03	3.766123502353266304e+03	1.569451474351612433e+03
3.924704123979310538e-02	1.112030472073748115e+03	1.422006020581814028e+03	3.697455523646625352e+03	1.511702931843516808e+03
4.007877046552850431e-02	1.076843605010521742e+03	1.388377354371916908e+03	3.629306853430320189e+03	1.455886839206853438e+03
4.092812582263813392e-02	1.042618224654160485e+03	1.355291066155137514e+03	3.561708958140480263e+03	1.401976115475397592e+03
4.179548084676026898e-02	1.009306311306179396e+03	1.322727243003532976e+03	3.494645409057306551e+03	1.349862686616043220e+03
4.268121698955689575e-02	9.768915278368922372e+02	1.290683547880104925e+03	3.428121679978905377e+03	1.299498363198791139e+03
4.358572378647117967e-02	9.453639923964581158e+02	1.259168401176380257e+03	3.362168322433749836e+03	1.250848362374854787e+03
4.450939902804028347e-02	9.147189574138728858e+02	1.228187821322728723e+03	3.296807016612599909e+03	1.203881989268955067e+03
4.545264893483848267e-02	8.849117944733803824e+02	1.197723206601744096e+03	3.232024451644183955e+03	1.158507685779424264e+03
4.641588833612779463e-02	8.559272393426487042e+02	1.167773155200380643e+03	3.167830355011378288e+03	1.114678973585109588e+03
4.739954085229469011e-02	8.277556817776680873e+02	1.138341058085879467e+03	3.104241626912324136e+03	1.072363423010356200e+03
4.840403908115278181e-02	8.003916700097547618e+02	1.109437155052982234e+03	3.041293530196089250e+03	1.031538806073323030e+03
4.942982478819387543e-02	7.737938860387235991e+02	1.081037398487656901e+03	2.978956913765816807e+03	9.921161899630488961e+02
5.047734910087089966e-02	7.479480919633047051e+02	1.053144331010199494e+03	2.917253424004254157e+03	9.540583494220130660e+02
5.154707270699779992e-02	7.228450032088634316e+02	1.025758039359205668e+03	2.856191473595624302e+03	9.173356738858071822e+02
5.263946605735428386e-02	6.984786089858074547e+02	9.988875736250039381e+02	2.795804977697421691e+03	8.819255704935043241e+02
5.375500957258409762e-02	6.748108039404879719e+02	9.725095479688085334e+02	2.736064871760811911e+03	8.477490558308758182e+02
5.489419385447772554e-02	6.518283310094249146e+02	9.466265361985114168e+02	2.676993530254229427e+03	8.147769043604081389e+02
5.605751990173300781e-02	6.295222762624728148e+02	9.212373880171226119e+02	2.618597124762956810e+03	7.829772912697836773e+02
5.724549933028778848e-02	6.078862030494473174e+02	8.963491291897018982e+02	2.560904986570098572e+03	7.523322716410704061e+02
5.845865459832211286e-02	5.868851061990376365e+02	8.719401064277254818e+02	2.503891272698312605e+03	7.227714375129078235e+02
5.969751923602879817e-02	5.665066648220475827e+02	8.480107652185459983e+02	2.447572712268510713e+03	6.942678706567417066e+02
6.096263808025296355e-02	5.467423722777925832e+02	8.245606346629921291e+02	2.391957464629468632e+03	6.667941291304584865e+02
6.225456751410456124e-02	5.275854864472921690e+02	8.015948536466439691e+02	2.337072044584340347e+03	6.403327849270474417e+02
6.357387571164835327e-02	5.090039780316536167e+02	7.790926405521928473e+02	2.282890472687607598e+03	6.148223274092473503e+02
6.492114288777969811e-02	4.909864182334194425e+02	7.570533200161204377e+02	2.229425616460692254e+03	5.902378172459003736e+02
6.629696155339574737e-02	4.735247363542000016e+02	7.354758280277584390e+02	2.176684851351927136e+03	5.665559213048105676e+02
6.770193677597398374e-02	4.566119925412960470e+02	7.143648787560985056e+02	2.124695408785833934e+03	5.437593978047882501e+02
6.913668644567325106e-02	4.402189994830966384e+02	6.936995829093999646e+02	2.073428037018067243e+03	5.217948338544667877e+02
7.060184154707406512e-02	4.243351768979791245e+02	6.734786908508137913e+02	2.022892673489566050e+03	5.006394500616744381e+02
7.209804643667737378e-02	4.089529112972714415e+02	6.537013056633895758e+02	1.973099406186386432e+03	4.802734567486677406e+02
7.362595912628441819e-02	3.940651601185046502e+02	6.343704523318821202e+02	1.924070879664593804e+03	4.606799593140295315e+02
7.518625157238204015e-02	3.796454369642685265e+02	6.154655882586254165e+02	1.875774588004572479e+03	4.418120260832056942e+02
7.677960997166025092e-02	3.656839668605203428e+02	5.969852560258094627e+02	1.828221342629454284e+03	4.236503789210868263e+02
7.840673506279315086e-02	3.521736081627004751e+02	5.789289138115253763e+02	1.781422970292197988e+03	4.061762997456632434e+02
8.006834243461452560e-02	3.391072976909539420e+02	5.612976283338741723e+02	1.735394914199237064e+03	3.893756194611887622e+02
8.176516284082480102e-02	3.264611043261941745e+02	5.440718627966534768e+02	1.690105818645754425e+03	3.732066819964207411e+02
8.349794252136732986e-02	3.142260153779296274e+02	5.272493620595562334e+02	1.645564667938151388e+03	3.576510752034903362e+02
8.526744353061486981e-02	3.023953699013974870e+02	5.108298102106468832e+02	1.601782184421728516e+03	3.426951356586822044e+02
8.707444407251174745e-02	2.909621528229926071e+02	4.948120941115233791e+02	1.558767455469683455e+03	3.283226551667300441e+02
8.891973884281766105e-02	2.799048409419270911e+02	4.791794105684604119e+02	1.516497185432119295e+03	3.144997578312361952e+02
9.080413937860487561e-02	2.692151407736477609e+02	4.639276938193788169e+02	1.474971573344010494e+03	3.012090676749871818e+02
9.272847441516200717e-02	2.588868764113901193e+02	4.490570866492572577e+02	1.434203531206523621e+03	2.884383719522807041e+02
9.469359025046093781e-02	2.489131347260218377e+02	4.345652705738817190e+02	1.394199710197273362e+03	2.761739423291365370e+02
9.670035111734798239e-02	2.392746552293139075e+02	4.204355405955446372e+02	1.354931447950807069e+03	2.643844485633120485e+02
9.874963956362264872e-02	2.299638198249913614e+02	4.066650566612156581e+02	1.316404313949003154e+03	2.530571859619487896e+02
1.008423568401705106e-01	2.209749429861395811e+02	3.932521780729309739e+02	1.278625086093058371e+03	2.421791406900630079e+02
1.029794232973221257e-01	2.123012385590869258e+02	3.801944992573689319e+02	1.241597963340042725e+03	2.317384037358631588e+02
1.051617787896111378e-01	2.039255819112339339e+02	3.674765552323600559e+02	1.205298167948656555e+03	2.217088399815509092e+02
1.073903830891107247e-01	1.958409809971424522e+02	3.550945913965499585e+02	1.169725676006809863e+03	2.120777393418641736e+02
1.096662163075285135e-01	1.880422357984589325e+02	3.430472912707034538e+02	1.134887825875864110e+03	2.028350012915022376e+02
1.119902793272475605e-01	1.805227195450185320e+02	3.313313239499939300e+02	1.100786960959715771e+03	1.939694375417295191e+02
1.143635942415015677e-01	1.732673009686693604e+02	3.199319571681054981e+02	1.067395771862017000e+03	1.854577891629037651e+02
1.167872048038782751e-01	1.662695711308848843e+02	3.088458456650313337e+02	1.034716698728440178e+03	1.772897043338565197e+02
1.192621768873494831e-01	1.595247884432328362e+02	2.980707067674256336e+02	1.002751440613696104e+03	1.694562165073202493e+02
1.217895989530276418e-01	1.530265638855875920e+02	2.876032517494876970e+02	9.715030533468675458e+02	1.619466366408997828e+02
1.243705825288575900e-01	1.467615649132397664e+02	2.774296923848168035e+02	9.409446153664854364e+02	1.547419179220706269e+02
1.270062626984522769e-01	1.407239418608968720e+02	2.675460038213462326e+02	9.110743258456784588e+02	1.478321427513275523e+02
1.296977986002878502e-01	1.349093846299392681e+02	2.579506768993653623e+02	8.818973727555807045e+02	1.412098041522374388e+02
1.324463739374786009e-01	1.293118018352274703e+02	2.486389916184628532e+02	8.534095768712182917e+02	1.348653941757808923e+02
1.352531974983535168e-01	1.239194792393507640e+02	2.395985484016673013e+02	8.255868915585612058e+02	1.287821760470506831e+02
1.381195036880665805e-01	1.187271000954799689e+02	2.308255542774614923e+02	7.984271033971250517e+02	1.229518964136463666e+02
1.410465530714722360e-01	1.137307590592545381e+02	2.223177995436957985e+02	7.719322870265250458e+02	1.173680137949082081e+02
1.440356329275057634e-01	1.089247060876339788e+02	2.140707037018982817e+02	7.460977149726110156e+02	1.120217464154126930e+02
1.470880578153118678e-01	1.042986785660673803e+02	2.060727543291178279e+02	7.209000761082083955e+02	1.068989117192143681e+02
1.502051701523716420e-01	9.984786436943105059e+01	1.983197405074056690e+02	6.963342492680363875e+02	1.019923736929047777e+02
1.533883408048797858e-01	9.556873653904582966e+01	1.908102522306351148e+02	6.724050660421524981e+02	9.729647356210976739e+01
1.566389696906345663e-01	9.145591599582859033e+01	1.835385155163102979e+02	6.491017265515504278e+02	9.280301562353771772e+01
1.599584863947036695e-01	8.750043828742728635e+01	1.764943836748952322e+02	6.264035613654338022e+02	8.850047424321729750e+01
1.633483507981373095e-01	8.369796625156699577e+01	1.696737026836512996e+02	6.043047505732461104e+02	8.438209690389462025e+01
1.668100537200059019e-01	8.004532537102953427e+01	1.630747392069775401e+02	5.828076225617410273e+02	8.044321444702842427e+01
1.703451175730422984e-01	7.653752514094364301e+01	1.566920301224711523e+02	5.619021112323362104e+02	7.667677198362264335e+01
1.739550970331800450e-01	7.316675845667542433e+01	1.505160211016731751e+02	5.415669020788533317e+02	7.307259800945202244e+01
1.776415797232799298e-01	6.992913259931893322e+01	1.445430881866799382e+02	5.217974954798005456e+02	6.962518787336124149e+01
1.814061869113461622e-01	6.682180010043008167e+01	1.387707648978018256e+02	5.025918914806273392e+02	6.633027369378825711e+01
1.852505742235391883e-01	6.384016650472878496e+01	1.331941519212319065e+02	4.839416437860313636e+02	6.318170707939318476e+01
1.891764323722997243e-01	6.097745328545588706e+01	1.278042250298344413e+02	4.658248803773362852e+02	6.017069644528216088e+01
1.931854878999012814e-01	5.823018125050287352e+01	1.225977472256500818e+02	4.482378462161287302e+02	5.729278114538301026e+01
1.972795039377621684e-01	5.559580526562282188e+01	1.175720145059171529e+02	4.311763692724593398e+02	5.454408205963775202e+01
2.014602809818480389e-01	5.307012598395029102e+01	1.127223975891604510e+02	4.146321623870954909e+02	5.191920193637552927e+01
2.057296576845067948e-01	5.064727611189629641e+01	1.080406008607011756e+02	3.985840399933375124e+02	4.941071146072979303e+01
2.100895116630852322e-01	4.832415910288280259e+01	1.035233971553457764e+02	3.830268589676197735e+02	4.701484609738918152e+01
2.145417603256798700e-01	4.609850819927386567e+01	9.916836643151559372e+01	3.679573263416051532e+02	4.472809500717927733e+01
2.190883617143895290e-01	4.396651140194322238e+01	9.497080507793869231e+01	3.533651615442161074e+02	4.254581164111603186e+01
2.237313153664367560e-01	4.192310609364275820e+01	9.092328786044269862e+01	3.392308391160232759e+02	4.046182933896426448e+01
2.284726631935388719e-01	3.996554787243510987e+01	8.702283425677046580e+01	3.255495909577216480e+02	3.847277104549066706e+01
2.333144903799153069e-01	3.809182528591574624e+01	8.326695575727848109e+01	3.123163196996772513e+02	3.657571032173267866e+01
2.382589262993237145e-01	3.629850050612177625e+01	7.965120385050973084e+01	2.995212230081739335e+02	3.476652455712638812e+01
2.433081454515323150e-01	3.458121917121851396e+01	7.616899202741724650e+01	2.871463483585272343e+02	3.304011054704752581e+01
2.484643684186368384e-01	3.293755923676162212e+01	7.281719606163598257e+01	2.751848005204951733e+02	3.139341570948927540e+01
2.537298628416438939e-01	3.136574243358149161e+01	6.959386432585945670e+01	2.636337445888874527e+02	2.982410478673941512e+01
2.591069444177515613e-01	2.986268779466435319e+01	6.649441069284623040e+01	2.524809906121219285e+02	2.832851619479368210e+01
2.645979779187619951e-01	2.842466227611509311e+01	6.351316153721268165e+01	2.417111187541357538e+02	2.690241605219765475e+01
2.702053782310787078e-01	2.704953737732041219e+01	6.064696370106283752e+01	2.313159590132482606e+02	2.554306555803791312e+01
2.759316114177428059e-01	2.573574692371305161e+01	5.789422423098389459e+01	2.212936466799096138e+02	2.424863150162920178e+01
2.817791958029755572e-01	2.448054647397031758e+01	5.525045076065430294e+01	2.116312353505773842e+02	2.301585218395330656e+01
2.877507030797054055e-01	2.328074619817130753e+01	5.271067631105670159e+01	2.023148093474210611e+02	2.184121106434366055e+01
2.938487594405665426e-01	2.213448351911001311e+01	5.027204676940533545e+01	1.933367711830357791e+02	2.072240503629991082e+01
3.000760467328633108e-01	2.104038435909526683e+01	4.793278986960179822e+01	1.846934673064507422e+02	1.965775433055558352e+01
3.064353036380134121e-01	1.999601841409776526e+01	4.568907821407017877e+01	1.763741634676182457e+02	1.864462010372277234e+01
3.129293268759847368e-01	1.899866915595243100e+01	4.353618262441530362e+01	1.683643270353818480e+02	1.767989790022687657e+01
3.195609724352570513e-01	1.804671367352784017e+01	4.147177924367421298e+01	1.606581703859347670e+02	1.676178915036391714e+01
3.263331568288500573e-01	1.713895113325654762e+01	3.949403570062124658e+01	1.532509593141510038e+02	1.588877313201040131e+01
3.332488583769670498e-01	1.627324174687023373e+01	3.759939781879644727e+01	1.461321994041580581e+02	1.505856720353700240e+01
3.403111185168231634e-01	1.544727994051025277e+01	3.578389099556521558e+01	1.392897147604945758e+02	1.426869296304117540e+01
3.475230431402304698e-01	1.465965771124384354e+01	3.404508694263348900e+01	1.327161765718435049e+02	1.351747070308311827e+01
3.548878039595292910e-01	1.390932978212596360e+01	3.238161373240588858e+01	1.264087313129719377e+02	1.280377088707351163e+01
3.624086399024666338e-01	1.319442273195127768e+01	3.079000774072094870e+01	1.203560808131038868e+02	1.212553562182605305e+01
3.700888585366366446e-01	1.251298654642049613e+01	2.926679263974595102e+01	1.145473326727364167e+02	1.148070363067208888e+01
3.779318375241043637e-01	1.186380495554937475e+01	2.780996651038929457e+01	1.089766285689260172e+02	1.086796924489185123e+01
3.859410261068597081e-01	1.124597174679023937e+01	2.641799449219301010e+01	1.036394978973334275e+02	1.028625066564098489e+01
3.941199466237500504e-01	1.065785575688586562e+01	2.508792768424459041e+01	9.852650678770831405e+01	9.733850795075470685e+00
4.024721960595590287e-01	1.009781349973674480e+01	2.381670952519110784e+01	9.362760144179867439e+01	9.209081202817765544e+00
4.110014476269163164e-01	9.564798904853306638e+00	2.260246232308531589e+01	8.893693429861174593e+01	8.710801028426208958e+00
4.197114523817274123e-01	9.058029526517856311e+00	2.144384702409129417e+01	8.445045937861601715e+01	8.238132430738581036e+00
4.286060408728412652e-01	8.576092854535467325e+00	2.033825408614855235e+01	8.015965502839829071e+01	7.789650900290942204e+00
4.376891248266767120e-01	8.117608700095164664e+00	1.928295050746644179e+01	7.605515140121912054e+01	7.363897481979615911e+00
4.469646988675492483e-01	7.681681319990198986e+00	1.827627222504821702e+01	7.213147029966785340e+01	6.959947361503754593e+00
4.564368422744575216e-01	7.267637925129384335e+00	1.731709540988818574e+01	6.838530553244191879e+01	6.577115316646247933e+00
4.661097207750954374e-01	6.874261921933631392e+00	1.640297288463380454e+01	6.480815711685886527e+01	6.214116647219933398e+00
4.759875883778879602e-01	6.500398448145540797e+00	1.553159707890019980e+01	6.139195073147617876e+01	5.869792847972593819e+00
4.860747892428489703e-01	6.145283873695293053e+00	1.470155739871758804e+01	5.813206755199114895e+01	5.543382093348448336e+00
4.963757595920870180e-01	5.808342122196732404e+00	1.391176015517763709e+01	5.502492857636676860e+01	5.234261714506843965e+00
5.068950296608012440e-01	5.488530921338744761e+00	1.316004986165251189e+01	5.206277957236137155e+01	4.941393920951029806e+00
5.176372256896176749e-01	5.184887517023098802e+00	1.244449210520655136e+01	4.923881733945326999e+01	4.663828051264787611e+00
5.286070719591531297e-01	4.896763805012276372e+00	1.176382504655023808e+01	4.654875478701249136e+01	4.400910006283953457e+00
5.398093928676924724e-01	4.623668614489938378e+00	1.111705574897513138e+01	4.398910312583933546e+01	4.152124812482906435e+00
5.512491150528981976e-01	4.364713735384103899e+00	1.050231979005665472e+01	4.155308911910010039e+01	3.916597690744956672e+00
5.629312695584811621e-01	4.119099575930301071e+00	9.917969444813815372e+00	3.923477330977924282e+01	3.693562769207951124e+00
5.748609940467923618e-01	3.886278550186657021e+00	9.362883452231313797e+00	3.703017080719482124e+01	3.482479598116386743e+00
5.870435350582976497e-01	3.665833679720297500e+00	8.836191578768081811e+00	3.493615018222583757e+01	3.282908283213687550e+00
5.994842503189414806e-01	3.457012023504778764e+00	8.336276813000337071e+00	3.294670864030268831e+01	3.094125783107279037e+00
6.121886110964055439e-01	3.259152031368033775e+00	7.861738145652164000e+00	3.105668329912434089e+01	2.915502159595355192e+00
6.251622046063020077e-01	3.071793140087518914e+00	7.411600968433387671e+00	2.926252005074529805e+01	2.746583733752252066e+00
6.384107364693620834e-01	2.894582898926224779e+00	6.985116872279521161e+00	2.756146715928393931e+01	2.587020493151805489e+00
6.519400332206916060e-01	2.726886378397057165e+00	6.580881675807878750e+00	2.594819486940484765e+01	2.436207857461803350e+00
6.657560448722088520e-01	2.568158357539776837e+00	6.197702204354412991e+00	2.441820898369313397e+01	2.293627339497029460e+00
6.798648475293831428e-01	2.418013235752720647e+00	5.834748448036102708e+00	2.296840785332721779e+01	2.158911409019082850e+00
6.942726460634290886e-01	2.276154418166121296e+00	5.491375824390057225e+00	2.159637806949337246e+01	2.031768397974096363e+00
7.089857768401280902e-01	2.142049288694276576e+00	5.166383360716837458e+00	2.029749840029868224e+01	1.911695690064278752e+00
7.240107105064845783e-01	2.015250267605357415e+00	4.858757794491549653e+00	1.906785492948408844e+01	1.798269796920345387e+00
7.393540548364295750e-01	1.895436003169102657e+00	4.567787089712355808e+00	1.790472827130925637e+01	1.691188958110576568e+00
7.550225576368376768e-01	1.782358019748567113e+00	4.292931603114741534e+00	1.680607466742456779e+01	1.590222198419074084e+00
7.710231097151263313e-01	1.675571860702955274e+00	4.033159827040399215e+00	1.576784589800250380e+01	1.494951284342837861e+00
7.873627479097432547e-01	1.574711569546265899e+00	3.787630216469863864e+00	1.478675826687747019e+01	1.405033815023291943e+00
8.040486581848822478e-01	1.479510584165152132e+00	3.555733213178761787e+00	1.386042773984916643e+01	1.320220217675318830e+00
8.210881787907730045e-01	1.389761682220799655e+00	3.337001396933054753e+00	1.298703962669807055e+01	1.240315014249435466e+00
8.384888034909533383e-01	1.305095912266661884e+00	3.130576354231439318e+00	1.216320921166584945e+01	1.164980308190630032e+00
8.562581848579297050e-01	1.225215270015648228e+00	2.935763879685769684e+00	1.138619199446187125e+01	1.093943524158208280e+00
8.744041376386801900e-01	1.149899679863837898e+00	2.752049423780058568e+00	1.065394643860530621e+01	1.027000668086468060e+00
8.929346421914835519e-01	1.078977114715181429e+00	2.579028745032931447e+00	9.964861124971902129e+00	9.639889732492090690e-01
9.118578479955742333e-01	1.012142903900793867e+00	2.415978845274197262e+00	9.316045755203079537e+00	9.046325630784062266e-01
9.311820772351820930e-01	9.491553779815316005e-01	2.262327622162178642e+00	8.705216384061397861e+00	8.487116198369537567e-01
9.509158284595223831e-01	8.898337026556085716e-01	2.117646670525209718e+00	8.130656308840389812e+00	7.960599777168806401e-01
9.710677803203476843e-01	8.340357297889362531e-01	1.981600017980615691e+00	7.591016609256249659e+00	7.465467610860679892e-01
9.916467953887124764e-01	7.815111901392093330e-01	1.853585681714257971e+00	7.083869207526730882e+00	6.999460311443600480e-01
1.012661924052612461e+00	7.320649198678010894e-01	1.733134882353722261e+00	6.607323778945965564e+00	6.560817716619929962e-01
1.034122408497234025e+00	6.855490406765859523e-01	1.619892042050971925e+00	6.159942504130872187e+00	6.148203189308106831e-01
1.056037686769547568e+00	6.418466444141691651e-01	1.513574870424819974e+00	5.740575893969706911e+00	5.760552784397564574e-01
1.078417396929040706e+00	6.007532316587747001e-01	1.413683900118909209e+00	5.347194351112860566e+00	5.396023327286096904e-01
1.101271381286411888e+00	5.621118649186950256e-01	1.319837794050326085e+00	4.978251205887008979e+00	5.053205865419182485e-01
1.124609690732098155e+00	5.258022009299908595e-01	1.231743348054636700e+00	4.632550507142494389e+00	4.731021973615510690e-01
1.148442589156521310e+00	4.917285459979578999e-01	1.149166269447778665e+00	4.309128236343151563e+00	4.428614973204945127e-01
1.172780557964020254e+00	4.597246834594130860e-01	1.071699339774739634e+00	4.006329962393970767e+00	4.144503602355560368e-01
1.197634300682437924e+00	4.296649596525208836e-01	9.990342142410385540e-01	3.722897744781481055e+00	3.877569800959340673e-01
1.223014747670394531e+00	4.014519180539625753e-01	9.309298736315291256e-01	3.457840167790954045e+00	3.626940524237331487e-01
1.248933060924324545e+00	3.750076057123211681e-01	8.671941425371022527e-01	3.210366187405718552e+00	3.391921325624946415e-01
1.275400638987373769e+00	3.501976402386678400e-01	8.074955209104778264e-01	2.979125304623627013e+00	3.171321586107043178e-01
1.302429121962336289e+00	3.269218563529964205e-01	7.515854656763981678e-01	2.763098477982290024e+00	2.964252226092389253e-01
1.330030396630823342e+00	3.051017217671910808e-01	6.992687997045409221e-01	2.561482954796970191e+00	2.770017300231263913e-01
1.358216601680917401e+00	2.846740436387728002e-01	6.503866567240849106e-01	2.373617056973742478e+00	2.588055561039651065e-01
1.387000133045610317e+00	2.655307575197742853e-01	6.046719602835165519e-01	2.198415522063092542e+00	2.417414722499340585e-01
1.416393649354382722e+00	2.475923715739194453e-01	5.619266660335824337e-01	2.035066633858773510e+00	2.257393750450160941e-01
1.446410077500298819e+00	2.307959190487673673e-01	5.219936336220249995e-01	1.882923799009408983e+00	2.107438333272515230e-01
1.477062618325094778e+00	2.150904240805112111e-01	4.847444954871541478e-01	1.741454152521924481e+00	1.967099410972238671e-01
1.508364752424737887e+00	2.003894534509939596e-01	4.499633685924303017e-01	1.609777572226311682e+00	1.835613710448091018e-01
1.540330246078020826e+00	1.866302068320450924e-01	4.174937521729292222e-01	1.487255048763271192e+00	1.712429500990423348e-01
1.572973157300799230e+00	1.737624526583232965e-01	3.872099172943799794e-01	1.373370146066050346e+00	1.597107106687623290e-01
1.606307842028519950e+00	1.617452745923181889e-01	3.590084549289327409e-01	1.267694021361632783e+00	1.489288612802772971e-01
1.640348960429783842e+00	1.505099151919185030e-01	3.327177341021620438e-01	1.169530922147768548e+00	1.388367635739274075e-01
1.675111483353698638e+00	1.400069882177830960e-01	3.082142769200412191e-01	1.078377474196985597e+00	1.293911692542289715e-01
1.710610698913865635e+00	1.301966261496448618e-01	2.853982530399834516e-01	9.938252888462503210e-01	1.205572997001804064e-01
1.746862219211904321e+00	1.210461521284882380e-01	2.641867273061597188e-01	9.155315249819266921e-01	1.123065639966364659e-01
1.783881987203444153e+00	1.125011683141131646e-01	2.444442910260208879e-01	8.429507650951491016e-01	1.045910803687434137e-01
1.821686283709640364e+00	1.045230180146580756e-01	2.260746348052786736e-01	7.756932058412127073e-01	9.737710001091036405e-02
1.860291734577268707e+00	9.708022269964082518e-02	2.089987308914986741e-01	7.134369410201486517e-01	9.063716683036482369e-02
1.899715317990559260e+00	9.014681852834070808e-02	1.931504132445462929e-01	6.559093243995152145e-01	8.434859844354031244e-02
1.939974371937992492e+00	8.368000512137531433e-02	1.784242637089522299e-01	6.026908710164445848e-01	7.847387816853228226e-02
1.981086601837313665e+00	7.764966713304367885e-02	1.647451550990531310e-01	5.534790840906194109e-01	7.298663813365492692e-02
2.023070088322156401e+00	7.203107955316807864e-02	1.520509145165784837e-01	5.080220404745235951e-01	6.786524801023477438e-02
2.065943295193674256e+00	6.680371858084717396e-02	1.402898681279175219e-01	4.661096689713888908e-01	6.309191058915777917e-02
2.109725077540682392e+00	6.193409563646253002e-02	1.293794578046749688e-01	4.274156663795563582e-01	5.863708511243336668e-02
2.154434690031884259e+00	5.739886189259798405e-02	1.192617255592249709e-01	3.917090095047186527e-01	5.448028374117121903e-02
2.200091795383838367e+00	5.317869947400389458e-02	1.098886409603624381e-01	3.587976634340583892e-01	5.060466671693761992e-02
2.246716473008353532e+00	4.925746922626246527e-02	1.012194566282599295e-01	3.285169505352705799e-01	4.699616288450091800e-02
2.294329227843169949e+00	4.560911517910139906e-02	9.319095878823181744e-02	3.006210706164146873e-01	4.363190834505645960e-02
2.342950999369765697e+00	4.221562268320704081e-02	8.575856006425462696e-02	2.749338597418597430e-01	4.049604228362892883e-02
2.392603170822269476e+00	3.906197913699872848e-02	7.888529264995590429e-02	2.513094938758889119e-01	3.757548404399796427e-02
2.443307578591545681e+00	3.613556009962307775e-02	7.253952334716236294e-02	2.296217965759256019e-01	3.485921999113841818e-02
2.495086521828544068e+00	3.341620715971932443e-02	6.667253782577967081e-02	2.096835418952369412e-01	3.232934553926972154e-02
2.547962772251191943e+00	3.089008979323129914e-02	6.125057888597154609e-02	1.913635573729412787e-01	2.997368504744900991e-02
2.601959584159102334e+00	2.854560422163603464e-02	5.624519639045198749e-02	1.745508471601620870e-01	2.778210014018995394e-02
2.657100704660517732e+00	2.637292785995414349e-02	5.163225259420791552e-02	1.591509702005976246e-01	2.574604656090900834e-02
2.713410384115983121e+00	2.435655401443333548e-02	4.737478724842355410e-02	1.450241717422391108e-01	2.385174050091197831e-02
2.770913386803353973e+00	2.248591759837456974e-02	4.344717366399891006e-02	1.320722302762933342e-01	2.208980716789624155e-02
2.829635001808795014e+00	2.075209868885578499e-02	3.982777535772322880e-02	1.202121650190604574e-01	2.045236742974048880e-02
2.889601054148607684e+00	1.914749584684924053e-02	3.649806147090054603e-02	1.093725965214536605e-01	1.893274048602228837e-02
2.950837916126738403e+00	1.766024945581974245e-02	3.343023630593050521e-02	9.945042060257608396e-02	1.752039438971250696e-02
3.013372518932980082e+00	1.628232985449320006e-02	3.060518236509035192e-02	9.037377007958811992e-02	1.620821638120059638e-02
3.077232364486974792e+00	1.500691816686820779e-02	2.800657035995497701e-02	8.208112648662028998e-02	1.499014626888082145e-02
3.142445537533192557e+00	1.382816385517887832e-02	2.562027907447253158e-02	7.451907324865909843e-02	1.386099821580649531e-02
3.209040717992251324e+00	1.273704947082432946e-02	2.342550117933324405e-02	6.761198332936381450e-02	1.281266651770838344e-02
3.277047193573979555e+00	1.172750373886992901e-02	2.140802843246853576e-02	6.130753004387082261e-02	1.183976408476363276e-02
3.346494872657771680e+00	1.079434313887918384e-02	1.955566392852654475e-02	5.556069134629577216e-02	1.093767546133505610e-02
3.417414297445926952e+00	9.933089511240566355e-03	1.785778510465065375e-02	5.033216905969439131e-02	1.010239645865148618e-02
3.489836657395697816e+00	9.136926843779209773e-03	1.629893053839144568e-02	4.556694288756468758e-02	9.327760893405621229e-03
3.563793802936028321e+00	8.401288576994422538e-03	1.486860596032779126e-02	4.122723356263968686e-02	8.609664053366775788e-03
3.639318259474964901e+00	7.722256685323152653e-03	1.355776811901533881e-02	3.728043216757106343e-02	7.944601279187897547e-03
3.716443241703908829e+00	7.096422529607987473e-03	1.235848028409643889e-02	3.369784141995210008e-02	7.329487943030509566e-03
3.795202668205029717e+00	6.518664798304721342e-03	1.125937044609611089e-02	3.043998403171183434e-02	6.759664646633324440e-03
3.875631176368202979e+00	5.985566900399664873e-03	1.025274952344581297e-02	2.747983492743808973e-02	6.232051632221567369e-03
3.957764137624104617e+00	5.494184350239031400e-03	9.331929289638399294e-03	2.479384755832534509e-02	5.743968470552005684e-03
4.041637673000112230e+00	5.041937180258714013e-03	8.491047174068134737e-03	2.236137222983741735e-02	5.293076931893869221e-03
4.127288669005872102e+00	4.625000621681505525e-03	7.721817379314749492e-03	2.015440985301900079e-02	4.875868247587255601e-03
4.214754793855508552e+00	4.240832181241206873e-03	7.018618596796170547e-03	1.815369417746584210e-02	4.490012485876828177e-03
4.304074514033643162e+00	3.887231875152729037e-03	6.376559571564762059e-03	1.634244701344368320e-02	4.133480990998708582e-03
4.395287111212434539e+00	3.562258040171569200e-03	5.791367668397626699e-03	1.470607056138377097e-02	3.804515671727507885e-03
4.488432699527177050e+00	3.263071647809447345e-03	5.257017543824712806e-03	1.322474450887164629e-02	3.500468931760003424e-03
4.583552243217979161e+00	2.987790967353270554e-03	4.769441448850096979e-03	1.188491330115478382e-02	3.219594611966739538e-03
4.680687574645305382e+00	2.734781948819338133e-03	4.325119493885123435e-03	1.067486564016645323e-02	2.960389436753694745e-03
4.779881412687339015e+00	2.502591697368509050e-03	3.920928993099276165e-03	9.584238865392868609e-03	2.721520548998310630e-03
4.881177381527165515e+00	2.289125902309093255e-03	3.552527801733680081e-03	8.599167235142392979e-03	2.500997541252757920e-03
4.984620029838152888e+00	2.092999550374949943e-03	3.217020626278018283e-03	7.710302622946577610e-03	2.297531208381564834e-03
5.090254850375883322e+00	1.913006180539703494e-03	2.911872875706325841e-03	6.909466525789685620e-03	2.109993640213811764e-03
5.198128299985286915e+00	1.748064927674563163e-03	2.634807301765428045e-03	6.189324073683542295e-03	1.937368642068697114e-03
5.308287820031761584e+00	1.596640529840094190e-03	2.382759826275454226e-03	5.540427271994967894e-03	1.778199463466450820e-03
5.420781857265304815e+00	1.457719267318706565e-03	2.153652769579503679e-03	4.956267044643504482e-03	1.631519432923288476e-03
5.535659885126738011e+00	1.330415761688507345e-03	1.945681765387055054e-03	4.431210957835676756e-03	1.496491478114160426e-03
5.652972425505520704e+00	1.213930616809256232e-03	1.757225122568104817e-03	3.960221234338543242e-03	1.372360951700670297e-03
5.772771070958623518e+00	1.107145539179190145e-03	1.586102689455355695e-03	3.536787766891407586e-03	1.258036969455045891e-03
5.895108507400270703e+00	1.009322764653331535e-03	1.430861044634755379e-03	3.156519839089080327e-03	1.152817293436815419e-03
6.020038537272556667e+00	9.198165251845161596e-04	1.290218254983085738e-03	2.815550092968757689e-03	1.056078022088535002e-03
6.147616103207036886e+00	8.380390812548310468e-04	1.163022154239283339e-03	2.510427672997110268e-03	9.672583608051833932e-04
6.277897312187818990e+00	7.631811151506670337e-04	1.047749164872477162e-03	2.236766895180707614e-03	8.855589274619497363e-04
6.410939460226692255e+00	6.947087728728899717e-04	9.433746965737898303e-04	1.991578754343162512e-03	8.104569490399784202e-04
6.546801057561175696e+00	6.321539759786053234e-04	8.490087393360204113e-04	1.772281097006556333e-03	7.415007584111516685e-04
6.685541854386596761e+00	5.750871670731568007e-04	7.638310538448496662e-04	1.576505944940128495e-03	6.782667828026387510e-04
6.827222867133428963e+00	5.229264748046173359e-04	6.867877667510666195e-04	1.401334964612126676e-03	6.201764503124058059e-04
6.971906405301561804e+00	4.752878356545081747e-04	6.171670135176146078e-04	1.244770764262854469e-03	5.668463906199352424e-04
7.119656098863218929e+00	4.318341057824379571e-04	5.543484880831733505e-04	1.105081046059915809e-03	5.179435888935018722e-04
7.270536926246596643e+00	3.922532113630161871e-04	4.977601758104164414e-04	9.806809669828124489e-04	4.731579253259068636e-04
7.424615242912579127e+00	3.561295975032332563e-04	4.466761736415334068e-04	8.696398106183544094e-04	4.320668162050252180e-04
7.581958810536977289e+00	3.231885814040443981e-04	4.006063367255618957e-04	7.706364542484885408e-04	3.943931064280498480e-04
7.742636826811277295e+00	2.931888819021027763e-04	3.591222777998586053e-04	6.825223157395011358e-04	3.598929830699070030e-04
7.906719955874896399e+00	2.659051337982405359e-04	3.218275209236876565e-04	6.042449971500973935e-04	3.283384086428106294e-04
8.074280359392364659e+00	2.410425802208522540e-04	2.882265873699799532e-04	5.345405735378118764e-04	2.994243534935326885e-04
8.245391728289099831e+00	2.184059297283952035e-04	2.579848976790976157e-04	4.725453518708556911e-04	2.729499412036432674e-04
8.420129315159766037e+00	1.978236308221031242e-04	2.308101377785179995e-04	4.175087091842993132e-04	2.487395104967246367e-04
8.598569967363353328e+00	1.791339062475297316e-04	2.064290374573897816e-04	3.687368465070923291e-04	2.266251743108314680e-04
8.780792160819700598e+00	1.621291402927566114e-04	1.845067772670859246e-04	3.254123201126863252e-04	2.063882829852391404e-04
8.966876034522190508e+00	1.466713137574605160e-04	1.648162776072666850e-04	2.869743894354586061e-04	1.878837955603035513e-04
9.156903425781846906e+00	1.326392576517030481e-04	1.471597843797727543e-04	2.529377191783780451e-04	1.709854771045204319e-04
9.350957906218383187e+00	1.199175424440653167e-04	1.313504411125876947e-04	2.228494046601106572e-04	1.555707623286842309e-04
9.549124818513869073e+00	1.083609666932580206e-04	1.171640862560840947e-04	1.961868005049423574e-04	1.414834720394628567e-04
9.751491313945386707e+00	9.787257612189136460e-05	1.044482867638627237e-04	1.725907926683708008e-04	1.286200171062335830e-04
9.958146390713055851e+00	8.836658616197136504e-05	9.306918863196902590e-05	1.517482957217768168e-04	1.168886917731086549e-04
1.016918093308028581e+01	7.976346053102583247e-05	8.290307501929366303e-05	1.333723431338538329e-04	1.062038007917839302e-04
1.038468775134352740e+01	7.196005876667161880e-05	7.379838000104965679e-05	1.171272213378632177e-04	9.645142678799157340e-05
1.060476162264905220e+01	6.488946316754054349e-05	6.565452967325601235e-05	1.027868578242761730e-04	8.755893409873190779e-05
1.082949933267470577e+01	5.849249269416849204e-05	5.838284045308794106e-05	9.015330615719311909e-05	7.946123378834800530e-05
1.105899971819510696e+01	5.271128378460462492e-05	5.189854975860898095e-05	7.904078049524393087e-05	7.209475749552168942e-05
1.129336371054865928e+01	4.747651810536918538e-05	4.610380272302539535e-05	6.924217184690566857e-05	6.538128819771650828e-05
1.153269438002595848e+01	4.274116976629367714e-05	4.093142985396906134e-05	6.061424263048089160e-05	5.926835472975793305e-05
1.177709698119876869e+01	3.846429316250544393e-05	3.632305076262643369e-05	5.303316336576615811e-05	5.371004914066886197e-05
1.202667899920963279e+01	3.460533206839222492e-05	3.222207291618642581e-05	4.638122554709956736e-05	4.866065813918764375e-05
1.228155019704247053e+01	3.111689661390622664e-05	2.856488509378292940e-05	4.053061065983539488e-05	4.406545410957615397e-05
1.254182266379493349e+01	2.796655102203071048e-05	2.530734347905281737e-05	3.539192085735307178e-05	3.988728529094446619e-05
1.280761086397376225e+01	2.512615241536053783e-05	2.241135849607500186e-05	3.088861224572367575e-05	3.609390158016520820e-05
1.307903168783481007e+01	2.256748868074797323e-05	1.983955199070805292e-05	2.694701861202848471e-05	3.265270639488550947e-05
1.335620450278989146e+01	2.025837417242608022e-05	1.755090014291287435e-05	2.348902194189948439e-05	2.952559781158775156e-05
1.363925120590300821e+01	1.817658941218266931e-05	1.551670204236195964e-05	2.045959812351476884e-05	2.668642239492100658e-05
1.392829627749924271e+01	1.630292004791963616e-05	1.371229427364056260e-05	1.781179942921498778e-05	2.411273676023998382e-05
1.422346683590943783e+01	1.461788910836265729e-05	1.211320821784247419e-05	1.550005764367070422e-05	2.178133102499589055e-05
1.452489269337533528e+01	1.309978267054361765e-05	1.069319618109137196e-05	1.347706786575391512e-05	1.966579536628698424e-05
1.483270641313931115e+01	1.173348505342666010e-05	9.433797567107427877e-06	1.170939407692546584e-05	1.774798043195417415e-05
1.514704336774399174e+01	1.050596644582052761e-05	8.319116510089744480e-06	1.016842399911661213e-05	1.601215338017609186e-05
1.546804179856737527e+01	9.403882585074752892e-06	7.333369032147677081e-06	8.826449867248550431e-06	1.444202675446201182e-05
1.579584287661962527e+01	8.412683125494280599e-06	6.459896662070699871e-06	7.655116132799750990e-06	1.301943645196800323e-05
1.613059076462826624e+01	7.522157090019107943e-06	5.686889731921112590e-06	6.634227735689731588e-06	1.173177939646645370e-05
1.647243268043913034e+01	6.723529133061406281e-06	5.004247256182747980e-06	5.746649693009639145e-06	1.056813065445754698e-05
1.682151896176083383e+01	6.007726634232251288e-06	4.401843443990658478e-06	4.975637519789473350e-06	9.517120173205082052e-06
1.717800313228151410e+01	5.365066229431658886e-06	3.869206281496567525e-06	4.304387348715039043e-06	8.566344251995557790e-06
1.754204196918641045e+01	4.788699134495882761e-06	3.398858360084967903e-06	3.720861107661362769e-06	7.707046972668604395e-06
1.791379557210657580e+01	4.272756375659281132e-06	2.984440386757282533e-06	3.214903267887834962e-06	6.931773743906555226e-06
1.829342743352862044e+01	3.811117105752976215e-06	2.619513078304604778e-06	2.776505818924240578e-06	6.232608169394899186e-06
1.868110451069663469e+01	3.397381683713448244e-06	2.297553497000012715e-06	2.395817410908652738e-06	5.601093230274564718e-06
1.907699729903783492e+01	3.026989461121263969e-06	2.013870817932774935e-06	2.065738026476352331e-06	5.031238221117796711e-06
1.948127990714428748e+01	2.696042907064347402e-06	1.764495884909908735e-06	1.780315440573343710e-06	4.517962399383500373e-06
1.989413013334363711e+01	2.400444655996659430e-06	1.545368637661392871e-06	1.533623048781510909e-06	4.055764231037864640e-06
2.031572954389253738e+01	2.135994997166284769e-06	1.352465438332534714e-06	1.319955263533408719e-06	3.638950340543586438e-06
2.074626355282718393e+01	1.899679076888782895e-06	1.182878874739498680e-06	1.135186981209053922e-06	3.263449584105516419e-06
2.118592150350598402e+01	1.688927069665217833e-06	1.034141445145361940e-06	9.758424450443277325e-07	2.925778703812009344e-06
2.163489675188052530e+01	1.501017625378146203e-06	9.037274045108365836e-07	8.384699174762490722e-07	2.622191596126197820e-06
2.209338675153079734e+01	1.333214373696604706e-06	7.891772856491563906e-07	7.198009237454399609e-07	2.348857786839701076e-06
2.256159314050291798e+01	1.183539017294463119e-06	6.882398899635219954e-07	6.170117748966037709e-07	2.103011844706574346e-06
2.303972182998693796e+01	1.050309420251487682e-06	6.007736160919159260e-07	5.294184073126396792e-07	1.882312360901982843e-06
2.352798309487394945e+01	9.317324145695667262e-07	5.233942802302144938e-07	4.533017198777013150e-07	1.684206050878115916e-06
2.402659166623228870e+01	8.260379765672125629e-07	4.559828174029747985e-07	3.880917312612429163e-07	1.506129423586944465e-06
2.453576682574353285e+01	7.314870711500097568e-07	3.970628841271746015e-07	3.319301863644661753e-07	1.346233418414257361e-06
2.505573250213976877e+01	6.483385175421295292e-07	3.454279812644792864e-07	2.838397971869168092e-07	1.202934705972870868e-06
2.558671736968459953e+01	5.735996489568305408e-07	3.005905812681478243e-07	2.425501627977617985e-07	1.074516252292625662e-06
2.612895494874115698e+01	5.075204893263351211e-07	2.612771407248216796e-07	2.070947692951811337e-07	9.592730553212089266e-07
2.668268370847132687e+01	4.488826458060013936e-07	2.268888057754421941e-07	1.766066274770672048e-07	8.554646868867792437e-07
2.724814717171165412e+01	3.968296979723309311e-07	1.970065677325841610e-07	1.506081917823430549e-07	7.635543311630061096e-07
2.782559402207125743e+01	3.506332776730003265e-07	1.709390874532832140e-07	1.283230463733585823e-07	6.808674202892176988e-07
2.841527821329990999e+01	3.096353044156317853e-07	1.482234597128163819e-07	1.092539617840299063e-07	6.064106761078587458e-07
2.901745908097360527e+01	2.732069174475419635e-07	1.285076264611705506e-07	9.312738601236007153e-08	5.400566155547096840e-07
2.963240145654703639e+01	2.410390209344109984e-07	1.111849822951124862e-07	7.896355606624998941e-08	4.808672019169472073e-07
3.026037578382308624e+01	2.125255119401423356e-07	9.621221039908576270e-08	6.720945913587810105e-08	4.279583168959525488e-07
3.090165823789054755e+01	1.872848769915340146e-07	8.334907096750201287e-08	5.716299205707386531e-08	3.806698160398920235e-07
3.155653084658241525e+01	1.650315173079955394e-07	7.218437121117240982e-08	4.859972481846356798e-08	3.385160979105676906e-07
3.222528161450811979e+01	1.453029324394936382e-07	6.220243652215008221e-08	4.109940897422315056e-08	3.008649489868962561e-07
3.290820464971425707e+01	1.278424367330442106e-07	5.379629358448030009e-08	3.489102274992712310e-08	2.672605734853907875e-07
3.360560029302952501e+01	1.124243567451688005e-07	4.649788679423876728e-08	2.959849543486212629e-08	2.372873916558962451e-07
3.431777525015100849e+01	9.898097226287076817e-08	4.017780842662128863e-08	2.509923531109847338e-08	2.104947867320163000e-07
3.504504272652905428e+01	8.673459077039890903e-08	3.454132335232439844e-08	2.116974009343083450e-08	1.867132090657360064e-07
3.578772256511129513e+01	7.626543926477911711e-08	2.980490360153867199e-08	1.792512702952202063e-08	1.656642971636224520e-07
3.654614138700539883e+01	6.702683711725044266e-08	2.570216343202892956e-08	1.516648882344389196e-08	1.468022061825084680e-07
3.732063273512289925e+01	5.889479472445796852e-08	2.215781993353315041e-08	1.282768610146706766e-08	1.300845546037138790e-07
3.811153722086707774e+01	5.150237872030482912e-08	1.900450040821379430e-08	1.079067713607910711e-08	1.150429037558348276e-07
3.891920267392951160e+01	4.519469736326227015e-08	1.636065557186508213e-08	9.113017677631179342e-09	1.017629316483193327e-07
3.974398429526115706e+01	3.963949797556507317e-08	1.407585512535156202e-08	7.690413473974954880e-09	9.011603723598439782e-08
4.058624481328516254e+01	3.475965631550456375e-08	1.210665903745417828e-08	6.487512909905840380e-09	7.978732672706563580e-08
4.144635464342010778e+01	3.033305974776666799e-08	1.035904421484652170e-08	5.442762542274653289e-09	7.031353173964404181e-08
4.232469205098434628e+01	2.656323530025439271e-08	8.897109806996398298e-09	4.584558999299147474e-09	6.217435794651824678e-08
4.322164331755172384e+01	2.324982806507907113e-08	7.636620889267009695e-09	3.858708569964463747e-09	5.495133802017395119e-08
4.413760291083362119e+01	2.034525966388509554e-08	6.552846566878889963e-09	3.246611653464691417e-09	4.855811804287315662e-08
4.507297365816076251e+01	1.771612183639924284e-08	5.593422136761015415e-09	2.716491038668733118e-09	4.270562456796677714e-08
4.602816692364147144e+01	1.548141316930397017e-08	4.792609467376275300e-09	2.282107190043590542e-09	3.768642178613251843e-08
4.700360278907441369e+01	1.352127148826889772e-08	4.103799887558719483e-09	1.915719041130474182e-09	3.324068451104806251e-08
4.799971023869517950e+01	1.180658986141575939e-08	3.512989161937550091e-09	1.607590003837159162e-09	2.931331310816679196e-08
4.901692734783804895e+01	1.025786767091490769e-08	2.991244967925486149e-09	1.341452576569844200e-09	2.572521711159212080e-08
5.005570147559598126e+01	8.944074350060323233e-09	2.556744252571230254e-09	1.123934937020784066e-09	2.265356061128124251e-08
5.111648946156338980e+01	7.794077289725300100e-09	2.183897161999680635e-09	9.409514821190978858e-10	1.993805107200655140e-08
5.219975782674825382e+01	6.790219881674559354e-09	1.864877544190994199e-09	7.874884814060960837e-10	1.754390272001469227e-08
5.330598297874255564e+01	5.885502794616668101e-09	1.583857393366920917e-09	6.553123983019123785e-10	1.536098244452334593e-08
5.443565142123959077e+01	5.119545305006108976e-09	1.350360374028801446e-09	5.475574076168105170e-10	1.349568220732424442e-08
5.558925996799251124e+01	4.450476344703337333e-09	1.150468381674219018e-09	4.571478730524583205e-10	1.184983267428562308e-08
5.676731596130657209e+01	3.867676450254849107e-09	9.798442776954680296e-10	3.815246633467364332e-10	1.040157100987282909e-08
5.797033749516177181e+01	3.343584108296550211e-09	8.299191446055554928e-10	3.165724635464293140e-10	9.083787747048268670e-09
5.919885364306400533e+01	2.900753471911670113e-09	7.056370865695560803e-10	2.637604816685968950e-10	7.959825716052125188e-09
6.045340469072480261e+01	2.514740362213607175e-09	5.994972437224869369e-10	2.195697458553070530e-10	6.970013913807100269e-09
6.173454237367209174e+01	2.179212525171589461e-09	5.091155186892165084e-10	1.827043957417721306e-10	6.100713982976513962e-09
6.304283011989645757e+01	1.878138657526759040e-09	4.298940589927359570e-10	1.511275444138968057e-10	5.311328793039602017e-09
6.437884329763940627e+01	1.624240241641336027e-09	3.643693046106964504e-10	1.255166669398204311e-10	4.639238923087456543e-09
6.574316946843353549e+01	1.403365111630770051e-09	3.085374967865582417e-10	1.041407311693048111e-10	4.048441915998360762e-09
6.713640864550379206e+01	1.211769505486659938e-09	2.611084541919993635e-10	8.635647508988695162e-11	3.530548353705606464e-09
6.855917355764610477e+01	1.040204682776876076e-09	2.196370962811065852e-10	7.116550739177274154e-11	3.061167924912103631e-09
7.001208991869765441e+01	8.957780193050380581e-10	1.854097672256059743e-10	5.887539021482437160e-11	2.662162459569502986e-09
7.149579670271769771e+01	7.703634757574802922e-10	1.563099040166264310e-10	4.864368966612405891e-11	2.311981701120669502e-09
7.301094642500031284e+01	6.617650772402674831e-10	1.316423821623130398e-10	4.015203257422869243e-11	2.005485570368338340e-09
7.455820542904223203e+01	5.646889930589753127e-10	1.101189002116924518e-10	3.291626260536200003e-11	1.728113200718430276e-09
7.613825417959219521e+01	4.830649959969120820e-10	9.238424811019562304e-11	2.707402607336379642e-11	1.492534604504888102e-09
7.775178756191070306e+01	4.122625914128458271e-10	7.733049208263971734e-11	2.222013155172633749e-11	1.285944322160012617e-09
7.939951518737163383e+01	3.509993376628145013e-10	6.458728177988486223e-11	1.819943450904092809e-11	1.105199546211962088e-09
8.108216170554010205e+01	2.962628910965545325e-10	5.348107314007787791e-11	1.477928519529825106e-11	9.416540407835852533e-10
8.280046712286477373e+01	2.501942167800045327e-10	4.432934414843394817e-11	1.201971063046676825e-11	8.025403802506988383e-10
8.455518712812224180e+01	2.101623479627374645e-10	3.655543181742360368e-11	9.727318430108029806e-12	6.802637400266257022e-10
8.634709342475994731e+01	1.754032445868364048e-10	2.996023995152221624e-11	7.826307325725457260e-12	5.728329170818109783e-10
8.817697407028136070e+01	1.441841831287019146e-10	2.418998363171147082e-11	6.204925495837813075e-12	4.750463584143958330e-10
9.004563382282356088e+01	1.176065506837887568e-10	1.939126086265175614e-11	4.887132699493718958e-12	3.908044666547252067e-10
9.195389449507966617e+01	9.409796842653563765e-11	1.525292438281862555e-11	3.778329317913212225e-12	3.153212894558277679e-10
9.390259531572145590e+01	7.303754754370959045e-11	1.164381187510596849e-11	2.836194703453860479e-12	2.467628385356018566e-10
9.589259329848152902e+01	5.306152831989001889e-11	8.323644318416365638e-12	1.994763677081778509e-12	1.807090315098274763e-10
9.792476361905691817e+01	3.362054809059907202e-11	5.192850594772319881e-12	1.225273511766520509e-12	1.153818004777723084e-10
