# Data associated with arXiv:2110.09653
# 
# Scale-free gravitational potential, Phi(r), of a einasto0-16 dark matter distribution (see Eq. 12 and the surrounding discussion)
# 
# Published: 3/29/22, Jack Runburg, contact: runburg@hawaii.edu
# 
# 
# -----------------------------------------------------------------
# 
# 	 tilde r 		 | 		 tilde Phi
# 
# -----------------------------------------------------------------
1.000000000000000082e-05	7.940901977098515795e-07
1.016902569856036418e-05	8.173891094972206084e-07
1.034090836579813217e-05	8.413613955698453751e-07
1.051569629182590727e-05	8.660261861842405335e-07
1.069343858298338107e-05	8.914031444509273310e-07
1.087418517563349352e-05	9.175124808392103446e-07
1.105798685019213608e-05	9.443749680662549707e-07
1.124489524539464294e-05	9.720119563802173485e-07
1.143496287280373749e-05	1.000445389247616309e-06
1.162824313156251011e-05	1.029697819455215297e-06
1.182479032339672186e-05	1.059792425637032672e-06
1.202465966787094358e-05	1.090753029237381380e-06
1.222790731790219642e-05	1.122604111920963721e-06
1.243459037553620304e-05	1.155370833441531335e-06
1.264476690798990365e-05	1.189079049980663084e-06
1.285849596396550032e-05	1.223755332968734008e-06
1.307583759024001738e-05	1.259426988400232413e-06
1.329685284853523648e-05	1.296122076656000338e-06
1.352160383267306994e-05	1.333869432845304494e-06
1.375015368602047702e-05	1.372698687680783466e-06
1.398256661922970337e-05	1.412640288899898459e-06
1.421890792827791775e-05	1.453725523246547038e-06
1.445924401281218556e-05	1.495986539027128701e-06
1.470364239480425140e-05	1.539456369255433220e-06
1.495217173752060936e-05	1.584168955401224417e-06
1.520490186481353606e-05	1.630159171757774406e-06
1.546190378073772831e-05	1.677462850443766440e-06
1.572324968949899453e-05	1.726116807055666753e-06
1.598901301573965207e-05	1.776158866986704558e-06
1.625926842516730133e-05	1.827627892429344316e-06
1.653409184553174079e-05	1.880563810078161715e-06
1.681356048795696318e-05	1.935007639550832698e-06
1.709775286863338809e-05	1.991001522545008834e-06
1.738674883087671066e-05	2.048588752749486544e-06
1.768062956756000055e-05	2.107813806528556885e-06
1.797947764392438726e-05	2.168722374398579548e-06
1.828337702077590442e-05	2.231361393316717863e-06
1.859241307807381921e-05	2.295779079801751124e-06
1.890667263891824960e-05	2.362024963907853752e-06
1.922624399394281931e-05	2.430149924072260038e-06
1.955121692611963820e-05	2.500206222858536210e-06
1.988168273598394005e-05	2.572247543617671568e-06
2.021773426728446277e-05	2.646329028089435060e-06
2.055946593306806188e-05	2.722507314967460957e-06
2.090697374220454717e-05	2.800840579451511192e-06
2.126035532636048084e-05	2.881388573811480017e-06
2.161970996742848953e-05	2.964212668987778200e-06
2.198513862542019826e-05	3.049375897253619556e-06
2.235674396683105304e-05	3.136942995965339510e-06
2.273463039348393747e-05	3.226980452427142205e-06
2.311890407186101566e-05	3.319556549897836907e-06
2.350967296293065580e-05	3.414741414767126596e-06
2.390704685247916156e-05	3.512607064930307135e-06
2.431113738195477895e-05	3.613227459390316339e-06
2.472205807983296721e-05	3.716678549117078518e-06
2.513992439351238667e-05	3.823038329194864257e-06
2.556485372174920653e-05	3.932386892288587644e-06
2.599696544764047972e-05	4.044806483461429371e-06
2.643638097216418787e-05	4.160381556376083073e-06
2.688322374828698802e-05	4.279198830913492668e-06
2.733761931564792142e-05	4.401347352242979379e-06
2.779969533582839453e-05	4.526918551378904808e-06
2.826958162821882354e-05	4.656006307259813047e-06
2.874741020649071774e-05	4.788707010386329408e-06
2.923331531568612113e-05	4.925119628055720494e-06
2.972743346993304866e-05	5.065345771230937323e-06
3.022990349079926684e-05	5.209489763083797900e-06
3.074086654629380722e-05	5.357658709251984257e-06
3.126046619052763072e-05	5.509962569850938440e-06
3.178884840404535552e-05	5.666514233282780406e-06
3.232616163483768439e-05	5.827429591884570670e-06
3.287255684004812447e-05	5.992827619460320857e-06
3.342818752838356790e-05	6.162830450740888516e-06
3.399320980324275641e-05	6.337563462818158353e-06
3.456778240657304527e-05	6.517155358599793449e-06
3.515206676346841592e-05	6.701738252332584086e-06
3.574622702752206616e-05	6.891447757243545810e-06
3.635043012694450139e-05	7.086423075348192786e-06
3.696484581146223093e-05	7.286807089477757117e-06
3.758964670000808795e-05	7.492746457576899451e-06
3.822500832921870388e-05	7.704391709325977006e-06
3.887110920275097572e-05	7.921897345141854641e-06
3.952813084143210176e-05	8.145421937613250406e-06
4.019625783425803943e-05	8.375128235427851280e-06
4.087567789025284005e-05	8.611183269848820193e-06
4.156658189120576708e-05	8.853758463800986153e-06
4.226916394529853092e-05	9.103029743626675553e-06
4.298362144164019741e-05	9.359177653574180173e-06
4.371015510572303796e-05	9.622387473081647370e-06
4.444896905581571312e-05	9.892849336921517419e-06
4.520027086031053377e-05	1.017075835827212376e-05
4.596427159603870473e-05	1.045631475478334803e-05
4.674118590757267352e-05	1.074972397770650829e-05
4.753123206752940771e-05	1.105119684415807429e-05
4.833463203789430644e-05	1.136094967259042910e-05
4.915161153238073493e-05	1.167920442154254215e-05
4.998240007984356624e-05	1.200618883174618876e-05
5.082723108876559525e-05	1.234213657166503157e-05
5.168634191283236288e-05	1.268728738654410457e-05
5.255997391761710167e-05	1.304188725105121165e-05
5.344837254839108326e-05	1.340618852559079050e-05
5.435178739908172257e-05	1.378045011637522662e-05
5.527047228239525742e-05	1.416493763933800887e-05
5.620468530112457639e-05	1.455992358797629636e-05
5.715468892066349253e-05	1.496568750521250576e-05
5.812075004274504757e-05	1.538251615936466585e-05
5.910314008042789533e-05	1.581070372431979352e-05
6.010213503434843707e-05	1.625055196400362586e-05
6.111801557026345553e-05	1.670237042124487269e-05
6.215106709790228898e-05	1.716647661113160844e-05
6.320157985115178797e-05	1.764319621896104226e-05
6.426984896959787321e-05	1.813286330288619777e-05
6.535617458144342038e-05	1.863582050136308076e-05
6.646086188782971240e-05	1.915241924550732449e-05
6.758422124858115099e-05	1.968301997646790258e-05
6.872656826940111863e-05	2.022799236793127638e-05
6.988822389054047174e-05	2.078771555386856455e-05
7.106951447696465861e-05	2.136257836164243552e-05
7.227077191004629639e-05	2.195297955059311731e-05
7.349233368080552791e-05	2.255932805622288176e-05
7.473454298472863809e-05	2.318204324010459446e-05
7.599774881818697982e-05	2.382155514563804804e-05
7.728230607648789517e-05	2.447830475978489791e-05
7.858857565358148443e-05	2.515274428091147127e-05
7.991692454345255051e-05	2.584533739287384304e-05
8.126772594322802224e-05	2.655655954548253358e-05
8.264135935802465773e-05	2.728689824148384754e-05
8.403821070757165439e-05	2.803685333020241200e-05
8.545867243463269578e-05	2.880693730798684947e-05
8.690314361526321394e-05	2.959767562560895100e-05
8.837203007092955202e-05	3.040960700276462762e-05
8.986574448252320402e-05	3.124328374983094923e-05
9.138470650630395851e-05	3.209927209703679530e-05
9.292934289180014931e-05	3.297815253120424200e-05
9.450008760170456993e-05	3.388052014022641621e-05
9.609738193379394305e-05	3.480698496544431473e-05
9.772167464491231779e-05	3.575817236209523743e-05
9.937342207704681467e-05	3.673472336800138072e-05
1.010530882855375953e-04	3.773729508067808744e-05
1.027611451694522251e-04	3.876656104303731964e-05
1.044980726041651943e-04	3.982321163787126478e-05
1.062643585761784858e-04	4.090795449130131133e-05
1.080604993202192510e-04	4.202151488538069941e-05
1.098869994586575572e-04	4.316463618004682271e-05
1.117443721432778697e-04	4.433808024461644752e-05
1.136331391994486811e-04	4.554262789902731307e-05
1.155538312727281931e-04	4.677907936502868257e-05
1.175069879779481330e-04	4.804825472752960837e-05
1.194931580508180820e-04	4.935099440631719102e-05
1.215128995020904455e-04	5.068815963835926713e-05
1.235667797743341897e-04	5.206063297091461436e-05
1.256553759013554958e-04	5.346931876567093567e-05
1.277792746703147969e-04	5.491514371414186319e-05
1.299390727865835948e-04	5.639905736455409259e-05
1.321353770413874452e-04	5.792203266046121440e-05
1.343688044822834680e-04	5.948506649132631054e-05
1.366399825865173903e-04	6.108918025531661115e-05
1.389495494373137348e-04	6.273542043456352185e-05
1.412981539031428761e-04	6.442485918313844528e-05
1.436864558200198782e-04	6.615859492800648897e-05
1.461151261768842277e-04	6.793775298322017912e-05
1.485848473041125864e-04	6.976348617762184560e-05
1.510963130652191798e-04	7.163697549632866955e-05
1.536502290517936125e-04	7.355943073627563180e-05
1.562473127817378576e-04	7.553209117610457037e-05
1.588882939008491742e-04	7.755622626068024998e-05
1.615739143878149021e-04	7.963313630053398472e-05
1.643049287626683534e-04	8.176415318652592188e-05
1.670821042987704773e-04	8.395064112003465951e-05
1.699062212383743503e-04	8.619399735898032209e-05
1.727780730118311508e-04	8.849565297999398153e-05
1.756984664605053779e-04	9.085707365705713917e-05
1.786682220634525510e-04	9.327976045692915681e-05
1.816881741679340619e-04	9.576525065170150429e-05
1.847591712238235014e-04	9.831511854880634733e-05
1.878820760219775598e-04	1.009309763388273014e-04
1.910577659366365815e-04	1.036144749614581581e-04
1.942871331719188508e-04	1.063673049899593469e-04
1.975710850124866975e-04	1.091911975344790544e-04
2.009105440784431595e-04	1.120879251645941850e-04
2.043064485845435532e-04	1.150593028514531143e-04
2.077597526037827484e-04	1.181071889298875352e-04
2.112714263354412516e-04	1.212334860808845913e-04
2.148424563776607336e-04	1.244401423348050423e-04
2.184738460046266035e-04	1.277291520957448356e-04
2.221666154484372088e-04	1.311025571874438272e-04
2.259218021857336319e-04	1.345624479211460461e-04
2.297404612291798821e-04	1.381109641858361159e-04
2.336236654238643619e-04	1.417502965612630716e-04
2.375725057487147664e-04	1.454826874541897117e-04
2.415880916230062926e-04	1.493104322582979948e-04
2.456715512180506823e-04	1.532358805381948139e-04
2.498240317741551374e-04	1.572614372379689865e-04
2.540466999229345113e-04	1.613895639147503542e-04
2.583407420150777146e-04	1.656227799977447591e-04
2.627073644536481322e-04	1.699636640732034624e-04
2.671477940330213769e-04	1.744148551958144336e-04
2.716632782835508839e-04	1.789790542269961661e-04
2.762550858220584886e-04	1.836590252005857024e-04
2.809245067082517420e-04	1.884575967164262185e-04
2.856728528071605542e-04	1.933776633623511629e-04
2.905014581577071149e-04	1.984221871650942060e-04
2.954116793474984839e-04	2.035941990706318348e-04
3.004048958939589458e-04	2.088968004545009951e-04
3.054825106319022541e-04	2.143331646626230643e-04
3.106459501076553839e-04	2.199065385831812185e-04
3.158966649798455200e-04	2.256202442501070899e-04
3.212361304269563162e-04	2.314776804787304178e-04
3.266658465617811426e-04	2.374823245341743151e-04
3.321873388528732334e-04	2.436377338330577408e-04
3.378021585531251671e-04	2.499475476791034414e-04
3.435118831355896260e-04	2.564154890332371543e-04
3.493181167366675791e-04	2.630453663187827616e-04
3.552224906067888996e-04	2.698410752623656150e-04
3.612266635687054364e-04	2.768066007711319988e-04
3.673323224835388411e-04	2.839460188469296949e-04
3.735411827246973185e-04	2.912634985380627129e-04
3.798549886598084251e-04	2.987633039292815484e-04
3.862755141407951480e-04	3.064497961706504374e-04
3.928045630022363724e-04	3.143274355459554090e-04
3.994439695681523583e-04	3.224007835813237719e-04
4.061955991673505371e-04	3.306745051947236049e-04
4.130613486574917070e-04	3.391533708870467928e-04
4.200431469580040238e-04	3.478422589754474317e-04
4.271429555920115370e-04	3.567461578696590934e-04
4.343627692374198417e-04	3.658701683919916674e-04
4.417046162873167637e-04	3.752195061417302937e-04
4.491705594198478857e-04	3.847995039046725593e-04
4.567626961777168084e-04	3.946156141085258202e-04
4.644831595574927248e-04	4.046734113249373602e-04
4.723341186088662533e-04	4.149785948188847769e-04
4.803177790440425624e-04	4.255369911462132931e-04
4.884363838574312710e-04	4.363545568000805602e-04
4.966922139558113680e-04	4.474373809070979289e-04
5.050875887991499369e-04	4.587916879739577019e-04
5.136248670522445235e-04	4.704238406853365360e-04
5.223064472473935762e-04	4.823403427539087445e-04
5.311347684582509721e-04	4.945478418232488252e-04
5.401123109850867847e-04	5.070531324244924179e-04
5.492415970516181150e-04	5.198631589875510632e-04
5.585251915136241153e-04	5.329850189077511586e-04
5.679657025795404723e-04	5.464259656687410569e-04
5.775657825432239500e-04	5.601934120225141511e-04
5.873281285291183634e-04	5.742949332274504366e-04
5.972554832499969713e-04	5.887382703452065076e-04
6.073506357775315233e-04	6.035313335973940992e-04
6.176164223258701069e-04	6.186822057828927435e-04
6.280557270484683893e-04	6.341991457567357866e-04
6.386714828483902292e-04	6.500905919714656395e-04
6.494666722022935214e-04	6.663651660818681278e-04
6.604443279983617009e-04	6.830316766140501206e-04
6.716075343883770371e-04	7.000991226997405927e-04
6.829594276542177208e-04	7.175766978768246228e-04
6.945031970889825731e-04	7.354737939569980709e-04
7.062420858930204982e-04	7.538000049615516769e-04
7.181793920851009278e-04	7.725651311262279452e-04
7.303184694289851413e-04	7.917791829761270305e-04
7.426627283756636558e-04	8.114523854716611511e-04
7.552156370215079703e-04	8.315951822265067479e-04
7.679807220826359018e-04	8.522182397986174506e-04
7.809615698857278474e-04	8.733324520552252770e-04
7.941618273756021005e-04	8.949489446129024490e-04
8.075852031398165869e-04	9.170790793536682823e-04
8.212354684505887787e-04	9.397344590181735263e-04
8.351164583243314002e-04	9.629269318770014704e-04
8.492320725990840828e-04	9.866685964810943416e-04
8.635862770301777234e-04	1.010971806492398086e-03
8.781831044043956558e-04	1.035849175595709992e-03
8.930266556729828109e-04	1.061313582492840564e-03
9.081211011037989590e-04	1.087378175980112383e-03
9.234706814529467173e-04	1.114056380110273105e-03
9.390797091562086895e-04	1.141361899439904092e-03
9.549525695406079406e-04	1.169308724363354868e-03
9.710937220564705170e-04	1.197911136534356158e-03
9.875077015302894702e-04	1.227183714376308288e-03
1.004199119438780371e-03	1.257141338682400298e-03
1.021172665204465608e-03	1.287799198306607742e-03
1.038433107513160114e-03	1.319172795946686782e-03
1.055985295653722377e-03	1.351277954020239664e-03
1.073834160880457900e-03	1.384130820634971995e-03
1.091984717798539194e-03	1.417747875654217990e-03
1.110442065772854507e-03	1.452145936858859976e-03
1.129211390360662605e-03	1.487342166206730458e-03
1.148297964768467102e-03	1.523354076190610012e-03
1.167707151333511727e-03	1.560199536295921044e-03
1.187444403030319794e-03	1.597896779559228493e-03
1.207515265002700490e-03	1.636464409228660308e-03
1.227925376121640280e-03	1.675921405527329303e-03
1.248680470569537605e-03	1.716287132520896101e-03
1.269786379451208914e-03	1.757581345090347604e-03
1.291249032432127903e-03	1.799824196011115540e-03
1.313074459404352896e-03	1.843036243139615799e-03
1.335268792180613557e-03	1.887238456708316848e-03
1.357838266217031810e-03	1.932452226730431606e-03
1.380789222364966172e-03	1.978699370515327183e-03
1.404128108652453718e-03	2.026002140295705880e-03
1.427861482095777682e-03	2.074383230967695880e-03
1.451996010541646868e-03	2.123865787944878136e-03
1.476538474540514635e-03	2.174473415127336270e-03
1.501495769251562883e-03	2.226230182986805878e-03
1.526874906379880551e-03	2.279160636768948027e-03
1.552683016146397385e-03	2.333289804813839380e-03
1.578927349291094897e-03	2.388643206995657783e-03
1.605615279110095620e-03	2.445246863282662681e-03
1.632754303527175332e-03	2.503127302418446578e-03
1.660352047200289172e-03	2.562311570725470198e-03
1.688416263663707062e-03	2.622827241031905256e-03
1.716954837506350865e-03	2.684702421722741979e-03
1.745975786586963620e-03	2.747965765916183124e-03
1.775487264286699802e-03	2.812646480766201398e-03
1.805497561799810540e-03	2.878774336892313268e-03
1.836015110463037458e-03	2.946379677937425653e-03
1.867048484124379315e-03	3.015493430254692717e-03
1.898606401551900620e-03	3.086147112724301270e-03
1.930697728883249645e-03	3.158372846701039145e-03
1.963331482116591892e-03	3.232203366093550773e-03
1.996516829643624896e-03	3.307672027576047998e-03
2.030263094825430960e-03	3.384812820933416361e-03
2.064579758611852570e-03	3.463660379540413337e-03
2.099476462205150749e-03	3.544249990975813745e-03
2.134963009768679927e-03	3.626617607772211847e-03
2.171049371181348660e-03	3.710799858302256393e-03
2.207745684838647703e-03	3.796834057802025986e-03
2.245062260500998302e-03	3.884758219532169227e-03
2.283009582190270292e-03	3.974611066077561247e-03
2.321598311135244109e-03	4.066432040786046448e-03
2.360839288766866315e-03	4.160261319346889378e-03
2.400743539764126078e-03	4.256139821509492306e-03
2.441322275151419988e-03	4.354109222942931581e-03
2.482586895448264750e-03	4.454211967236822341e-03
2.524548993872262424e-03	4.556491278043998602e-03
2.567220359596177753e-03	4.660991171365382567e-03
2.610612981060093842e-03	4.767756467977552273e-03
2.654739049339540410e-03	4.876832806003293837e-03
2.699610961570552640e-03	4.988266653625503429e-03
2.745241324432623389e-03	5.102105321944712217e-03
2.791642957690524101e-03	5.218396977980490140e-03
2.838828897796003177e-03	5.337190657816971370e-03
2.886812401550338004e-03	5.458536280217926064e-03
2.935606949828818354e-03	5.582484658810290580e-03
2.985226251368169013e-03	5.709087517469828982e-03
3.035684246617996723e-03	5.838397502881370604e-03
3.086995111657330013e-03	5.970468198687366515e-03
3.139173262177360861e-03	6.105354139499747160e-03
3.192233357531519197e-03	6.243110825056101196e-03
3.246190304853968818e-03	6.383794734519807751e-03
3.301059263247754609e-03	6.527463340924136853e-03
3.356855648043719550e-03	6.674175125759835778e-03
3.413595135131412741e-03	6.823989593705960185e-03
3.471293665363201029e-03	6.976967287503495554e-03
3.529967449032819348e-03	7.133169802971350837e-03
3.589632970429635240e-03	7.292659804164184842e-03
3.650306992469857896e-03	7.455501038671395742e-03
3.712006561406061729e-03	7.621758353056786242e-03
3.774749011616297320e-03	7.791497708438040529e-03
3.838551970474150202e-03	7.964786196205275726e-03
3.903433363301120080e-03	8.141692053877831736e-03
3.969411418402700453e-03	8.322284681098315873e-03
4.036504672189604979e-03	8.506634655762998487e-03
4.104731974385511864e-03	8.694813750287310600e-03
4.174112493322873658e-03	8.886894948005499839e-03
4.244665721328222743e-03	9.082952459703055176e-03
4.316411480198500787e-03	9.283061740280687882e-03
4.389369926769958255e-03	9.487299505548369913e-03
4.463561558581177410e-03	9.695743749148093976e-03
4.539007219631814756e-03	9.908473759603658726e-03
4.615728106238700494e-03	1.012557013749597508e-02
4.693745772990876204e-03	1.034711481276196290e-02
4.773082138805334954e-03	1.057319106211541612e-02
4.853759493085097083e-03	1.080388352658783434e-02
4.935800501981372872e-03	1.103927822918715843e-02
5.019228214761578891e-03	1.127946259267238911e-02
5.104066070284974874e-03	1.152452545744183342e-02
5.190337903587798063e-03	1.177455709953275503e-02
5.278067952579629761e-03	1.202964924872983524e-02
5.367280864853020243e-03	1.228989510678021174e-02
5.458001704608171807e-03	1.255538936571227136e-02
5.550255959694683563e-03	1.282622822625556144e-02
5.644069548772311269e-03	1.310250941668045059e-02
5.739468828592763153e-03	1.338433221017504282e-02
5.836480601404602127e-03	1.367179744533941234e-02
5.935132122483251921e-03	1.396500754382901804e-02
6.035451107788337120e-03	1.426406652951419177e-02
6.137465741750428375e-03	1.456908004744357325e-02
6.241204685189401941e-03	1.488015538288647507e-02
6.346697083366644419e-03	1.519740148045064035e-02
6.453972574173352621e-03	1.552092896327159771e-02
6.563061296457267831e-03	1.585085015226982141e-02
6.673993898490092683e-03	1.618727908547141700e-02
6.786801546578089504e-03	1.653033153738864280e-02
6.901515933818189001e-03	1.688012503845561299e-02
7.018169289002107285e-03	1.723677889451507433e-02
7.136794385670962304e-03	1.760041420635152440e-02
7.257424551322942327e-03	1.797115388926613655e-02
7.380093676776592997e-03	1.834912269268871784e-02
7.504836225692410046e-03	1.873444721982174890e-02
7.631687244255296390e-03	1.912725594731127035e-02
7.760682371020751966e-03	1.952767924493974128e-02
7.891857846927448697e-03	1.993584939533523531e-02
8.025250525479058969e-03	2.035190061369163833e-02
8.160897883098169533e-03	2.077596906749408501e-02
8.298838029655216872e-03	2.120819289624398946e-02
8.439109719175405186e-03	2.164871223117768861e-02
8.581752360726531761e-03	2.209766921497242909e-02
8.726806029490927208e-03	2.255520802143381326e-02
8.874311478024487360e-03	2.302147487515806765e-02
9.024310147706032098e-03	2.349661807116261089e-02
9.176844180380181251e-03	2.398078799447832948e-02
9.331956430197019259e-03	2.447413713969662924e-02
9.489690475651922641e-03	2.497682013046437915e-02
9.650090631828802876e-03	2.548899373891922587e-02
9.813201962850383320e-03	2.601081690505850641e-02
9.979070294538865127e-03	2.654245075603377940e-02
1.014774222729061814e-02	2.708405862536364395e-02
1.031926514916845991e-02	2.763580607205682466e-02
1.049368724921524200e-02	2.819786089963763689e-02
1.067105753099251327e-02	2.877039317506591490e-02
1.085142582634790812e-02	2.935357524754245856e-02
1.103484280941536416e-02	2.994758176719238690e-02
1.122136001085190064e-02	3.055258970395202320e-02
1.141102983231507065e-02	3.116877836469169466e-02
1.160390556118510476e-02	3.179632941334421814e-02
1.180004138553588516e-02	3.243542688780821220e-02
1.199949240935904021e-02	3.308625721817683163e-02
1.220231466804522213e-02	3.374900924449834166e-02
1.240856514412720830e-02	3.442387423435074728e-02
1.261830178328901021e-02	3.511104590021983662e-02
1.283158351064561664e-02	3.581072041667110462e-02
1.304847024729788307e-02	3.652309643730523164e-02
1.326902292716726148e-02	3.724837511148680613e-02
1.349330351411505598e-02	3.798676010083590349e-02
1.372137501935110325e-02	3.873845759547199508e-02
1.395330151913657356e-02	3.950367632999867568e-02
1.418914817278613301e-02	4.028262759921936997e-02
1.442898124097431733e-02	4.107552527357189592e-02
1.467286810435134044e-02	4.188258581427097005e-02
1.492087728247356443e-02	4.270402828814724022e-02
1.517307845305392207e-02	4.354007438217091103e-02
1.542954247153780281e-02	4.439094841764869293e-02
1.569034139100966910e-02	4.525687736408123135e-02
1.595554848243628532e-02	4.613809085266989962e-02
1.622523825525205854e-02	4.703482118945997298e-02
1.649948647829230924e-02	4.794730336810799909e-02
1.677837020108039270e-02	4.887577508226069456e-02
1.706196777547459506e-02	4.982047673753269706e-02
1.735035887768101442e-02	5.078165146307039163e-02
1.764362453063833894e-02	5.175954512268812063e-02
1.794184712678114843e-02	5.275440632556455123e-02
1.824511045118791530e-02	5.376648643648519049e-02
1.855349970512023758e-02	5.479603958561751059e-02
1.886710152996000367e-02	5.584332267780570819e-02
1.918600403155108769e-02	5.690859539879841028e-02
1.951029680495259405e-02	5.799212023043030795e-02
1.984007095961033348e-02	5.909416245169214071e-02
2.017541914495388569e-02	6.021499014905871972e-02
2.051643557642630553e-02	6.135487422912616617e-02
2.086321606195374462e-02	6.251408839890408575e-02
2.121585802886252412e-02	6.369290921654345572e-02
2.157446055125112477e-02	6.489161604175359976e-02
2.193912437782497352e-02	6.611049109944069913e-02
2.230995196020145455e-02	6.734981941997887633e-02
2.268704748169360005e-02	6.860988890882493973e-02
2.307051688658016617e-02	6.989099027936025721e-02
2.346046790987047978e-02	7.119341712796380117e-02
2.385701010757239338e-02	7.251746586864220301e-02
2.426025488747183059e-02	7.386343576065071415e-02
2.467031554043257191e-02	7.523162894179991067e-02
2.508730727222522119e-02	7.662235036356548901e-02
2.551134723589388795e-02	7.803590781960008382e-02
2.594255456467021298e-02	7.947261197880584049e-02
2.638105040544361582e-02	8.093277631378656412e-02
2.682695795279727360e-02	8.241671712945099204e-02
2.728040248361941061e-02	8.392475359478970831e-02
2.774151139229957819e-02	8.545720766624033404e-02
2.821041422651998296e-02	8.701440411541393194e-02
2.868724272365149111e-02	8.859667055852128714e-02
2.917213084776511603e-02	9.020433737627427118e-02
2.966521482726893269e-02	9.183773773973093191e-02
3.016663319318120540e-02	9.349720763632521359e-02
3.067652681805041123e-02	9.518308578792489261e-02
3.119503895553308453e-02	9.689571367380543643e-02
3.172231528064078931e-02	9.863543555218604042e-02
3.225850393066707206e-02	1.004025983781379472e-01
3.280375554680643041e-02	1.021975518226384688e-01
3.335822331647670530e-02	1.040206482885738942e-01
3.392206301635675159e-02	1.058722428301243218e-01
3.449543305615163091e-02	1.077526931668527505e-01
3.507849452309746291e-02	1.096623596932951444e-01
3.567141122721874391e-02	1.116016053930589946e-01
3.627434974735024853e-02	1.135707958877824886e-01
3.688747947793717674e-02	1.155702993517510047e-01
3.751097267662616142e-02	1.176004865405518018e-01
3.814500451266075037e-02	1.196617307321631019e-01
3.878975311609485915e-02	1.217544077191495822e-01
3.944539962783806530e-02	1.238788957722810058e-01
4.011212825054691344e-02	1.260355756189628085e-01
4.079012630037611581e-02	1.282248304216900558e-01
4.147958425960481671e-02	1.304470457092609392e-01
4.218069583015218033e-02	1.327026094125788314e-01
4.289365798799760210e-02	1.349919117506798993e-01
4.361867103852071215e-02	1.373153452850771339e-01
4.435593867277683178e-02	1.396733047898755242e-01
4.510566802472350950e-02	1.420661873150132481e-01
4.586806972941463723e-02	1.444943920587007935e-01
4.664335798217766893e-02	1.469583203643031466e-01
4.743175059879158745e-02	1.494583757285458114e-01
4.823346907668181471e-02	1.519949636527788139e-01
4.904873865714945436e-02	1.545684917238278056e-01
4.987778838865244979e-02	1.571793694599312174e-01
5.072085119115625484e-02	1.598280083101688842e-01
5.157816392157245355e-02	1.625148216604096474e-01
5.244996744030298863e-02	1.652402246834509258e-01
5.333650667890960095e-02	1.680046343379104079e-01
5.423803070892688205e-02	1.708084693716103164e-01
5.515479281183843091e-02	1.736521501636117404e-01
5.608705055023580077e-02	1.765360987212456212e-01
5.703506584018021297e-02	1.794607386794884185e-01
5.799910502478755614e-02	1.824264951374306720e-01
5.897943894905668949e-02	1.854337946700894413e-01
5.997634303596301869e-02	1.884830652323282729e-01
6.099009736383805003e-02	1.915747361723572906e-01
6.202098674505685666e-02	1.947092380582481908e-01
6.306930080605555045e-02	1.978870026684326211e-01
6.413533406870128295e-02	2.011084629799100021e-01
6.521938603303781279e-02	2.043740529945935747e-01
6.632176126142910744e-02	2.076842077237583406e-01
6.744276946412586238e-02	2.110393631677373871e-01
6.858272558627788451e-02	2.144399561301719992e-01
6.974194989641739617e-02	2.178864242681803898e-01
7.092076807643786507e-02	2.213792059038274529e-01
7.211951131309368712e-02	2.249187400520452074e-01
7.333851639104646547e-02	2.285054662492685129e-01
7.457812578748428123e-02	2.321398245569463448e-01
7.583868776833958825e-02	2.358222554068321042e-01
7.712055648613416747e-02	2.395531995805202097e-01
7.842409207947753647e-02	2.433330980923270603e-01
7.974966077424722188e-02	2.471623921168056570e-01
8.109763498647923341e-02	2.510415228722482905e-01
8.246839342699753550e-02	2.549709315825493539e-01
8.386232120781254851e-02	2.589510593674606564e-01
8.527980995031705924e-02	2.629823471066300988e-01
8.672125789531190398e-02	2.670652354389396188e-01
8.818707001489085873e-02	2.712001645592440058e-01
8.967765812621682209e-02	2.753875742378845692e-01
9.119344100722104329e-02	2.796279036198236478e-01
9.273484451425793862e-02	2.839215911677227533e-01
9.430230170174896953e-02	2.882690746178311336e-01
9.589625294384790388e-02	2.926707907739361514e-01
9.751714605816352854e-02	2.971271754536539134e-01
9.916543643157306465e-02	3.016386634447434378e-01
1.008415871481621734e-01	3.062056882644131894e-01
1.025460691193275653e-01	3.108286822067237720e-01
1.042793612160791694e-01	3.155080760986332944e-01
1.060419504035768068e-01	3.202442992669528032e-01
1.078343318779438342e-01	3.250377793863241105e-01
1.096570092053898021e-01	3.298889424527223779e-01
1.115104944636879369e-01	3.347982125420280730e-01
1.133953083860418237e-01	3.397660117566951854e-01
1.153119805073836990e-01	3.447927601756556881e-01
1.172610493131479026e-01	3.498788756074797113e-01
1.192430623905555293e-01	3.550247735345341549e-01
1.212585765824598510e-01	3.602308670578064920e-01
1.233081581437884267e-01	3.654975666480003160e-01
1.253923829006330093e-01	3.708252800858635179e-01
1.275118364120260972e-01	3.762144124004048740e-01
1.296671141344518663e-01	3.816653656214453738e-01
1.318588215891403626e-01	3.871785387146950419e-01
1.340875745321854495e-01	3.927543275119823041e-01
1.363539991275424801e-01	3.983931244518265080e-01
1.386587321229457159e-01	4.040953185921017932e-01
1.410024210288032542e-01	4.098612953627618904e-01
1.433857243001131487e-01	4.156914364849364496e-01
1.458093115214542101e-01	4.215861198805471721e-01
1.482738635951064698e-01	4.275457194428134433e-01
1.507800729323471867e-01	4.335706049957987473e-01
1.533286436479847636e-01	4.396611420999069764e-01
1.559202917581761494e-01	4.458176919431048324e-01
1.585557453815923112e-01	4.520406111926011938e-01
1.612357449439809631e-01	4.583302518669589154e-01
1.639610433861866667e-01	4.646869612074913669e-01
1.667324063756906449e-01	4.711110814907924493e-01
1.695506125217208226e-01	4.776029499759946728e-01
1.724164535940033438e-01	4.841628986614601171e-01
1.753307347452060516e-01	4.907912542578035664e-01
1.782942747371474568e-01	4.974883379263777550e-01
1.813079061708234574e-01	5.042544652662344085e-01
1.843724757203275000e-01	5.110899460388346194e-01
1.874888443707211083e-01	5.179950841670609707e-01
1.906578876599247796e-01	5.249701774666692966e-01
1.938804959247014126e-01	5.320155175560654648e-01
1.971575745507916644e-01	5.391313897779529407e-01
2.004900442272835592e-01	5.463180729355444631e-01
2.038788412052750798e-01	5.535758392077030354e-01
2.073249175609150063e-01	5.609049540740673745e-01
2.108292414628857858e-01	5.683056760428865095e-01
2.143927974444073958e-01	5.757782565707416644e-01
2.180165866798430274e-01	5.833229399898594014e-01
2.217016272659736997e-01	5.909399632313000472e-01
2.254489545080342605e-01	5.986295557481767782e-01
2.292596212105766917e-01	6.063919394439010180e-01
2.331346979732569213e-01	6.142273283945903772e-01
2.370752734916163618e-01	6.221359287746331956e-01
2.410824548629473540e-01	6.301179387846801427e-01
2.451573678973335835e-01	6.381735483771201478e-01
2.493011574339402958e-01	6.463029391829104853e-01
2.535149876626587306e-01	6.545062844380454825e-01
2.578000424511790456e-01	6.627837487160987973e-01
2.621575256775992568e-01	6.711354878551635261e-01
2.665886615686511307e-01	6.795616488816296208e-01
2.710946950436425307e-01	6.880623697537068262e-01
2.756768920642191367e-01	6.966377792873089669e-01
2.803365399900296095e-01	7.052879970763176187e-01
2.850749479404112718e-01	7.140131332351141724e-01
2.898934471621800180e-01	7.228132883996462033e-01
2.947933914036459657e-01	7.316885534773958089e-01
2.997761572949446118e-01	7.406390096165940129e-01
3.048431447347966228e-01	7.496647280153869719e-01
3.099957772838110026e-01	7.587657698229535175e-01
3.152355025644269504e-01	7.679421860021419244e-01
3.205637926676255800e-01	7.771940172152463910e-01
3.259821445665060935e-01	7.865212937111190072e-01
3.314920805368620771e-01	7.959240351548527714e-01
3.370951485848599494e-01	8.054022505967468604e-01
3.427929228819465157e-01	8.149559382499235172e-01
3.485870042071142483e-01	8.245850854902415650e-01
3.544790203966314834e-01	8.342896686201832779e-01
3.604706268013856407e-01	8.440696528878616212e-01
3.665635067519453227e-01	8.539249922608852517e-01
3.727593720314937853e-01	8.638556293666425079e-01
3.790599633567491855e-01	8.738614954507137877e-01
3.854670508670132723e-01	8.839425101354936309e-01
3.919824346214941246e-01	8.940985814810965548e-01
3.986079451050231759e-01	9.043296057452722136e-01
4.053454437423328338e-01	9.146354673469296870e-01
4.121968234210137139e-01	9.250160388423670499e-01
4.191640090233237359e-01	9.354711807036288906e-01
4.262489579669776485e-01	9.460007412944599903e-01
4.334536607550772414e-01	9.566045568565838542e-01
4.407801415353455599e-01	9.672824512912165940e-01
4.482304586688004022e-01	9.780342361464418044e-01
4.558067053080539499e-01	9.888597106123816483e-01
4.635110099853732013e-01	9.997586613098308206e-01
4.713455372106929997e-01	1.010730862287997578e+00
4.793124880797287601e-01	1.021776075027369224e+00
4.874141008923670304e-01	1.032894048239458185e+00
4.956526517815184607e-01	1.044084517896271214e+00
5.040304553525852826e-01	1.055347207127347975e+00
5.125498653337533517e-01	1.066681826259206156e+00
5.212132752372591327e-01	1.078088072605922099e+00
5.300231190318516195e-01	1.089565630595927370e+00
5.389818718266018438e-01	1.101114171583600587e+00
5.480920505662881803e-01	1.112733353871217856e+00
5.573562147385243692e-01	1.124422822727833449e+00
5.667769670928383130e-01	1.136182210230185508e+00
5.763569543719186949e-01	1.148011135368889546e+00
5.860988680552025043e-01	1.159909203902085073e+00
5.960054451150506027e-01	1.171876008441538941e+00
6.060794687856858598e-01	1.183911128339681929e+00
6.163237693451454335e-01	1.196014129756887590e+00
6.267412249104387101e-01	1.208184565606468475e+00
6.373347622461452699e-01	1.220421975568010797e+00
6.481073575866924674e-01	1.232725886050317410e+00
6.590620374725127961e-01	1.245095810253354252e+00
6.702018796003550438e-01	1.257531248151807945e+00
6.815300136879469672e-01	1.270031686453802378e+00
6.930496223532930378e-01	1.282596598724765835e+00
7.047639420088206430e-01	1.295225445278607168e+00
7.166762637706404204e-01	1.307917673338745423e+00
7.287899343831883980e-01	1.320672716942601577e+00
7.411083571594764274e-01	1.333489997025184115e+00
7.536349929372584411e-01	1.346368921520078032e+00
7.663733610513340233e-01	1.359308885280726686e+00
7.793270403223097054e-01	1.372309270182679342e+00
7.924996700620573487e-01	1.385369445245967279e+00
8.058949510961670448e-01	1.398488766531088778e+00
8.195166468036988450e-01	1.411666577378688059e+00
8.333685841744831180e-01	1.424902208339888121e+00
8.474546548843202576e-01	1.438194977315997214e+00
8.617788163883257635e-01	1.451544189498313209e+00
8.763450930327818522e-01	1.464949137619092401e+00
8.911575771857650485e-01	1.478409102094201844e+00
9.062204303868837130e-01	1.491923350895922873e+00
9.215378845164673427e-01	1.505491139481925256e+00
9.371142429844909749e-01	1.519111711719373536e+00
9.529538819396250471e-01	1.532784298673540935e+00
9.690612514986907122e-01	1.546508120364684435e+00
9.854408769969253967e-01	1.560282383662952244e+00
1.002097360259361913e+00	1.574106284996448668e+00
1.019035380893695386e+00	1.587979008787691715e+00
1.036259697605026009e+00	1.601899727412313013e+00
1.053775149532790278e+00	1.615867602507978784e+00
1.071586657610325677e+00	1.629881784240348797e+00
1.089699225947380778e+00	1.643941411583580425e+00
1.108117943236025305e+00	1.658045612840211680e+00
1.126847984180302076e+00	1.672193505238938505e+00
1.145894610950043413e+00	1.686384195364387439e+00
1.165263174659284751e+00	1.700616779533759226e+00
1.184959116869630069e+00	1.714890343459158917e+00
1.204987971119068746e+00	1.729203962722440702e+00
1.225355364476592435e+00	1.743556703054812695e+00
1.246067019123127118e+00	1.757947620175526637e+00
1.267128753959161580e+00	1.772375760103859443e+00
1.288546486239548816e+00	1.786840159421454244e+00
1.310326233235965754e+00	1.801339845911094084e+00
1.332474113927433867e+00	1.815873837155885351e+00
1.354996350719455345e+00	1.830441142654841480e+00
1.377899271192165376e+00	1.845040763248435578e+00
1.401189309878072775e+00	1.859671690542081812e+00
1.424873010069821255e+00	1.874332908340951231e+00
1.448957025658507369e+00	1.889023392663796486e+00
1.473448123003098242e+00	1.903742110656375219e+00
1.498353182831403840e+00	1.918488022974923490e+00
1.523679202173229497e+00	1.933260081154204890e+00
1.549433296326152343e+00	1.948057231292388503e+00
1.575622700854574010e+00	1.962878411793874900e+00
1.602254773622528550e+00	1.977722553758372026e+00
1.629336996860851317e+00	1.992588582252197815e+00
1.656876979269319872e+00	2.007475416002154400e+00
1.684882458154278284e+00	2.022381967514868428e+00
1.713361301602444930e+00	2.037307143453682468e+00
1.742321510691409836e+00	2.052249844992180439e+00
1.771771221737550084e+00	2.067208967991311930e+00
1.801718708581883988e+00	2.082183402982219711e+00
1.832172384914617203e+00	2.097172035932961087e+00
1.863140806638941216e+00	2.112173748080744318e+00
1.894632674274788098e+00	2.127187416339035408e+00
1.926656835403250945e+00	2.142211913488020425e+00
1.959222287152264430e+00	2.157246108991782929e+00
1.992338178724363251e+00	2.172288867883236385e+00
2.026013813967100230e+00	2.187339052857818711e+00
2.060258653986974053e+00	2.202395522769552638e+00
2.095082319807497040e+00	2.217457134356473958e+00
2.130494595072189856e+00	2.232522741952492673e+00
2.166505428793310539e+00	2.247591197048732781e+00
2.203124938146971523e+00	2.262661349744882422e+00
2.240363411315581477e+00	2.277732048810345855e+00
2.278231310378250996e+00	2.292802140736988736e+00
2.316739274250128933e+00	2.307870471679804858e+00
2.355898121671370138e+00	2.322935887119414122e+00
2.395718854246625451e+00	2.337997231270191101e+00
2.436212659535957670e+00	2.353053348773527453e+00
2.477390914197924676e+00	2.368103084403116121e+00
2.519265187185870225e+00	2.383145282611492277e+00
2.561847242998160024e+00	2.398178789114279397e+00
2.605149044983431139e+00	2.413202450559690515e+00
2.649182758701655427e+00	2.428215114141472952e+00
2.693960755342017954e+00	2.443215629271147549e+00
2.739495615198612732e+00	2.458202847013648551e+00
2.785800131204812846e+00	2.473175619924661284e+00
2.832887312527463397e+00	2.488132803596683651e+00
2.880770388221738365e+00	2.503073256177897665e+00
2.929462810947857765e+00	2.517995838149894805e+00
2.978978260750571039e+00	2.532899413762432772e+00
3.029330648902521350e+00	2.547782850935546684e+00
3.080534121812634751e+00	2.562645020524287887e+00
3.132603065000477027e+00	2.577484798335607952e+00
3.185552107137887834e+00	2.592301063794669069e+00
3.239396124158830492e+00	2.607092701530736356e+00
3.294150243438799031e+00	2.621858600680025742e+00
3.349829848044809655e+00	2.636597655691262254e+00
3.406450581057223204e+00	2.651308766359573355e+00
3.464028349964686004e+00	2.665990838416811393e+00
3.522579331133254943e+00	2.680642783431762766e+00
3.582119974351172242e+00	2.695263518939094105e+00
3.642667007450346439e+00	2.709851969751935208e+00
3.704237441006055231e+00	2.724407066663712573e+00
3.766848573116013732e+00	2.738927748193537681e+00
3.830517994260218551e+00	2.753412959517971270e+00
3.895263592243014550e+00	2.767861654091281043e+00
3.961103557218577542e+00	2.782272792485483759e+00
4.028056386801467603e+00	2.796645343911985382e+00
4.096140891263432948e+00	2.810978285685598710e+00
4.165376198818180775e+00	2.825270603602493047e+00
4.235781760995385170e+00	2.839521292641380867e+00
4.307377358105535237e+00	2.853729356146966989e+00
4.380183104797232829e+00	2.867893807486890267e+00
4.454219455708298803e+00	2.882013669437237358e+00
4.529507211212534301e+00	2.896087973906980473e+00
4.606067523263474683e+00	2.910115763530416011e+00
4.683921901337057214e+00	2.924096091008180132e+00
4.763092218474635153e+00	2.938028018878991787e+00
4.843600717428146574e+00	2.951910621041787586e+00
4.925470016909234694e+00	2.965742982178554588e+00
5.008723117943856273e+00	2.979524197186478762e+00
5.093383410334457295e+00	2.993253373332431799e+00
5.179474679231212519e+00	3.006929628788117981e+00
5.267021111814501388e+00	3.020552093362970592e+00
5.356047304090164829e+00	3.034119908734302484e+00
5.446578267799784712e+00	3.047632228749832084e+00
5.538639437447652192e+00	3.061088219303056857e+00
5.632256677446509485e+00	3.074487058639044701e+00
5.727456289384188715e+00	3.087827937732845918e+00
5.824265019412900202e+00	3.101110060114108613e+00
5.922710065763608256e+00	3.114332642132006779e+00
6.022819086387228182e+00	3.127494913535850074e+00
6.124620206725158056e+00	3.140596116585145925e+00
6.228142027611035303e+00	3.153635507510943903e+00
6.333413633306047785e+00	3.166612355698885661e+00
6.440464599670190360e+00	3.179525944226501810e+00
6.549325002471445778e+00	3.192375569609596120e+00
6.660025425835619295e+00	3.205160542712159444e+00
6.772596970838784536e+00	3.217880188079047965e+00
6.887071264245168578e+00	3.230533844231148866e+00
7.003480467392588338e+00	3.243120863884268346e+00
7.121857285228077927e+00	3.255640614648486419e+00
7.242234975496383065e+00	3.268092477762210013e+00
7.364647358083541206e+00	3.280475849043522629e+00
7.489128824518638261e+00	3.292790139482672629e+00
7.615714347635920589e+00	3.305034773869781173e+00
7.744439491400456177e+00	3.317209192495208292e+00
7.875340420899716420e+00	3.329312849967667187e+00
8.008453912504041483e+00	3.341345215764987220e+00
8.143817364199005482e+00	3.353305774730742428e+00
8.281468806092183499e+00	3.365194025939261646e+00
8.421446911097760335e+00	3.377009484095631286e+00
8.563791005801492773e+00	3.388751678721388494e+00
8.708541081509549642e+00	3.400420154343279489e+00
8.855737805483945735e+00	3.412014470824890289e+00
9.005422532367880706e+00	3.423534203015347721e+00
9.157637315804374012e+00	3.434978925086638935e+00
9.312424920251002547e+00	3.446348289798028208e+00
9.469828832994659606e+00	3.457641870080715218e+00
9.629893276369060118e+00	3.468859317279491705e+00
9.792663220179065320e+00	3.480000282291185520e+00
9.958184394334800515e+00	3.491064431000812540e+00
1.012650330169933710e+01	3.502051444434772787e+00
1.029766723115371541e+01	3.512961018836836313e+00
1.047172427088250757e+01	3.523792865929231244e+00
1.064872332188427428e+01	3.534546711621938453e+00
1.082871411171002762e+01	3.545222297611748008e+00
1.101174720843425447e+01	3.555819380630373505e+00
1.119787403486185262e+01	3.566337731728797866e+00
1.138714688297520183e+01	3.576777137385567240e+00
1.157961892862566167e+01	3.587137399152703132e+00
1.177534424647303979e+01	3.597418332542505315e+00
1.197437782517795135e+01	3.607619768592118081e+00
1.217677558285059547e+01	3.617741552600395760e+00
1.238259438276100788e+01	3.627783544398254900e+00
1.259189204931461603e+01	3.637745618805161563e+00
1.280472738429782709e+01	3.647627664336307696e+00
1.302116018339845027e+01	3.657429584289939584e+00
1.324125125300498418e+01	3.667151296170040986e+00
1.346506242729025793e+01	3.676792731424689986e+00
1.369265658558342480e+01	3.686353835569060156e+00
1.392409767003596599e+01	3.695834568368410622e+00
1.415945070358605307e+01	3.705234902952124543e+00
1.439878180822651998e+01	3.714554826222260075e+00
1.464215822358192653e+01	3.723794338955224603e+00
1.488964832579915942e+01	3.732953454933681137e+00
1.514132164675782732e+01	3.742032201554385207e+00
1.539724889360486770e+01	3.751030619247849085e+00
1.565750196861980470e+01	3.759948761892722757e+00
1.592215398941546312e+01	3.768786695528534736e+00
1.619127930948012661e+01	3.777544458981515252e+00
1.646495353906724546e+01	3.786222266159008143e+00
1.674325356643772622e+01	3.794820099155283621e+00
1.702625757946180585e+01	3.803338115669632646e+00
1.731404508758553007e+01	3.811776444140109188e+00
1.760669694416904463e+01	3.820135225526039235e+00
1.790429536920192888e+01	3.828414612843663356e+00
1.820692397240297211e+01	3.836614769982638062e+00
1.851466777671009822e+01	3.844735873030019846e+00
1.882761324216724574e+01	3.852778109470928580e+00
1.914584829021545431e+01	3.860741677304678099e+00
1.946946232839389879e+01	3.868626786129047090e+00
1.979854627545908841e+01	3.876433656419232321e+00
2.013319258692800773e+01	3.884162518655290608e+00
2.047349528105359084e+01	3.891813614414668887e+00
2.081954996523887758e+01	3.899387195563933872e+00
2.117145386289756814e+01	3.906883523372892242e+00
2.152930584076909071e+01	3.914302869834715093e+00
2.189320643669466548e+01	3.921645516490638084e+00
2.226325788786357052e+01	3.928911753799011031e+00
2.263956415953613899e+01	3.936101882376126238e+00
2.302223097425292053e+01	3.943216211827758499e+00
2.341136584153708355e+01	3.950255060129765017e+00
2.380707808809889059e+01	3.957218754672739980e+00
2.420947888855114627e+01	3.964107631481237792e+00
2.461868129664312121e+01	3.970922034248543397e+00
2.503480027702318367e+01	3.977662315689464378e+00
2.545795273753748944e+01	3.984328835779077149e+00
2.588825756207539186e+01	3.990921962901562203e+00
2.632583564396948717e+01	3.997442072648908606e+00
2.677080991996021808e+01	4.003889548078730876e+00
2.722330540473507554e+01	4.010264779551053316e+00
2.768344922605082559e+01	4.016568164292597665e+00
2.815137066045024739e+01	4.022800106638346307e+00
2.862720116958168148e+01	4.028961016760148617e+00
2.911107443713334675e+01	4.035051312343958863e+00
2.960312640639132908e+01	4.041071416383935855e+00
3.010349531843243653e+01	4.047021758299232275e+00
3.061232175096317221e+01	4.052902772982040602e+00
3.112974865781429301e+01	4.058714901515208417e+00
3.165592140910392160e+01	4.064458589675686184e+00
3.219098783207849834e+01	4.070134289069065048e+00
3.273509825264502382e+01	4.075742456076515197e+00
3.328840553760464616e+01	4.081283551810000354e+00
3.385106513760008085e+01	4.086758042431695159e+00
3.442323513078967778e+01	4.092166397718955295e+00
3.500507626725861599e+01	4.097509067124602389e+00
3.559675201418191648e+01	4.102786605996889158e+00
3.619842860174963306e+01	4.107999419820751008e+00
3.681027506986945497e+01	4.113148020628620394e+00
3.743246331565791252e+01	4.118232898328588298e+00
3.806516814173434682e+01	4.123254545467451848e+00
3.870856730533186152e+01	4.128213458582790096e+00
3.936284156823732872e+01	4.133110137081283497e+00
4.002817474757663518e+01	4.137945082074332426e+00
4.070475376745718421e+01	4.142718798803876723e+00
4.139276871148439341e+01	4.147431794102652169e+00
4.209241287616510618e+01	4.152084577135067178e+00
4.280388282521361276e+01	4.156677659164188299e+00
4.352737844477648110e+01	4.161211553526437790e+00
4.426310299958944938e+01	4.165686775161299593e+00
4.501126319008503884e+01	4.170103840538160078e+00
4.577206921046389709e+01	4.174463267761415075e+00
4.654573480774909910e+01	4.178765576023394601e+00
4.733247734183772337e+01	4.183011255707498321e+00
4.813251784656739574e+01	4.187200917926714006e+00
4.894608109181602629e+01	4.191334994788442181e+00
4.977339564664967497e+01	4.195414039124439221e+00
5.061469394353941453e+01	4.199438574090174292e+00
5.147021234366199849e+01	4.203409123274059134e+00
5.234019120330587782e+01	4.207326210081068218e+00
5.322487494139806330e+01	4.211190358633757569e+00
5.412451210817385316e+01	4.215002092512000864e+00
5.503935545500626603e+01	4.218761935134776486e+00
5.596966200541572789e+01	4.222470409525001855e+00
5.691569312728113772e+01	4.226128018358044081e+00
5.787771460626974118e+01	4.229735344281531972e+00
5.885599672051007758e+01	4.233292847486732846e+00
5.985081431652515249e+01	4.236801069010025067e+00
6.086244688645088985e+01	4.240260527770689514e+00
6.189117864655855783e+01	4.243671742455861207e+00
6.293729861710444595e+01	4.247035229964490455e+00
6.400110070353041181e+01	4.250351505886898806e+00
6.508288377903505761e+01	4.253621084784393602e+00
6.618295176854263673e+01	4.256844478969447287e+00
6.730161373408913050e+01	4.260022199678646260e+00
6.843918396165355489e+01	4.263154756158199277e+00
6.959598204945567090e+01	4.266242655674650663e+00
7.077233299774606223e+01	4.269286403770124139e+00
7.196856730011528214e+01	4.272286503762545706e+00
7.318502103634435230e+01	4.275243456750206228e+00
7.442203596682681166e+01	4.278157761859364250e+00
7.567995962858455528e+01	4.281029915606063163e+00
7.695914543290872700e+01	4.283860410064028734e+00
7.825995276464949768e+01	4.286649743170820592e+00
7.958274708318410262e+01	4.289398398281425884e+00
8.092790002509306646e+01	4.292106830616948976e+00
8.229578950856954123e+01	4.294775622281918004e+00
8.368679983959597735e+01	4.297405156413166338e+00
8.510132181991289713e+01	4.299995943340070070e+00
8.653975285681501362e+01	4.302548458448540281e+00
8.800249707480163863e+01	4.305063174101712242e+00
8.948996542911412178e+01	4.307540559037056127e+00
9.100257582119419908e+01	4.309981079388296443e+00
9.254075321609118987e+01	4.312385198267564057e+00
9.410492976185659586e+01	4.314753374814726428e+00
9.569554491095378523e+01	4.317086065661559502e+00
9.731304554372266580e+01	4.319383723715979784e+00
9.895788609392928947e+01	4.321646798468987249e+00
1.006305286764376348e+02	4.323875736459698693e+00
1.023314432170412118e+02	4.326070980004537603e+00
1.040611075844862796e+02	4.328232968754828214e+00
1.058200077247298054e+02	4.330362138191069299e+00
1.076086377974633734e+02	4.332458920456002893e+00
1.094275003149479204e+02	4.334523744076577145e+00
1.112771062831930067e+02	4.336557033979651088e+00
1.131579753455222743e+02	4.338559211479868338e+00
1.150706359285678531e+02	4.340530686203498689e+00
1.170156253907290136e+02	4.342471895327727260e+00
1.189934901731438543e+02	4.344383225556905259e+00
1.210047859532090087e+02	4.346265090969150258e+00
1.230500778006978635e+02	4.348117894041341636e+00
1.251299403365151335e+02	4.349942033741913683e+00
1.272449578941347568e+02	4.351737904584496164e+00
1.293957246837690604e+02	4.353505895903203360e+00
1.315828449593089147e+02	4.355246400891212843e+00
1.338069331880899426e+02	4.356959796745814018e+00
1.360686142235236389e+02	4.358646465310960672e+00
1.383685234806508220e+02	4.360306781831527978e+00
1.407073071146594430e+02	4.361941118211897006e+00
1.430856222024197280e+02	4.363549842616802898e+00
1.455041369270908831e+02	4.365133318594514478e+00
1.479635307658433305e+02	4.366691906476201090e+00
1.504644946807591168e+02	4.368225962695182929e+00
1.530077313129538652e+02	4.369735839219771378e+00
1.555939551799847322e+02	4.371221884717229500e+00
1.582238928765917478e+02	4.372684443990715764e+00
1.608982832788323662e+02	4.374123857370041613e+00
1.636178777516695106e+02	4.375540461978187246e+00
1.663834403600635596e+02	4.376934591025327670e+00
1.691957480836375396e+02	4.378306573199515661e+00
1.720555910349655733e+02	4.379656734231132553e+00
1.749637726815560939e+02	4.380985395804424698e+00
1.779211100715817793e+02	4.382292875073771299e+00
1.809284340634302453e+02	4.383579486411984583e+00
1.839865895591310334e+02	4.384845540117357388e+00
1.870964357417281576e+02	4.386091342103527246e+00
1.902588463166685528e+02	4.387317195300825645e+00
1.934747097572649466e+02	4.388523398847961055e+00
1.967449295543138987e+02	4.389710247549981403e+00
2.000704244699266781e+02	4.390878033322590746e+00
2.034521287956564777e+02	4.392027043670434949e+00
2.068909926149848104e+02	4.393157563106242947e+00
2.103879820702443340e+02	4.394269872120726284e+00
2.139440796340576298e+02	4.395364247632993937e+00
2.175602843853577042e+02	4.396440963151893477e+00
2.212376122900808468e+02	4.397500288542033786e+00
2.249770964865966505e+02	4.398542489974280656e+00
2.287797875759696069e+02	4.399567830448774863e+00
2.326467539171220835e+02	4.400576569361207113e+00
2.365790819269863619e+02	4.401568962441781530e+00
2.405778763857347258e+02	4.402545262258382053e+00
2.446442607471615247e+02	4.403505717638243055e+00
2.487793774543193308e+02	4.404450574645502492e+00
2.529843882604822340e+02	4.405380075206772439e+00
2.572604745555416912e+02	4.406294458618039478e+00
2.616088376979143391e+02	4.407193960601651028e+00
2.660306993520598553e+02	4.408078813510599936e+00
2.705273018317088258e+02	4.408949246945898182e+00
2.750999084488843778e+02	4.409805486232878380e+00
2.797498038688314637e+02	4.410647754843617818e+00
2.844782944709368735e+02	4.411476272621297490e+00
2.892867087157579817e+02	4.412291255644085197e+00
2.941763975182495869e+02	4.413092917830925721e+00
2.991487346272989498e+02	4.413881469884141318e+00
3.042051170116823755e+02	4.414657118688139370e+00
3.093469652525361084e+02	4.415420069193921826e+00
3.145757239424706313e+02	4.416170523328546871e+00
3.198928620914214775e+02	4.416908678421942902e+00
3.252998735393691732e+02	4.417634731365875034e+00
3.307982773760288637e+02	4.418348874758837752e+00
3.363896183676337728e+02	4.419051298583077880e+00
3.420754673909387975e+02	4.419742190032543760e+00
3.478574218745504822e+02	4.420421733697034838e+00
3.537371062477265582e+02	4.421090111302986791e+00
3.597161723967509488e+02	4.421747484678441253e+00
3.657963001290331135e+02	4.422394081692458734e+00
3.719791976450445077e+02	4.423030024687399475e+00
3.782666020182322768e+02	4.423655501802671530e+00
3.846602796830517832e+02	4.424270681912854108e+00
3.911620269312371079e+02	4.424875730555315023e+00
3.977736704164719868e+02	4.425470780316637764e+00
4.044970676675784489e+02	4.426056085911321603e+00
4.113341076103915839e+02	4.426631712270431507e+00
4.182867110984475403e+02	4.427197846298290607e+00
4.253568314526407903e+02	4.427754642282464737e+00
4.325464550100122665e+02	4.428302245865530118e+00
4.398576016817999061e+02	4.428840822751770823e+00
4.472923255209361173e+02	4.429370502984648184e+00
4.548527152991227354e+02	4.429891436905481150e+00
4.625408950936740666e+02	4.430403766493598461e+00
4.703590248842695019e+02	4.430907632014780440e+00
4.783093011597930513e+02	4.431403171316850909e+00
4.863939575354394265e+02	4.431890519688813868e+00
4.946152653802362238e+02	4.432369811275933102e+00
5.029755344551887219e+02	4.432841177413931355e+00
5.114771135621948588e+02	4.433304747441017213e+00
5.201223912039447441e+02	4.433760649080417338e+00
5.289137962549582426e+02	4.434209007370069955e+00
5.378537986439790757e+02	4.434649932799692884e+00
5.469449100478946093e+02	4.435083586354372720e+00
5.561896845973827794e+02	4.435510047970518954e+00
5.655907195944980685e+02	4.435929448597712543e+00
5.751506562423700188e+02	4.436341904033698214e+00
5.848721803872531382e+02	4.436747528104165283e+00
5.947580232731010028e+02	4.437146433135695567e+00
6.048109623089127354e+02	4.437538729376469426e+00
6.150338218490370537e+02	4.437924492112563790e+00
6.254294739866654709e+02	4.438303927958397566e+00
6.360008393607505468e+02	4.438677042660504668e+00
6.467508879765434813e+02	4.439043970497892566e+00
6.576826400400219654e+02	4.439404819178705885e+00
6.687991668064009900e+02	4.439759683419145730e+00
6.801035914430051434e+02	4.440108663208575557e+00
6.915990899067132887e+02	4.440451855741043730e+00
7.032888918362326649e+02	4.440789356579953662e+00
7.151762814594706015e+02	4.441121259213231198e+00
7.272645985162197348e+02	4.441447656134906552e+00
7.395572391964639110e+02	4.441768638436860428e+00
7.520576570945196409e+02	4.442084295051822451e+00
7.647693641793268853e+02	4.442394714209815909e+00
7.776959317811260917e+02	4.442699982319886054e+00
7.908409915948119533e+02	4.443000184337925873e+00
8.042082367002620913e+02	4.443295404282003425e+00
8.178014225998882694e+02	4.443585724112570468e+00
8.316243682737505196e+02	4.443871168810936467e+00
8.456809572524798568e+02	4.444151986947655786e+00
8.599751387083596228e+02	4.444428087843265374e+00
8.745109285648341029e+02	4.444699604946871219e+00
8.892924106247685359e+02	4.444966614208876621e+00
9.043237377177986218e+02	4.445229190097279570e+00
9.196091328670457870e+02	4.445487405946018988e+00
9.351528904755820122e+02	4.445741334268695333e+00
9.509593775329200298e+02	4.445991045712759160e+00
9.670330348419231541e+02	4.446236610385368770e+00
9.833783782664356750e+02	4.446478096649910228e+00
1.000000000000000000e+03	4.446715572421892304e+00
