# Data associated with arXiv:2110.09653
# 
# Scale-free velocity distribution, f(E), of a nfw0-6 dark matter distribution (see Eq. 13 and the surrounding discussion)
# 
# Published: 3/29/22, Jack Runburg, contact: runburg@hawaii.edu
# 
# 
# -----------------------------------------------------------------
# 
# 	 tilde E 		 | 		 tilde f
# 
# -----------------------------------------------------------------
2.976202174118554179e-08	5.722808741150750000e+12
3.046865621584454470e-08	5.503602588872338867e+12
3.119206833349223124e-08	5.284748898523256836e+12
3.193265644256594848e-08	5.067272435600956055e+12
3.269082834926771231e-08	4.854521177756693359e+12
3.346700154210775149e-08	4.642727178262806641e+12
3.426160342178044174e-08	4.437303991146928711e+12
3.507507153649609144e-08	4.240970047595298828e+12
3.590785382290100088e-08	4.053323303031891602e+12
3.676040885271632390e-08	3.873979132323988770e+12
3.763320608523203160e-08	3.702570298457326660e+12
3.852672612579635386e-08	3.538745689508119141e+12
3.944146099044027397e-08	3.382169731241020508e+12
4.037791437678598856e-08	3.232521694805479980e+12
4.133660194138508879e-08	3.089495043605656738e+12
4.231805158364246242e-08	2.952796804467191895e+12
4.332280373647956053e-08	2.822146967560089844e+12
4.435141166389789914e-08	2.697277910745111328e+12
4.540444176560809264e-08	2.577933856374535156e+12
4.648247388888882969e-08	2.463870341590819336e+12
4.758610164785151107e-08	2.354853720710266602e+12
4.871593275028204725e-08	2.250660686086046875e+12
4.987258933224383355e-08	2.151077811506662109e+12
5.105670830062287016e-08	2.055901113059316650e+12
5.226894168380467645e-08	1.964935633447401367e+12
5.350995699067771113e-08	1.877995040085955322e+12
5.478043757815718291e-08	1.794901247333174316e+12
5.608108302743602023e-08	1.715484046808246094e+12
5.741260952916555353e-08	1.639580762365759766e+12
5.877575027778261812e-08	1.567035915432902588e+12
6.017125587519507403e-08	1.497700907436113770e+12
6.159989474405312501e-08	1.431433714299983398e+12
6.306245355082973558e-08	1.368098596055075684e+12
6.455973763894440386e-08	1.307565819135847412e+12
6.609257147217099955e-08	1.249711389158342773e+12
6.766179908856864961e-08	1.194416799372101318e+12
6.926828456519162110e-08	1.141568785841073486e+12
7.091291249382778475e-08	1.091059096479069214e+12
7.259658846803353345e-08	1.042784268504141724e+12
7.432023958172818582e-08	9.966454177119095459e+11
7.608481493962445762e-08	9.525480344442453613e+11
7.789128617977789674e-08	9.104017913023369141e+11
7.974064800853752907e-08	8.701203573729232178e+11
8.163391874819906042e-08	8.316212215582509766e+11
8.357214089765479317e-08	7.948255234971242676e+11
8.555638170635576418e-08	7.596578925802103271e+11
8.758773376189644890e-08	7.260462925033189697e+11
8.966731559154753053e-08	6.939218745933265381e+11
9.179627227807031966e-08	6.632188364457867432e+11
9.397577609014553630e-08	6.338742874247752686e+11
9.620702712777120224e-08	6.058281189648933105e+11
9.849125398297663609e-08	5.790228828618361816e+11
1.008297144162240676e-07	5.534036723073958740e+11
1.032236960488640014e-07	5.289180099991577759e+11
1.056745170720271620e-07	5.055157407178291626e+11
1.081835269723469973e-07	4.831489281869604492e+11
1.107521072749039895e-07	4.617717573846958008e+11
1.133816723038104725e-07	4.413404403926091919e+11
1.160736699608443188e-07	4.218131266054434204e+11
1.188295825225697953e-07	4.031498173520937500e+11
1.216509274563762782e-07	3.853122836395083008e+11
1.245392582558870227e-07	3.682639879217584839e+11
1.274961652962009716e-07	3.519700095700488892e+11
1.305232767094299623e-07	3.363969723544630737e+11
1.336222592810234464e-07	3.215129784610599365e+11
1.367948193673629871e-07	3.072875393654522095e+11
1.400427038351421797e-07	2.936915167568535156e+11
1.433677010230402402e-07	2.806970614542740479e+11
1.467716417262212538e-07	2.682775563852621765e+11
1.502564002042057874e-07	2.564075621303960876e+11
1.538238952126582932e-07	2.450627650533510132e+11
1.574760910596715778e-07	2.342199271372412415e+11
1.612149986871152947e-07	2.238568386508184204e+11
1.650426767776574749e-07	2.139522725478708496e+11
1.689612328880565739e-07	2.044859408885836182e+11
1.729728246093519222e-07	1.954384537754960327e+11
1.770796607545961943e-07	1.867912787108155212e+11
1.812840025747708074e-07	1.785267035229838562e+11
1.855881650035682026e-07	1.706277998125723267e+11
1.899945179317104834e-07	1.630783878741846313e+11
1.945054875115204705e-07	1.558630041611001587e+11
1.991235574924504348e-07	1.489668692557484741e+11
2.038512705883078884e-07	1.423758576767764587e+11
2.086912298769362371e-07	1.360764689000189819e+11
2.136461002331066946e-07	1.300557997921477814e+11
2.187186097954265376e-07	1.243015181608971252e+11
2.239115514680524198e-07	1.188018374238019257e+11
2.292277844580531074e-07	1.135454925045169983e+11
2.346702358492520430e-07	1.085217168067646637e+11
2.402419022134212835e-07	1.037202200864151611e+11
2.459458512597199286e-07	9.913116738441473389e+10
2.517852235232674039e-07	9.474515893729083252e+10
2.577632340938011484e-07	9.055321090471984863e+10
2.638831743853477699e-07	8.654673688968186951e+10
2.701484139479022172e-07	8.271753043681738281e+10
2.765624023220935568e-07	7.905774819754696655e+10
2.831286709378647514e-07	7.555989390346322632e+10
2.898508350582180332e-07	7.221680282776852417e+10
2.967325957690750267e-07	6.902162741683679199e+10
3.037777420163715050e-07	6.596782302902811432e+10
3.109901526914795581e-07	6.304913457953608704e+10
3.183737987661303665e-07	6.025958377547963715e+10
3.259327454779909218e-07	5.759345683170951080e+10
3.336711545681033566e-07	5.504529277404955292e+10
3.415932865714276288e-07	5.260987224807494354e+10
3.497035031617235933e-07	5.028220684572093964e+10
3.580062695520898607e-07	4.805752887061273193e+10
3.665061569524504822e-07	4.593128159168799591e+10
3.752078450853684281e-07	4.389910986672856140e+10
3.841161247615461435e-07	4.195685126165603638e+10
3.932359005164375723e-07	4.010052757264268494e+10
4.025721933094330985e-07	3.832633651131163025e+10
4.121301432870727680e-07	3.663064409106275177e+10
4.219150126118414582e-07	3.500997710240280151e+10
4.319321883580660523e-07	3.346101601049933624e+10
4.421871854765394361e-07	3.198058815628254318e+10
4.526856498294743299e-07	3.056566125730971146e+10
4.634333612974646607e-07	2.921333719257382965e+10
4.744362369601755947e-07	2.792084608102737045e+10
4.857003343524790054e-07	2.668554059330716705e+10
4.972318547978631230e-07	2.550489052837534332e+10
5.090371468209059853e-07	2.437647764432267380e+10
5.211227096407303210e-07	2.329799068691634750e+10
5.334951967473255193e-07	2.226722067719065857e+10
5.461614195627140307e-07	2.128205636124707794e+10
5.591283511889907374e-07	2.034047991063637161e+10
5.724031302452554671e-07	1.944056276807890701e+10
5.859930647955961491e-07	1.858046172065331268e+10
5.999056363702285473e-07	1.775841508487155914e+10
6.141485040820528789e-07	1.697273915272298813e+10
6.287295088408473910e-07	1.622182469378893471e+10
6.436566776674303549e-07	1.550413368812259102e+10
6.589382281101777318e-07	1.481819616281546974e+10
6.745825727662795347e-07	1.416260718836487961e+10
6.905983239102721704e-07	1.353602398408263206e+10
7.069942982323312180e-07	1.293716320519103241e+10
7.237795216889888774e-07	1.236479826713435936e+10
7.409632344688741524e-07	1.181775687126367760e+10
7.585548960762701274e-07	1.129491857849589539e+10
7.765641905352186448e-07	1.079521252986494827e+10
7.950010317170738927e-07	1.031761524250983429e+10
8.138755687944154155e-07	9.861148524421020508e+09
8.331981918242967024e-07	9.424877453004898071e+09
8.529795374639409292e-07	9.007908484934886932e+09
8.732304948219646202e-07	8.609387604913311005e+09
8.939622114483891387e-07	8.228498584950907707e+09
9.151860994667018283e-07	7.864461311179104805e+09
9.369138418513412746e-07	7.516530186474226952e+09
9.591573988540587729e-07	7.183992598539109230e+09
9.819290145826558347e-07	6.866167480194001198e+09
1.005241223735761044e-06	6.562403874640273094e+09
1.029106858497279192e-06	6.272079652055658340e+09
1.053539055594345294e-06	5.994600186373294830e+09
1.078551263522634213e-06	5.729397174032274246e+09
1.104157249942993292e-06	5.475927453166291237e+09
1.130371109253465639e-06	5.233671893065073013e+09
1.157207270340831044e-06	5.002134333813602448e+09
1.184680504515969980e-06	4.780840568435373306e+09
1.212805933637338171e-06	4.569337367191673279e+09
1.241599038427060888e-06	4.367191558055074692e+09
1.271075666984183065e-06	4.173989133689877510e+09
1.301252043499746826e-06	3.989334402315599918e+09
1.332144777178492745e-06	3.812849183079679012e+09
1.363770871372032407e-06	3.644172023882934093e+09
1.396147732928581888e-06	3.482957466959051132e+09
1.429293181764276724e-06	3.328875340001425743e+09
1.463225460661427755e-06	3.181610078299123764e+09
1.497963245298988092e-06	3.040860078945332527e+09
1.533525654520806578e-06	2.906337083120590687e+09
1.569932260847262198e-06	2.777765587363693714e+09
1.607203101236020402e-06	2.654882276204070568e+09
1.645358688097885261e-06	2.537435485763560772e+09
1.684420020573666309e-06	2.425184686366431713e+09
1.724408596078379356e-06	2.317899989525794506e+09
1.765346422118972242e-06	2.215361679338058949e+09
1.807256028392145115e-06	2.117359761681109190e+09
1.850160479168870824e-06	2.023693531640550852e+09
1.894083385972338106e-06	1.934171166013986826e+09
1.939048920556392215e-06	1.848609326633349419e+09
1.985081828191413775e-06	1.766832789941549540e+09
2.032207441265089965e-06	1.688674082701562405e+09
2.080451693205359986e-06	1.613973142446355820e+09
2.129841132733281553e-06	1.542576988247192621e+09
2.180402938453564736e-06	1.474339407507015467e+09
2.232164933790760047e-06	1.409120657308981419e+09
2.285155602279318687e-06	1.346787176505590439e+09
2.339404103215805100e-06	1.287211314844477892e+09
2.394940287681969373e-06	1.230271067163110495e+09
2.451794714947284869e-06	1.175849830303151846e+09
2.509998669260057583e-06	1.123836155637404919e+09
2.569584177036219575e-06	1.074123528595455170e+09
2.630584024455238202e-06	1.026610145933516979e+09
2.693031775472775305e-06	9.811987090019097328e+08
2.756961790259879575e-06	9.377962236615195274e+08
2.822409244078935361e-06	8.963138103501505852e+08
2.889410146606517079e-06	8.566665218170393705e+08
2.958001361713849356e-06	8.187731694682725668e+08
3.028220627715629806e-06	7.825561558943117857e+08
3.100106578098262716e-06	7.479413180575176477e+08
3.173698762738912744e-06	7.148577733856152296e+08
3.249037669626832224e-06	6.832377755793490410e+08
3.326164747099029733e-06	6.530165755550640821e+08
3.405122426602207867e-06	6.241322891975758076e+08
3.485954145993586751e-06	5.965257700683146715e+08
3.568704373393222242e-06	5.701404885483769178e+08
3.653418631600911395e-06	5.449224164113441706e+08
3.740143523090991244e-06	5.208199153137713075e+08
3.828926755598619839e-06	4.977836318662465811e+08
3.919817168311687539e-06	4.757663961562523246e+08
4.012864758682385415e-06	4.547231249555616975e+08
4.108120709873306374e-06	4.346107303187425137e+08
4.205637418852914759e-06	4.153880297323305011e+08
4.305468525155744552e-06	3.970156632283059955e+08
4.407668940323058096e-06	3.794560121140317321e+08
4.512294878039885333e-06	3.626731220917910337e+08
4.619403884985116562e-06	3.466326294563267231e+08
4.729054872411170071e-06	3.313016909853291512e+08
4.841308148470707264e-06	3.166489163568251133e+08
4.956225451307850075e-06	3.026443040553424358e+08
5.073869982931999231e-06	2.892591799237651229e+08
5.194306443892725449e-06	2.764661384585578442e+08
5.317601068774487732e-06	2.642389865221090615e+08
5.443821662530773177e-06	2.525526898901536763e+08
5.573037637677107012e-06	2.413833218652307689e+08
5.705320052363464942e-06	2.307080142315770388e+08
5.840741649346647845e-06	2.205049106635246575e+08
5.979376895883876787e-06	2.107531216054916084e+08
6.121302024569350861e-06	2.014326818285062909e+08
6.266595075135812720e-06	1.925245093210556805e+08
6.415335937244185660e-06	1.840103663000183702e+08
6.567606394284125053e-06	1.758728218441725373e+08
6.723490168209658438e-06	1.680952161688474715e+08
6.883072965434064874e-06	1.606616265565799773e+08
7.046442523809009829e-06	1.535568347370271981e+08
7.213688660713502452e-06	1.467662956401430368e+08
7.384903322278552072e-06	1.402761077667271495e+08
7.560180633774744189e-06	1.340729845515304804e+08
7.739616951189397156e-06	1.281442272828594148e+08
7.923310914022036841e-06	1.224776990721896142e+08
8.111363499326195573e-06	1.170617998023041785e+08
8.303878077027241651e-06	1.118854427555161566e+08
8.500960466546175274e-06	1.069380315561835468e+08
8.702718994759811206e-06	1.022094386677865386e+08
8.909264555329326243e-06	9.768998459756805003e+07
9.120710669428591294e-06	9.337041799129433930e+07
9.337173547905950878e-06	8.924189688223868608e+07
9.558772154912411465e-06	8.529597049997256696e+07
9.785628273031210967e-06	8.152456147694595158e+07
1.001786656994383315e-05	7.791995051761576533e+07
1.025561466666826935e-05	7.447475929841050506e+07
1.049900320740715780e-05	7.118193608576728404e+07
1.074816593104256006e-05	6.803474104298661649e+07
1.100323974431712927e-05	6.502673253427752852e+07
1.126436479674021011e-05	6.215175386106007546e+07
1.153168455726007199e-05	5.940392072693351656e+07
1.180534589274331239e-05	5.677760910837493837e+07
1.208549914830389386e-05	5.426744377796679735e+07
1.237229822952527598e-05	5.186828731711314619e+07
1.266590068661962185e-05	4.957522957503620535e+07
1.296646780057020347e-05	4.738357759847871214e+07
1.327416467130251206e-05	4.528884603898613900e+07
1.358916030793242526e-05	4.328674798316119611e+07
1.391162772113953598e-05	4.137318612577324361e+07
1.424174401771560928e-05	3.954424445623379946e+07
1.457969049733910803e-05	3.779618016240089387e+07
1.492565275162744761e-05	3.612541600916143507e+07
1.527982076552113750e-05	3.452853302412807941e+07
1.564238902105324219e-05	3.300226344044940174e+07
1.601355660356080919e-05	3.154348408537156507e+07
1.639352731039484611e-05	3.014920987805436179e+07
1.678250976218745123e-05	2.881658789764522016e+07
1.718071751673581340e-05	2.754289130067421496e+07
1.758836918556377449e-05	2.632551393445649371e+07
1.800568855322446174e-05	2.516196491217064485e+07
1.843290469940666343e-05	2.404986353683940321e+07
1.887025212391146723e-05	2.298693441679408401e+07
1.931797087456543977e-05	2.197100280588293076e+07
1.977630667813917403e-05	2.099999016107553616e+07
2.024551107434101685e-05	2.007190989171050861e+07
2.072584155295793731e-05	1.918486326445285603e+07
2.121756169421638399e-05	1.833703554005015269e+07
2.172094131243865612e-05	1.752669225541202351e+07
2.223625660307112985e-05	1.675217566291241907e+07
2.276379029316298513e-05	1.601190134394223057e+07
2.330383179537557590e-05	1.530435496468422562e+07
2.385667736560467369e-05	1.462808917090323567e+07
2.442263026429966104e-05	1.398172062948722765e+07
2.500200092156510981e-05	1.336392719411500171e+07
2.559510710613332733e-05	1.277344519829045609e+07
2.620227409829716086e-05	1.220906687743495218e+07
2.682383486689534664e-05	1.166963785933505371e+07
2.746013025044420370e-05	1.115405489515971765e+07
2.811150914251202087e-05	1.066126345161494985e+07
2.877832868143434875e-05	1.019025568994340673e+07
2.946095444447112565e-05	9.740068335307555273e+06
3.015976064650783376e-05	9.309780716473978013e+06
3.087513034340682894e-05	8.898512887222573161e+06
3.160745564011570915e-05	8.505423818802904338e+06
3.235713790364327296e-05	8.129709670619335026e+06
3.312458798101529313e-05	7.770602172441766597e+06
3.391022642232535944e-05	7.427367024178028107e+06
3.471448370899876538e-05	7.099302400196781382e+06
3.553780048738901622e-05	6.785737519038022496e+06
3.638062780783116721e-05	6.486031264602232724e+06
3.724342736927693272e-05	6.199570876963503659e+06
3.812667176964073547e-05	5.925770689940159209e+06
3.903084476198829769e-05	5.664070947874306701e+06
3.995644151670208638e-05	5.413936647994186729e+06
4.090396888976180804e-05	5.174856447115150280e+06
4.187394569727956398e-05	4.946341617278685793e+06
4.286690299643492239e-05	4.727925043503990397e+06
4.388338437295592189e-05	4.519160277015410364e+06
4.492394623529673807e-05	4.319620584445524961e+06
4.598915811566594902e-05	4.128898142844773829e+06
4.707960297806214876e-05	3.946603147930333391e+06
4.819587753347830529e-05	3.772363025316185784e+06
4.933859256243794785e-05	3.605821686922653113e+06
5.050837324503263721e-05	3.446638787698001135e+06
5.170585949863110153e-05	3.294489036326224450e+06
5.293170632343638317e-05	3.149061523125900421e+06
5.418658415606967974e-05	3.010059089067314286e+06
5.547117923136499055e-05	2.877197715572921094e+06
5.678619395256159330e-05	2.750205941475105472e+06
5.813234727008540767e-05	2.628824312330706976e+06
5.951037506911632682e-05	2.512804844999891240e+06
6.092103056614044072e-05	2.401910521562731825e+06
6.236508471469233645e-05	2.295914805532955565e+06
6.384332662049629307e-05	2.194601177112131845e+06
6.535656396621995865e-05	2.097762689150337130e+06
6.690562344605881370e-05	2.005201546153558418e+06
6.849135121037525445e-05	1.916728701344763162e+06
7.011461332061830480e-05	1.832163460201309994e+06
7.177629621475952013e-05	1.751333122206751956e+06
7.347730718348107306e-05	1.674072622370293597e+06
7.521857485736023789e-05	1.600224193010458956e+06
7.700104970529840671e-05	1.529637042439447250e+06
7.882570454444861176e-05	1.462167045211071847e+06
8.069353506190135572e-05	1.397676449099768186e+06
8.260556034839259089e-05	1.336033591128784930e+06
8.456282344430602227e-05	1.277112630094426917e+06
8.656639189824547455e-05	1.220793287727236049e+06
8.861735833845974398e-05	1.166960603797596181e+06
9.071684105740906480e-05	1.115504700086619938e+06
9.286598460976721225e-05	1.066320555953183444e+06
9.506596042416155844e-05	1.019307793665560544e+06
9.731796742895620260e-05	9.743704727438443806e+05
9.962323269239519656e-05	9.314168943571253913e+05
1.019830120774245123e-04	8.903594128992960323e+05
1.043985909115206551e-04	8.511142571316366084e+05
1.068712846718606696e-04	8.136013595280440059e+05
1.094024396861753069e-04	7.777441912164116511e+05
1.119934338496334072e-04	7.434696064329554792e+05
1.146456773581131053e-04	7.107076926507105818e+05
1.173606134582252459e-04	6.793916276004578685e+05
1.201397192144579643e-04	6.494575427217198303e+05
1.229845062938227844e-04	6.208443923230451765e+05
1.258965217683877345e-04	5.934938287807145389e+05
1.288773489360933505e-04	5.673500837145815603e+05
1.319286081602543488e-04	5.423598535617797170e+05
1.350519577281564297e-04	5.184721901448810240e+05
1.382490947291708616e-04	4.956383976819163072e+05
1.415217559528131536e-04	4.738119321697530686e+05
1.448717188071830218e-04	4.529483064452133840e+05
1.483008022582326378e-04	4.330049998355794814e+05
1.518108677903173321e-04	4.139413704309000168e+05
1.554038203884934967e-04	3.957185724865954835e+05
1.590816095430379958e-04	3.782994769159211428e+05
1.628462302766697952e-04	3.616485953397395206e+05
1.666997241949709702e-04	3.457320076991729438e+05
1.706441805605059877e-04	3.305172926304492867e+05
1.746817373911546103e-04	3.159734615129283047e+05
1.788145825831801968e-04	3.020708953267957550e+05
1.830449550595669858e-04	2.887812835920953657e+05
1.873751459441722349e-04	2.760775677833415102e+05
1.918074997622428216e-04	2.639338903553710552e+05
1.963444156678685495e-04	2.523255228340133908e+05
2.009883486989433711e-04	2.412287702818202670e+05
2.057418118506189114e-04	2.306210921159613936e+05
2.106073743097243000e-04	2.204810163466017693e+05
2.155876672935829331e-04	2.107878250911060895e+05
2.206853824966154140e-04	2.015217422338492761e+05
2.259032742055196001e-04	1.926639579913752386e+05
2.312441607320395187e-04	1.841964540664859232e+05
2.367109258776013963e-04	1.761020079391122854e+05
2.423065204304876256e-04	1.683641579576278455e+05
2.480339636962339668e-04	1.609671695029578405e+05
2.538963450619434112e-04	1.538960030153935368e+05
2.598968255952292458e-04	1.471362830978720158e+05
2.660386396785030549e-04	1.406742693148776016e+05
2.723250966793498208e-04	1.344968281146683730e+05
2.787595826577334273e-04	1.285914059051231889e+05
2.853455621107963314e-04	1.229460035104869312e+05
2.920865797560291493e-04	1.175491516389090684e+05
2.989862623535985355e-04	1.123898875208372046e+05
3.060483205686378321e-04	1.074577324000506342e+05
3.132765508743184111e-04	1.027426703479788848e+05
3.206748374965289546e-04	9.823512746829321259e+04
3.282471544010169724e-04	9.392595284038889804e+04
3.359975673238454422e-04	8.980639940097997896e+04
3.439302358460447290e-04	8.586810634615480376e+04
3.520494155133473114e-04	8.210308194275203277e+04
3.603594600019122498e-04	7.850368730242869060e+04
3.688648233309601556e-04	7.506262075505021494e+04
3.775700621232480928e-04	7.177290291825917666e+04
3.864798379143455039e-04	6.862786251889848791e+04
3.955989195116668298e-04	6.562112274708913174e+04
4.049321854042486945e-04	6.274658826436414529e+04
4.144846262242665724e-04	5.999843273247369507e+04
4.242613472613020664e-04	5.737108698319759424e+04
4.342675710303938764e-04	5.485922761220439133e+04
4.445086398949081455e-04	5.245776614842969866e+04
4.549900187452982341e-04	5.016183867110710707e+04
4.657172977348212131e-04	4.796679590030155669e+04
4.766961950733081786e-04	4.586819370923108363e+04
4.879325598800911853e-04	4.386178411083759420e+04
4.994323750972144227e-04	4.194350689531630633e+04
5.112017604640684259e-04	4.010948013615611853e+04
5.232469755545943527e-04	3.835598940925119678e+04
5.355744236930486688e-04	3.667949097480097407e+04
5.481906519462981025e-04	3.507660207740274200e+04
5.611023589959482664e-04	3.354407674176212458e+04
5.743163954197695814e-04	3.207881391555068694e+04
5.878397677963557305e-04	3.067785518604005119e+04
6.016796421429364099e-04	2.933837010684012057e+04
6.158433474242790487e-04	2.805765305136494499e+04
6.303383791339802139e-04	2.683311770593116671e+04
6.451724029494271435e-04	2.566229181109450656e+04
6.603532584617394490e-04	2.454281209726739326e+04
6.758889629820185934e-04	2.347241950858566634e+04
6.917877154252380627e-04	2.244895457286118472e+04
7.080579002731251462e-04	2.147035302478481026e+04
7.247080916174084442e-04	2.053464159588725670e+04
7.417470572847867892e-04	1.963993399335648064e+04
7.591837630450374999e-04	1.878442707142740983e+04
7.770273769036486035e-04	1.796639715041220552e+04
7.952872734803947876e-04	1.718419651089402396e+04
8.139730384752861701e-04	1.643625006693687101e+04
8.330944732233237435e-04	1.572105210890415219e+04
8.526615993395176858e-04	1.503716328659294777e+04
8.726846634556091175e-04	1.438320768168617178e+04
8.931741420499842397e-04	1.375786992391559397e+04
9.141407463722426826e-04	1.315989268803900086e+04
9.355954274639056382e-04	1.258807396948069254e+04
9.575493812767596523e-04	1.204126471543396656e+04
9.800140538903255507e-04	1.151836648858824992e+04
1.003001146829969300e-03	1.101832922523095294e+04
1.026522622487134953e-03	1.054014909744760007e+04
1.050590709643244676e-03	1.008286647702394475e+04
1.075217909098754015e-03	9.645563991408096626e+03
1.100416999408883236e-03	9.227364657806838295e+03
1.126201042727548564e-03	8.827430057529581973e+03
1.152583390760993434e-03	8.444958787994244631e+03
1.179577690832649345e-03	8.079184585115159280e+03
1.207197892060710371e-03	7.729374979101208737e+03
1.235458251649953956e-03	7.394829731620416169e+03
1.264373341299284900e-03	7.074879406355912579e+03
1.293958053726500896e-03	6.768884045748553945e+03
1.324227609311757819e-03	6.476231799340377620e+03
1.355197562861201700e-03	6.196337467474404548e+03
1.386883811305043325e-03	5.928642066235082893e+03
1.419302597539596469e-03	5.672611456787549287e+03
1.452470522190152640e-03	5.427734215887130631e+03
1.486404547857887726e-03	5.193521516116205930e+03
1.521122007241143418e-03	4.969506394765336154e+03
1.556640610650077573e-03	4.755242258448492066e+03
1.592978453651291548e-03	4.550302144188094644e+03
1.630154024843749215e-03	4.354277858281830959e+03
1.668186213767276554e-03	4.166779143506768378e+03
1.707094318944847025e-03	3.987432890420977856e+03
1.746898056059916242e-03	3.815882385826895188e+03
1.787617566269941553e-03	3.651786588824473256e+03
1.829273424657220813e-03	3.494819435958393115e+03
1.871886648818142131e-03	3.344669187260280523e+03
1.915478707591874823e-03	3.201037793373037857e+03
1.960071529929501184e-03	3.063640291981011615e+03
2.005687513904481391e-03	2.932204233113493046e+03
2.052349535865380468e-03	2.806469126147319457e+03
2.100080959731614322e-03	2.686185915581089830e+03
2.148905646432994806e-03	2.571116475749615802e+03
2.198847963493730413e-03	2.461033132127165572e+03
2.249932794761481513e-03	2.355718196241066380e+03
2.302185550282017431e-03	2.254963533446430574e+03
2.355632176319862221e-03	2.158570137201067610e+03
2.410299165525337222e-03	2.066347728800004006e+03
2.466213567248235448e-03	1.978114373659922194e+03
2.523402997998268338e-03	1.893696114060630862e+03
2.581895652052392832e-03	1.812926617800909071e+03
2.641720312208916885e-03	1.735646844365715424e+03
2.702906360688283206e-03	1.661704722127886271e+03
2.765483790180176503e-03	1.590954843056713116e+03
2.829483215036632856e-03	1.523258169856969062e+03
2.894935882610559681e-03	1.458481755067706672e+03
2.961873684739020542e-03	1.396498473944564921e+03
3.030329169370468180e-03	1.337186768803275299e+03
3.100335552334970799e-03	1.280430403170587397e+03
3.171926729256312714e-03	1.226118228851724325e+03
3.245137287604669615e-03	1.174143962759798342e+03
3.320002518888458525e-03	1.124405973789110249e+03
3.396558430983697124e-03	1.076807072375077496e+03
3.474841760599077858e-03	1.031254306994176659e+03
3.554889986672443714e-03	9.876588176678169475e+02
3.636741339993637169e-03	9.459356493959505769e+02
3.720434820608107401e-03	9.060035099008882753e+02
3.806010207846806902e-03	8.677846670660222799e+02
3.893508074157423643e-03	8.312048097731309326e+02
3.982969798334554980e-03	7.961928632303249742e+02
4.074437578867125438e-03	7.626808570552660740e+02
4.167954447399505220e-03	7.306037895088204550e+02
4.263564282302513032e-03	6.998994970432632954e+02
4.361311822350204086e-03	6.705085280426002328e+02
4.461242680498122941e-03	6.423740280521275281e+02
4.563403357758269788e-03	6.154416214606923177e+02
4.667841257165976712e-03	5.896593056716216097e+02
4.774604697833325848e-03	5.649773451820029777e+02
4.883742929083624215e-03	5.413481735842163971e+02
4.995306144660988622e-03	5.187262978168150767e+02
5.109345497008880611e-03	4.970682074292137713e+02
5.225913111610989113e-03	4.763322875014852116e+02
5.345062101387513219e-03	4.564787361990650538e+02
5.466846581139635577e-03	4.374694846853597596e+02
5.591321682034472960e-03	4.192681216133634052e+02
5.718543566122454014e-03	4.018398201092003887e+02
5.848569440878713388e-03	3.851512690157478005e+02
5.981457573759626535e-03	3.691706065874178648e+02
6.117267306765249504e-03	3.538673558534845824e+02
6.256059070997905917e-03	3.392123653294850101e+02
6.397894401206877073e-03	3.251777507093177064e+02
6.542835950308544847e-03	3.117368389718335493e+02
6.690947503870983172e-03	2.988641159986470370e+02
6.842293994551469118e-03	2.865351754763252643e+02
6.996941516474926639e-03	2.747266706447218780e+02
7.154957339540839872e-03	2.634162679712763975e+02
7.316409923645673247e-03	2.525826028714183735e+02
7.481368932807206870e-03	2.422052372798046633e+02
7.649905249176944949e-03	2.322646194399567037e+02
7.822090986925926692e-03	2.227420448219746731e+02
7.997999505988950819e-03	2.136196193694788121e+02
8.177705425651536977e-03	2.048802243388876150e+02
8.361284637963491140e-03	1.965074818414087758e+02
8.548814320962392146e-03	1.884857229351521539e+02
8.740372951689509909e-03	1.807999555662985642e+02
8.936040319756989245e-03	1.734358379165982171e+02
9.135897536870114799e-03	1.663796497186581007e+02
9.340027053534351309e-03	1.596182600409765939e+02
9.548512668179832963e-03	1.531391057423521715e+02
9.761439539562700302e-03	1.469301680265916445e+02
9.978894198140488697e-03	1.409799460791744821e+02
1.020096455710242656e-02	1.352774355822002406e+02
1.042773992292209823e-02	1.298121067629103038e+02
1.065931100594880686e-02	1.245738837729332147e+02
1.089576992993970816e-02	1.195531250671947276e+02
1.113721024163124435e-02	1.147406043483031794e+02
1.138372691998327385e-02	1.101274928599562060e+02
1.163541638348143670e-02	1.057053420266458517e+02
1.189237650012333128e-02	1.014660663788036317e+02
1.215470659243709541e-02	9.740192819381057632e+01
1.242250744693290491e-02	9.350552283662555908e+01
1.269588131758160945e-02	8.976976314686153557e+01
1.297493193445505011e-02	8.618786675050716894e+01
1.325976450550727520e-02	8.275334220010097397e+01
1.355048572433826051e-02	7.945997652537427314e+01
1.384720377061657293e-02	7.630182365146127665e+01
1.415002831436455374e-02	7.327319204471113778e+01
1.445907051948336873e-02	7.036863342690425327e+01
1.477444304213079360e-02	6.758293384159887296e+01
1.509626003268508751e-02	6.491110194919937726e+01
1.542463713684087516e-02	6.234835948109110859e+01
1.575969149124050589e-02	5.989013327354564353e+01
1.610154172282636520e-02	5.753204514806496661e+01
1.645030794720340681e-02	5.526990348967055411e+01
1.680611176124477413e-02	5.309969633832945846e+01
1.716907623952356604e-02	5.101758246894413418e+01
1.753932592961685022e-02	4.901988408109997408e+01
1.791698684141737608e-02	4.710308068868388887e+01
1.830218644031877603e-02	4.526380144280883400e+01
1.869505363911009438e-02	4.349881856516550727e+01
1.909571878375017351e-02	4.180504214620688685e+01
1.950431364296137740e-02	4.017951329135452454e+01
1.992097139633388497e-02	3.861939859795693764e+01
2.034582661636069253e-02	3.712198534842216446e+01
2.077901525406824004e-02	3.568467562895548895e+01
2.122067462293297443e-02	3.430498108787198674e+01
2.167094338009976223e-02	3.298051977009095737e+01
2.212996149564623247e-02	3.170901086906878419e+01
2.259787024945320022e-02	3.048826872878900929e+01
2.307481219352847113e-02	2.931620041417219724e+01
2.356093113308155296e-02	2.819080189884697418e+01
2.405637209709860641e-02	2.711015353175540810e+01
2.456128131264533401e-02	2.607241660427078855e+01
2.507580617350406785e-02	2.507582988825113191e+01
2.560009520953993034e-02	2.411870637228035363e+01
2.613429805307487808e-02	2.319943001258252124e+01
2.667856540426721476e-02	2.231645269221047201e+01
2.723304899479367380e-02	2.146829136591663456e+01
2.779790154755032439e-02	2.065352528452199365e+01
2.837327673945263043e-02	1.987079324278982639e+01
2.895932915555250037e-02	1.911879109708169722e+01
2.955621424898916688e-02	1.839626932561724715e+01
3.016408829073963585e-02	1.770203067948961362e+01
3.078310832637071517e-02	1.703492793560977248e+01
3.141343212195559648e-02	1.639386185989916811e+01
3.205521811421325334e-02	1.577777904713387080e+01
3.270862535867875148e-02	1.518566997571855737e+01
3.337381346934119308e-02	1.461656720690736400e+01
3.405094256653055235e-02	1.406954354112682282e+01
3.474017321200777164e-02	1.354371038475643196e+01
3.544166634953204581e-02	1.303821601487882731e+01
3.615558324342873359e-02	1.255224397829585214e+01
3.688208540811064445e-02	1.208501178973867241e+01
3.762133454280165018e-02	1.163576930398916076e+01
3.837349246433899991e-02	1.120379733579625281e+01
3.913872103092307791e-02	1.078840649394867768e+01
3.991718207220753406e-02	1.038893559243216025e+01
4.070903732014963250e-02	1.000474757821210581e+01
4.151444834291556640e-02	9.635231150296869274e+00
4.233357658109734162e-02	9.279827129893629234e+00
4.316658167871476048e-02	8.937989280163304073e+00
4.401362500865416832e-02	8.609128692031399410e+00
4.487486797213462858e-02	8.292723046217712835e+00
4.575046839395321974e-02	7.988329696850651196e+00
4.664058516636799406e-02	7.695473501653630422e+00
4.754537622187748197e-02	7.413683932680446453e+00
4.846499859107103458e-02	7.142529097107579439e+00
4.939960832228725701e-02	6.881592293047734898e+00
5.034936039252999040e-02	6.630472012237180301e+00
5.131440875548509001e-02	6.388785935342695232e+00
5.229490566041380961e-02	6.156168800428436505e+00
5.329100243451926483e-02	5.932264893692118513e+00
5.430284878093129958e-02	5.716733965038048204e+00
5.533059283044607091e-02	5.509252001848632396e+00
5.637438103265475509e-02	5.309506922565144116e+00
5.743435805218513601e-02	5.117199231709727236e+00
5.851066665936584255e-02	4.932041495111221252e+00
5.960344762189644097e-02	4.753757852931824956e+00
6.071283959357210575e-02	4.582083532137615656e+00
6.183897900567550399e-02	4.416764347301262106e+00
6.298199995445832866e-02	4.257556329365542069e+00
6.414203408653165739e-02	4.104225255440565157e+00
6.531921049012570646e-02	3.956546252820443144e+00
6.651365557629594638e-02	3.814303416448843631e+00
6.772549297039857918e-02	3.677289437633555202e+00
6.895484339256205408e-02	3.545305255170761782e+00
7.020182454534475147e-02	3.418159704550623790e+00
7.146655100131121818e-02	3.295669187190010341e+00
7.274913408360839107e-02	3.177657383992069651e+00
7.404968175380632900e-02	3.063954938256451044e+00
7.536829849999603093e-02	2.954399156915043623e+00
7.670508521789448642e-02	2.848833772446434764e+00
7.806013909998792133e-02	2.747108649876653708e+00
7.943355352532217861e-02	2.649079541328601906e+00
8.082541794235179045e-02	2.554607861077789366e+00
8.223581776070888749e-02	2.463560438564698529e+00
8.366483424418814929e-02	2.375809300244190680e+00
8.511254439742332867e-02	2.291231473517932660e+00
8.657902086399360542e-02	2.209708822467318257e+00
8.806433183312431523e-02	2.131126453862588921e+00
8.956854098341796022e-02	2.055373712160750710e+00
9.109170826237827923e-02	1.982355163643940932e+00
9.263388199202743367e-02	1.911967376185124134e+00
9.419512005429676871e-02	1.844097951657535539e+00
9.577546211120976927e-02	1.778663870438438099e+00
9.737494786522532531e-02	1.715580930630430601e+00
9.899361163332641433e-02	1.654757149536917771e+00
1.006314817613080115e-01	1.596110898152757862e+00
1.022885819562956572e-01	1.539561848095013064e+00
1.039649302426572386e-01	1.485032985445201126e+00
1.056605391346255446e-01	1.432450779357074655e+00
1.073754155708775970e-01	1.381744188388039918e+00
1.091095608307086628e-01	1.332844866194138111e+00
1.108629704672124128e-01	1.285687056851912979e+00
1.126356342351990392e-01	1.240207487787527318e+00
1.144275360310530870e-01	1.196345270723382370e+00
1.162386538295477056e-01	1.154041807509165629e+00
1.180689596282671616e-01	1.113240702307955354e+00
1.199184193942645360e-01	1.073887671461555060e+00
1.217869930156718489e-01	1.035930462709828026e+00
1.236746342574641250e-01	9.993187748012783977e-01
1.255812907188245675e-01	9.640041814629753958e-01
1.275069038008113942e-01	9.299400573550834492e-01
1.294514086701106792e-01	8.970815081897414167e-01
1.314147342366369653e-01	8.653853041912791255e-01
1.333968031255796105e-01	8.348097861268474196e-01
1.353975316649146110e-01	8.053149150593179595e-01
1.374168298659261267e-01	7.768620460266808525e-01
1.394546014209611662e-01	7.494139821438191573e-01
1.415107436935006124e-01	7.229348933582254721e-01
1.435851477216864014e-01	6.973902600860421019e-01
1.456776982267160014e-01	6.727468287836559924e-01
1.477882736179541578e-01	6.489725813145321709e-01
1.499167459666477520e-01	6.260366318043762979e-01
1.520629811993542135e-01	6.039091955109125998e-01
1.542268388723118944e-01	5.825616311568896366e-01
1.564081723621002507e-01	5.619663266857555239e-01
1.586068288656551084e-01	5.420966412591264882e-01
1.608226494342694657e-01	5.229269107540962525e-01
1.630554690215967883e-01	5.044323962863438426e-01
1.653051165363913222e-01	4.865892495209270252e-01
1.675714148908638013e-01	4.693744817802153468e-01
1.698541810632260007e-01	4.527659292837530325e-01
1.721532261647285844e-01	4.367422224157255783e-01
1.744683555021344923e-01	4.212827583781690310e-01
1.767993686543033183e-01	4.063676703972342596e-01
1.791460595529139055e-01	3.919778005065492343e-01
1.815082165587073859e-01	3.780946752530299770e-01
1.838856225513941511e-01	3.647004783304905740e-01
1.862780550232360777e-01	3.517780259312967006e-01
1.886852861716850627e-01	3.393107467954030176e-01
1.911070829897086598e-01	3.272826578001924447e-01
1.935432073887224103e-01	3.156783398081760006e-01
1.959934162888444520e-01	3.044829202174881289e-01
1.984574617385899686e-01	2.936820529612823027e-01
2.009350910239032784e-01	2.832618982713762112e-01
2.034260467907701708e-01	2.732091045078664515e-01
2.059300671637693814e-01	2.635107905641202453e-01
2.084468858720360251e-01	2.541545289818842313e-01
2.109762323765189684e-01	2.451283293653808426e-01
2.135178320011954789e-01	2.364206226298837255e-01
2.160714060671407311e-01	2.280202460460576397e-01
2.186366720264868724e-01	2.199164285811653075e-01
2.212133436053008717e-01	2.120987767127408830e-01
2.238011309399842164e-01	2.045572611266480434e-01
2.263997407258917238e-01	1.972822036186169248e-01
2.290088763572511454e-01	1.902642646103400725e-01
2.316282380805544938e-01	1.834944310346737495e-01
2.342575231381627821e-01	1.769640050437417400e-01
2.368964259215006751e-01	1.706645924604266173e-01
2.395446381256843005e-01	1.645880920547991844e-01
2.422018488969128192e-01	1.587266854297966767e-01
2.448677449942468776e-01	1.530728264908896019e-01
2.475420109383282274e-01	1.476192333076389585e-01
2.502243291705849582e-01	1.423588810642649471e-01
2.529143801633418898e-01	1.372849834122100432e-01
2.556118427602583343e-01	1.323909869145530327e-01
2.583163940647725809e-01	1.276705770795533434e-01
2.610277097755223652e-01	1.231176575505865955e-01
2.637454642954280559e-01	1.187263396912116853e-01
2.664693308924316328e-01	1.144909418994433242e-01
2.691989818597940731e-01	1.104059802444522648e-01
2.719340886661210099e-01	1.064661620565712230e-01
2.746743221158174930e-01	1.026663789674642224e-01
2.774193525021846352e-01	9.900170032026507638e-02
2.801688497656615873e-01	9.546736718740593541e-02
2.829224836409541810e-01	9.205878661950796238e-02
2.856799238122668116e-01	8.877152555854768423e-02
2.884408400668037054e-01	8.560130529095293095e-02
2.912049024380827245e-01	8.254399645818748243e-02
2.939717813567697680e-01	7.959561351055648160e-02
2.967411477991824809e-01	7.675230968016373556e-02
2.995126734284409009e-01	7.401037269230550941e-02
3.022860307309658823e-01	7.136621987827133917e-02
3.050608931685806491e-01	6.881639322523350200e-02
3.078369353108078577e-01	6.635755550908646605e-02
3.106138329678014842e-01	6.398648624206722257e-02
3.133912633290045213e-01	6.170007737878414195e-02
3.161689050896836495e-01	5.949532953371947791e-02
3.189464385832229132e-01	5.736934816855973618e-02
3.217235459050429291e-01	5.531934001128218509e-02
3.244999110367436934e-01	5.334260960644090360e-02
3.272752199650492688e-01	5.143655588748970164e-02
3.300491608023023993e-01	4.959866886304704209e-02
3.328214239004089192e-01	4.782652657165679250e-02
3.355917019602703277e-01	4.611779200626707487e-02
3.383596901460441120e-01	4.447021013645478804e-02
3.411250861858605710e-01	4.288160516176470205e-02
3.438875904771722669e-01	4.134987769786499512e-02
3.466469061890647407e-01	3.987300212481685591e-02
3.494027393531814463e-01	3.844902411225212258e-02
3.521547989643782350e-01	3.707605807394254854e-02
3.549027970646342345e-01	3.575228486776344666e-02
3.576464488331563829e-01	3.447594934671488476e-02
3.603854726733048408e-01	3.324535837637471875e-02
3.631195902873828874e-01	3.205887930949802289e-02
3.658485267103898653e-01	3.091493583668697420e-02
3.685720105659803236e-01	2.981200652242919566e-02
3.712897738741027243e-01	2.874862596373366219e-02
3.740015522870357989e-01	2.772338019884378751e-02
3.767070851172533152e-01	2.673490427931283706e-02
3.794061153921538532e-01	2.578188209709617734e-02
3.820983899155160901e-01	2.486304413927479043e-02
3.847836593256399040e-01	2.397716587241494404e-02
3.874616781402833721e-01	2.312306627861507313e-02
3.901322048086977579e-01	2.229960623131986563e-02
3.927950017602936383e-01	2.150568703887925995e-02
3.954498354401373983e-01	2.074024912749458313e-02
3.980964763517350069e-01	2.000227056876617907e-02
4.007346990963461253e-01	1.929076578590392319e-02
4.033642823995580717e-01	1.860478434680703716e-02
4.059850091450047938e-01	1.794340965770259075e-02
4.085966664044990981e-01	1.730575774840328526e-02
4.111990454595063627e-01	1.669097627881931459e-02
4.137919418136526972e-01	1.609824333956198783e-02
4.163751552319409077e-01	1.552676626910138094e-02
4.189484897390375884e-01	1.497578076963053742e-02
4.215117536420323052e-01	1.444454990177795189e-02
4.240647595351281218e-01	1.393236306929605990e-02
4.266073243126995984e-01	1.343853510599802605e-02
4.291392691717079155e-01	1.296240537961660180e-02
4.316604196161311080e-01	1.250333693405679056e-02
4.341706054570283468e-01	1.206071564189300539e-02
4.366696608112711209e-01	1.163394939339792294e-02
4.391574240979767563e-01	1.122246733081071722e-02
4.416337380297516435e-01	1.082571908940343358e-02
4.440984496084687261e-01	1.044317406488337596e-02
4.465514101095751087e-01	1.007432071889208074e-02
4.489924750748612303e-01	9.718665898901655831e-03
4.514215042918664489e-01	9.375734187264466238e-03
4.538383617835194395e-01	9.045067268165956839e-03
4.562429157828001847e-01	8.726223318492862258e-03
4.586350387195837208e-01	8.418776417186746297e-03
4.610146071917725075e-01	8.122315992043424582e-03
4.633815019443617289e-01	7.836446238322846217e-03
4.657356078469081506e-01	7.560785646298169918e-03
4.680768138602450223e-01	7.294966648834097511e-03
4.704050129667628477e-01	7.038634609225273737e-03
4.727201023121275214e-01	6.791447486367437579e-03
4.750219829242097180e-01	6.553076145992864192e-03
4.773105598395703253e-01	6.323203226060291476e-03
4.795857420347921507e-01	6.101522575647043770e-03
4.818474423842323828e-01	5.887739222470922233e-03
4.840955776268195954e-01	5.681568838224854666e-03
4.863300683316044704e-01	5.482737357893079436e-03
4.885508388519269052e-01	5.290980639139260429e-03
4.907578172890961210e-01	5.106044074747686026e-03
4.929509354548760047e-01	4.927682255239487601e-03
4.951301288227001329e-01	4.755658659235501538e-03
4.972953364886643635e-01	4.589745308582985663e-03
4.994465011312837488e-01	4.429722462335005870e-03
5.015835689604704051e-01	4.275378342333996037e-03
5.037064896761860311e-01	4.126508825878463793e-03
5.058152164257613270e-01	3.982917161142661595e-03
5.079097057513912716e-01	3.844413724378232828e-03
5.099899175501333426e-01	3.710815758093673460e-03
5.120558150158175392e-01	3.581947122268537564e-03
5.141073646043827772e-01	3.457638029546987110e-03
5.161445359798361165e-01	3.337724838822426696e-03
5.181673019625162580e-01	3.222049843544740836e-03
5.201756384852046500e-01	3.110461034235802689e-03
5.221695245406022812e-01	3.002811903068238007e-03
5.241489421331492204e-01	2.898961243937686269e-03
5.261138762286196036e-01	2.798772959183092046e-03
5.280643147045950281e-01	2.702115871964728879e-03
5.300002483007779652e-01	2.608863552115475194e-03
5.319216705661798938e-01	2.518894143136498134e-03
5.338285778130996695e-01	2.432090195272498291e-03
5.357209690615520881e-01	2.348338503860379796e-03
5.375988459943681352e-01	2.267529959637219414e-03
5.394622129007325961e-01	2.189559396192719901e-03
5.413110766323253609e-01	2.114325447512576707e-03
5.431454465467093762e-01	2.041730414419038429e-03
5.449653344602024552e-01	1.971680125866156000e-03
5.467707545998933272e-01	1.904083809804148642e-03
5.485617235477273645e-01	1.838853975340123004e-03
5.503382601979346367e-01	1.775906282244784674e-03
5.521003857008363047e-01	1.715159452433773560e-03
5.538481234160631539e-01	1.656535196916303788e-03
5.555814988177069091e-01	1.599957940541582926e-03
5.573005396265898748e-01	1.545354780994438043e-03
5.590052754946880365e-01	1.492655620091083365e-03
5.606957381340424984e-01	1.441792854438590961e-03
5.623719612193294193e-01	1.392701244766457848e-03
5.640339803440705957e-01	1.345317930369606613e-03
5.656818329771567955e-01	1.299582314601428540e-03
5.673155584080894487e-01	1.255435987412408189e-03
5.689351977055998599e-01	1.212822640136540465e-03
5.705407936695869875e-01	1.171687986633832392e-03
5.721323907889943605e-01	1.131979693961162594e-03
5.737100351902141293e-01	1.093647315420969834e-03
5.752737745960811999e-01	1.056642213054373837e-03
5.768236582837918958e-01	1.020917496771554757e-03
5.783597370348527722e-01	9.864279621731308900e-04
5.798820630954036881e-01	9.531300263193282852e-04
5.813906901352766665e-01	9.209816675508007396e-04
5.828856732023770526e-01	8.899423749255342070e-04
5.843670686753941190e-01	8.599730940080969758e-04
5.858349342347752842e-01	8.310361617587760279e-04
5.872893288118528066e-01	8.030952657714265485e-04
5.887303125538861925e-01	7.761153941604516382e-04
5.901579467809728863e-01	7.500627883770402075e-04
5.915722939457598306e-01	7.249048998660137999e-04
5.929734175984511246e-01	7.006103401730564466e-04
5.943613823439015675e-01	6.771488426404554881e-04
5.957362538100803295e-01	6.544912221084245264e-04
5.970980986021907633e-01	6.326093343308036160e-04
5.984469842762549785e-01	6.114760408112273476e-04
5.997829792902313883e-01	5.910651704333825694e-04
6.011061529830037387e-01	5.713514808200335264e-04
6.024165755284394130e-01	5.523106319590333647e-04
6.037143179044274222e-01	5.339191509771195818e-04
6.049994518587965553e-01	5.161543988662623981e-04
6.062720498767586452e-01	4.989945404438450582e-04
6.075321851484196678e-01	4.824185158002140383e-04
6.087799315352828700e-01	4.664060153854322332e-04
6.100153635360835436e-01	4.509374496242527560e-04
6.112385562624081947e-01	4.359939194018675433e-04
6.124495854026897890e-01	4.215572022458976848e-04
6.136485271916523043e-01	4.076097408461414528e-04
6.148354583394259887e-01	3.941345614244190303e-04
6.160104561761461373e-01	3.811152705555872241e-04
6.171735983665108671e-01	3.685361178035150270e-04
6.183249630515437190e-01	3.563818957567729709e-04
6.194646287784872918e-01	3.446379078501806792e-04
6.205926744703286202e-01	3.332899893679289053e-04
6.217091794072562294e-01	3.223244728559873022e-04
6.228142231970433818e-01	3.117281734380677755e-04
6.239078857455250260e-01	3.014883722074310928e-04
6.249902472404821330e-01	2.915927948034582602e-04
6.260613881234038391e-01	2.820296002814611414e-04
6.271213890610549679e-01	2.727873651398471529e-04
6.281703309315831429e-01	2.638550643908515515e-04
6.292082947971245899e-01	2.552220612797098122e-04
6.302353618776271871e-01	2.468780929998386957e-04
6.312516135380009663e-01	2.388132547011504890e-04
6.322571312612417227e-01	2.310179891333139391e-04
6.332519966282514901e-01	2.234830733096257460e-04
6.342362912991340584e-01	2.161996084479918137e-04
6.352100969891746329e-01	2.091590056249429156e-04
6.361734954575601897e-01	2.023529749774686224e-04
6.371265684834628296e-01	1.957735158336174899e-04
6.380693978480155293e-01	1.894129079942937074e-04
6.390020653159452779e-01	1.832637000522602440e-04
6.399246526195153661e-01	1.773186988689368819e-04
6.408372414450496102e-01	1.715709621097532070e-04
6.417399134046612996e-01	1.660137901612785414e-04
6.426327500347684962e-01	1.606407142807864889e-04
6.435158327717965809e-01	1.554454905121540741e-04
6.443892429370794428e-01	1.504220927157942341e-04
6.452530617264449209e-01	1.455647026955581447e-04
6.461073701906810962e-01	1.408677043049665935e-04
6.469522492237477218e-01	1.363256745805156809e-04
6.477877795557874796e-01	1.319333792438138011e-04
6.486140417195132013e-01	1.276857650883933505e-04
6.494311160650844128e-01	1.235779521701311113e-04
6.502390827288736519e-01	1.196052347075515619e-04
6.510380215965175799e-01	1.157630618677835566e-04
6.518280123981246010e-01	1.120470322241731926e-04
6.526091345501093821e-01	1.084529122024557678e-04
6.533814672305722215e-01	1.049766112003211411e-04
6.541450893581857162e-01	1.016141714976978718e-04
6.549000795732928815e-01	9.836177517941183308e-05
6.556465162245237455e-01	9.521573568514134884e-05
6.563844773713665148e-01	9.217249134455721517e-05
6.571140407665454486e-01	8.922860364342198461e-05
6.578352838416758885e-01	8.638075274070403412e-05
6.585482837108713738e-01	8.362572937565752710e-05
6.592531171640497734e-01	8.096043581812493995e-05
6.599498606298335179e-01	7.838188226187593614e-05
6.606385902064969562e-01	7.588717662708665483e-05
6.613193816401141678e-01	7.347352732352110461e-05
6.619923102928143566e-01	7.113824060789246504e-05
6.626574511765979114e-01	6.887870953593448276e-05
6.633148789282329316e-01	6.669241802321259358e-05
6.639646677821735565e-01	6.457693777959272225e-05
6.646068916033583962e-01	6.252991956350913020e-05
6.652416238552111283e-01	6.054909496308844447e-05
6.658689375958982692e-01	5.863227314603853998e-05
6.664889054886077302e-01	5.677733627175452353e-05
6.671015997747127280e-01	5.498223994141045960e-05
6.677070922805858899e-01	5.324500805711246144e-05
6.683054544184041657e-01	5.156373058298458601e-05
6.688967571682351565e-01	4.993656249474649127e-05
6.694810710866999637e-01	4.836172093939698703e-05
6.700584662926190038e-01	4.683748353825250080e-05
6.706290124665831298e-01	4.536218582336172024e-05
6.711927788517475513e-01	4.393421894014888461e-05
6.717498342441119430e-01	4.255202859139553583e-05
6.723002469910309697e-01	4.121411259515488833e-05
6.728440849923514877e-01	3.991901914800099669e-05
6.733814156898587644e-01	3.866534463227624529e-05
6.739123060782559183e-01	3.745173321214080044e-05
6.744368226777416320e-01	3.627687481695169067e-05
6.749550315627684816e-01	3.513950186669128158e-05
6.754669983374539388e-01	3.403839001755256424e-05
6.759727881386562443e-01	3.297235599924431372e-05
6.764724656435437966e-01	3.194025764075514794e-05
6.769660950314401182e-01	3.094098792561766068e-05
6.774537400760667349e-01	2.997347436650892938e-05
6.779354640308400404e-01	2.903668538964577242e-05
6.784113296719258557e-01	2.812962143826316810e-05
6.788813993635970379e-01	2.725132068366384517e-05
6.793457348319145161e-01	2.640085207467190247e-05
6.798043975533654137e-01	2.557730373723596750e-05
6.802574483845928999e-01	2.477980404009237376e-05
6.807049477450074493e-01	2.400751357047900984e-05
6.811469555671837428e-01	2.325961522738512503e-05
6.815835313103522086e-01	2.253531973844697533e-05
6.820147339655360241e-01	2.183386359605247703e-05
6.824406220353766983e-01	2.115450992301722374e-05
6.828612535484552826e-01	2.049654526663553206e-05
6.832766860615697713e-01	1.985927950784522797e-05
6.836869766512161384e-01	1.924204573080047688e-05
6.840921819156124961e-01	1.864419906037852856e-05
6.844923579835893168e-01	1.806511524209319233e-05
6.848875605055770865e-01	1.750419109073063508e-05
6.852778446553873248e-01	1.696084299451221204e-05
6.856632651432813530e-01	1.643450652084981872e-05
6.860438761914070538e-01	1.592463597616975305e-05
6.864197315670615973e-01	1.543070283059851921e-05
6.867908845598192924e-01	1.495219647662107515e-05
6.871573879856637257e-01	1.448862339056035127e-05
6.875192941991787876e-01	1.403950527336856094e-05
6.878766550875705654e-01	1.360437969546548215e-05
6.882295220714962358e-01	1.318279961359575341e-05
6.885779461086569686e-01	1.277433228146202802e-05
6.889219776950450402e-01	1.237855920445671104e-05
6.892616668643865019e-01	1.199507543365090233e-05
6.895970631935530726e-01	1.162348922092290766e-05
6.899282158005201060e-01	1.126342133479327273e-05
6.902551733532582556e-01	1.091450518835192868e-05
6.905779840531159897e-01	1.057638612036998454e-05
6.908966956659473579e-01	1.024872038809535523e-05
6.912113554988215114e-01	9.931175735258588631e-06
6.915220104124604195e-01	9.623430846584511529e-06
6.918287068223730740e-01	9.325174536814774597e-06
6.921314906987426907e-01	9.036105773028676571e-06
6.924304075757061749e-01	8.755933890057325712e-06
6.927255025226018992e-01	8.484376420839394450e-06
6.930168202314400672e-01	8.221158987177813117e-06
6.933044049070242743e-01	7.966018461113496903e-06
6.935883003359887278e-01	7.718699987825437369e-06
6.938685498730526868e-01	7.478955654778016022e-06
6.941451964518997597e-01	7.246545719402817877e-06
6.944182825769416034e-01	7.021238495722309243e-06
6.946878503271768368e-01	6.802809597804537609e-06
6.949539413676683042e-01	6.591041646913863594e-06
6.952165969427663850e-01	6.385724383339903045e-06
6.954758578776401023e-01	6.186654273068772328e-06
6.957317645917706628e-01	5.993634024604600533e-06
6.959843570920466460e-01	5.806472862093443231e-06
6.962336749727346952e-01	5.624986097387845589e-06
6.964797574312103778e-01	5.448994597693772113e-06
6.967226432603516040e-01	5.278325147844777075e-06
6.969623708471650581e-01	5.112810160026937341e-06
6.971989781909707640e-01	4.952286856528201878e-06
6.974325028937331528e-01	4.796598031101027428e-06
6.976629821607560622e-01	4.645591355872150990e-06
6.978904528171903099e-01	4.499119020938355601e-06
6.981149512979051286e-01	4.357038095661655315e-06
6.983365136540572449e-01	4.219210081673263102e-06
6.985551755590144740e-01	4.085500885258263552e-06
6.987709723029945641e-01	3.955780517107920301e-06
6.989839388075087534e-01	3.829922951833257959e-06
6.991941096200716688e-01	3.707806092649025832e-06
6.994015189187181569e-01	3.589311723292918341e-06
6.996062005150075480e-01	3.474325258753543658e-06
6.998081878561358549e-01	3.362735523903149528e-06
7.000075140337366220e-01	3.254434842777558981e-06
7.002042117717657277e-01	3.149318879878019579e-06
7.003983134481528428e-01	3.047286375525064551e-06
7.005898510848191929e-01	2.948239103452618478e-06
7.007788563538265292e-01	2.852081924169355183e-06
7.009653605826359213e-01	2.758722415221101905e-06
7.011493947530852422e-01	2.668071086238052108e-06
7.013309895052044496e-01	2.580040885000301379e-06
7.015101751467568425e-01	2.494547342667586900e-06
7.016869816443348506e-01	2.411508546386043728e-06
7.018614386326986754e-01	2.330844936435249723e-06
7.020335754220790037e-01	2.252479724424696564e-06
7.022034209621403900e-01	2.176337427968790706e-06
7.023710039587206522e-01	2.102344084875419148e-06
7.025363527257908469e-01	2.030429353274088148e-06
7.026994952745819756e-01	1.960524516283813747e-06
7.028604593107924403e-01	1.892561829097351209e-06
7.030192722234388514e-01	1.826475794137128993e-06
7.031759610854491083e-01	1.762202635189799510e-06
7.033305526688117260e-01	1.699679691345560565e-06
7.034830734523491724e-01	1.638846057429294699e-06
7.036335495845031929e-01	1.579642490935515764e-06
7.037820069377531684e-01	1.522010398871883011e-06
7.039284710920660215e-01	1.465892627390921646e-06
7.040729673077790185e-01	1.411233354871050151e-06
7.042155205791391648e-01	1.357977118796799409e-06
7.043561556129809276e-01	1.306069568856155932e-06
7.044948968048901916e-01	1.255457274944343168e-06
7.046317682949061467e-01	1.206086699071103028e-06
7.047667939409798521e-01	1.157904974556604199e-06
7.048999973013371223e-01	1.110859597273546646e-06
7.050314016845034004e-01	1.064897553053931942e-06
7.051610301171028494e-01	1.019965616978853693e-06
7.052889053518636153e-01	9.760099885511819929e-07
7.054150498885007892e-01	9.329757211974651080e-07
7.055394859455949019e-01	8.908065353120319009e-07
7.056622354934443120e-01	8.494440340561167107e-07
7.057833202355355828e-01	8.088271502066903413e-07
7.059027616237000258e-01	7.688912421570527764e-07
7.060205808553740026e-01	7.295670449378455315e-07
7.061367988757121239e-01	6.907792931880797205e-07
7.062514363791014826e-01	6.524447320417145171e-07
7.063645138169476478e-01	6.144694482184526875e-07
7.064760514006296344e-01	5.767455252209399606e-07
7.065860690876566430e-01	5.391458945351663101e-07
7.066945866092478878e-01	5.015165659821502009e-07
7.068016234522073171e-01	4.636652121118424069e-07
7.069071988800732509e-01	4.248454769826964405e-07
7.070113319072240943e-01	3.857293597818468314e-07
7.071140413363763422e-01	3.453193154386498566e-07
7.072153457353832495e-01	3.028765461534973391e-07
7.073152634448520715e-01	2.571896905356296247e-07
7.074138125918350006e-01	2.058675869090546928e-07
7.075110110540545616e-01	1.426388636483637421e-07
7.076068765553147344e-01	0.000000000000000000e+00
