# Data associated with arXiv:2110.09653
# 
# Scale-free J-factor angular distribution, J_S(theta), of a nfw0-6 dark matter distribution (see Eq. 8 and the surrounding discussion)
# 
# Published: 3/29/22, Jack Runburg, contact: runburg@hawaii.edu
# 
# 
# -----------------------------------------------------------------
# 
# 	 tilde theta 		 | 	 tilde J s-wave 		 | 	 tilde J p-wave 		 | 	 tilde J d-wave 		 | 	 tilde J sommerfeld 
# 
# -----------------------------------------------------------------
1.000000000000000021e-03	1.471467367667842474e+01	1.087853027380740967e+00	4.268111044143349520e-01	3.101373191901197970e+02
1.021192151037671062e-03	1.462044583049469182e+01	1.086799440839665287e+00	4.265766432968927102e-01	3.044614720347897787e+02
1.042833409340945643e-03	1.452663512077018915e+01	1.085736974615398198e+00	4.263401771001175677e-01	2.988929986084536949e+02
1.064933292458827233e-03	1.443320141723456373e+01	1.084665290246577207e+00	4.261016294029459917e-01	2.934254650198379863e+02
1.087501519637659123e-03	1.434015172212701117e+01	1.083584365362914248e+00	4.258609932318004332e-01	2.880589799691197186e+02
1.110548016095517111e-03	1.424750245399633108e+01	1.082494241787992584e+00	4.256182764527964291e-01	2.827920355404804127e+02
1.134082917387199208e-03	1.415526247033402285e+01	1.081394913487854881e+00	4.253734759939692411e-01	2.776244282137178629e+02
1.158116573861711456e-03	1.406339353492429822e+01	1.080286040626796451e+00	4.251265144991743239e-01	2.725510058335984240e+02
1.182659555214217667e-03	1.397190260227817227e+01	1.079167597541465851e+00	4.248773845024128026e-01	2.675705198438612911e+02
1.207722655134462354e-03	1.388080638630628805e+01	1.078039632580128027e+00	4.246260948212783881e-01	2.626832459745722872e+02
1.233316896053688856e-03	1.379011177712092717e+01	1.076902127228118289e+00	4.243726390532609472e-01	2.578875517515099318e+02
1.259453533992170365e-03	1.369978237088546535e+01	1.075754736367916076e+00	4.241169387553378467e-01	2.531792637643891339e+02
1.286144063509461061e-03	1.360982507547531917e+01	1.074597433615556596e+00	4.238589860011528487e-01	2.485573996023892960e+02
1.313400222759557485e-03	1.352025687040592317e+01	1.073430274871651990e+00	4.235987905885810756e-01	2.440215382340359724e+02
1.341233998653187541e-03	1.343108276642831811e+01	1.072253224587866205e+00	4.233363424402588060e-01	2.395709745610156460e+02
1.369657632129505243e-03	1.334226813202054451e+01	1.071065935124616564e+00	4.230715620927045784e-01	2.352013001233456464e+02
1.398683623539492566e-03	1.325381982966495009e+01	1.069868381355897125e+00	4.228044411818523418e-01	2.309115709081019929e+02
1.428324738143458596e-03	1.316575507572204806e+01	1.068660622373745817e+00	4.225349903143845731e-01	2.267022934030217982e+02
1.458594011725036863e-03	1.307807708731984064e+01	1.067442606115305503e+00	4.222631955499506762e-01	2.225712988407252908e+02
1.489504756324154782e-03	1.299075294634103450e+01	1.066213985376171625e+00	4.219889764796965759e-01	2.185158303265961024e+02
1.521070566091505720e-03	1.290378947148241195e+01	1.064974731073555780e+00	4.217123240549874308e-01	2.145343725867651017e+02
1.553305323267072666e-03	1.281720408790143395e+01	1.063724908940145042e+00	4.214332498053272036e-01	2.106271050524213990e+02
1.586223204285366938e-03	1.273099830246274067e+01	1.062464454253193136e+00	4.211517358749471973e-01	2.067931013131724853e+02
1.619838686010041055e-03	1.264514085343064664e+01	1.061193013828293230e+00	4.208677006336180582e-01	2.030285155216316468e+02
1.654166552100628336e-03	1.255963851704332157e+01	1.059910558356863985e+00	4.205811344113083994e-01	1.993330082627635704e+02
1.689221899514206692e-03	1.247450890032379256e+01	1.058617161010995344e+00	4.202920496548384621e-01	1.957063001397424955e+02
1.725020145144853453e-03	1.238975188069888667e+01	1.057312738543572328e+00	4.200004241371503855e-01	1.921471933204921640e+02
1.761577032603788440e-03	1.230533779749352696e+01	1.055996933175172847e+00	4.197061749888385540e-01	1.886527918960179591e+02
1.798908639143220224e-03	1.222127338576736122e+01	1.054669718762108133e+00	4.194092920067347685e-01	1.852221788343319133e+02
1.837031382726912916e-03	1.213757640836050911e+01	1.053331171296070901e+00	4.191097883386014078e-01	1.818554901453605339e+02
1.875962029250603357e-03	1.205424519191555177e+01	1.051981190848856995e+00	4.188076372425301730e-01	1.785516361246165786e+02
1.915717699915417882e-03	1.197125162277978383e+01	1.050619419817372391e+00	4.185027547707954598e-01	1.753074435984356683e+02
1.956315878757565116e-03	1.188860239638750826e+01	1.049245827066043857e+00	4.181951297465147377e-01	1.721228732265095687e+02
1.997774420337589726e-03	1.180631540602973395e+01	1.047860497009121428e+00	4.178847761909774694e-01	1.689972267003445552e+02
2.040111557592579582e-03	1.172438750424065113e+01	1.046463313189905930e+00	4.175716626020572475e-01	1.659298822357261827e+02
2.083345909854779961e-03	1.164279207174384823e+01	1.045053910170156364e+00	4.172557035248004031e-01	1.629180299354096348e+02
2.127496491040134757e-03	1.156153576576583220e+01	1.043632258834132909e+00	4.169368870537946137e-01	1.599610427713575405e+02
2.172582718010372237e-03	1.148063658573945389e+01	1.042198454640848038e+00	4.166152281915496691e-01	1.570593234231585029e+02
2.218624419112281976e-03	1.140008998438289645e+01	1.040752354688355030e+00	4.162906899835626118e-01	1.542111974123028517e+02
2.265641842897974604e-03	1.131987078577537176e+01	1.039293594174755642e+00	4.159631857447718128e-01	1.514146879373640502e+02
2.313655667029933423e-03	1.123998561052981238e+01	1.037822144956626946e+00	4.156327026687451354e-01	1.486692303067895580e+02
2.362687007374795686e-03	1.116045254071012494e+01	1.036338102106648895e+00	4.152992560262490085e-01	1.459746895955117338e+02
2.412757427289825233e-03	1.108126570126453814e+01	1.034841303031516002e+00	4.149628033836321173e-01	1.433301164550984197e+02
2.463888947106213784e-03	1.100240131009811506e+01	1.033331385885276177e+00	4.146232569409052937e-01	1.407332999882630702e+02
2.516104053813336943e-03	1.092386595262456339e+01	1.031808315353896832e+00	4.142806024945189791e-01	1.381836838695994345e+02
2.569425710948245768e-03	1.084567777091215568e+01	1.030272200497136748e+00	4.139348563350633836e-01	1.356816749525399075e+02
2.623877368694733318e-03	1.076782963258356496e+01	1.028722859288286884e+00	4.135859703548000477e-01	1.332256073947090727e+02
2.679482974196439188e-03	1.069029910068581479e+01	1.027159920752300781e+00	4.132338548531425682e-01	1.308140806396051801e+02
2.736266982088478034e-03	1.061309272739689291e+01	1.025583354873819797e+00	4.128784947353035251e-01	1.284462632217643261e+02
2.794254365252289707e-03	1.053622869281586460e+01	1.023993277060802676e+00	4.125199067659864882e-01	1.261224431269268962e+02
2.853470625798387814e-03	1.045969867527768571e+01	1.022389477039103323e+00	4.121580363277482228e-01	1.238414973075090870e+02
2.913941806281861776e-03	1.038348153639186933e+01	1.020771588741418823e+00	4.117927925168040626e-01	1.216015337369506000e+02
2.975694501155571117e-03	1.030758379650239398e+01	1.019139578118853695e+00	4.114241587095930353e-01	1.194024394484461027e+02
3.038755868466027146e-03	1.023202365254745416e+01	1.017493565509021369e+00	4.110521519509275357e-01	1.172439590969820244e+02
3.103153641797168783e-03	1.015679166030964531e+01	1.015833326035329831e+00	4.106767115699000992e-01	1.151252236836212006e+02
3.168916142467233243e-03	1.008186793402905401e+01	1.014158481470339934e+00	4.102977443119798506e-01	1.130446484601601185e+02
3.236072291984112663e-03	1.000725896399331738e+01	1.012468998923415020e+00	4.099152321182211178e-01	1.110017299417279446e+02
3.304651624764658874e-03	9.932982943886608851e+00	1.010765007970688689e+00	4.095291924353943736e-01	1.089967374761205434e+02
3.374684301123556836e-03	9.859029371161824429e+00	1.009046253711148422e+00	4.091395573690562171e-01	1.070285027743583726e+02
3.446201120537424525e-03	9.785379568536443529e+00	1.007312362555227825e+00	4.087462321943030608e-01	1.050955378474644704e+02
3.519233535190044709e-03	9.712039998133928265e+00	1.005563304804494296e+00	4.083491973524587260e-01	1.031978010060322788e+02
3.593813663804625805e-03	9.639028830429870354e+00	1.003799209980679175e+00	4.079484699147705173e-01	1.013349515024033138e+02
3.669974305769219299e-03	9.566334567644959819e+00	1.002019803441373869e+00	4.075439749468893758e-01	9.950629658825442903e+01
3.747748955561452412e-03	9.493939697824357538e+00	1.000224710274146389e+00	4.071356157551926369e-01	9.771042023706591806e+01
3.827171817478984984e-03	9.421850656843558269e+00	9.984138947078208259e-01	4.067233706621634082e-01	9.594693628555445741e+01
3.908277820682117681e-03	9.350085573074172984e+00	9.965875075620441725e-01	4.063072576190372986e-01	9.421623289674541013e+01
3.991102634555192957e-03	9.278632014607437029e+00	9.947452406445720374e-01	4.058871933660601061e-01	9.251691335006164252e+01
4.075682684393532908e-03	9.207473592980258914e+00	9.928867125466310783e-01	4.054630785994292053e-01	9.084815823560478520e+01
4.162055167422817371e-03	9.136616719774036000e+00	9.910118917381498527e-01	4.050348898750533166e-01	8.920946032132633263e+01
4.250258069157961290e-03	9.066079463068833277e+00	9.891209297117649069e-01	4.046026444058639093e-01	8.760100285382439722e+01
4.340330180108637088e-03	8.995848516323977861e+00	9.872134901151206066e-01	4.041662505912873571e-01	8.602184247040084131e+01
4.432311112838861061e-03	8.925908573905410037e+00	9.852892020890123836e-01	4.037256076407762517e-01	8.447085092810144147e+01
4.526241319388085715e-03	8.856266025331649416e+00	9.833480250913176901e-01	4.032806891900402313e-01	8.294785293522680547e+01
4.622162109061505458e-03	8.786938860740441726e+00	9.813901278948944373e-01	4.028315127037768173e-01	8.145290830529847881e+01
4.720115666597336779e-03	8.717912956863889562e+00	9.794151496843910287e-01	4.023779781122744925e-01	7.998504774874783152e+01
4.820145070719144588e-03	8.649174051638640393e+00	9.774227073559420553e-01	4.019199811788708998e-01	7.854344285257968750e+01
4.922294313081310678e-03	8.580728514513847216e+00	9.754127763644832028e-01	4.014574941990011747e-01	7.712772356655410988e+01
5.026608317615998724e-03	8.512594241048379473e+00	9.733855107130912065e-01	4.009905321258739330e-01	7.573804913118880222e+01
5.133132960290130720e-03	8.444756347567365040e+00	9.713405225027534895e-01	4.005189856848406227e-01	7.437355763740070813e+01
5.241915089281041530e-03	8.377201577124127496e+00	9.692774347552612912e-01	4.000427482398952184e-01	7.303326063324189477e+01
5.353002545579732367e-03	8.309936281746070463e+00	9.671962119406462000e-01	3.995617883882253141e-01	7.171717030816070348e+01
5.466444184030696055e-03	8.242978246064671666e+00	9.650970444032237472e-01	3.990761226420446173e-01	7.042509738150630483e+01
5.582289894817666839e-03	8.176311880878719407e+00	9.629795043566500290e-01	3.985856310226570942e-01	6.915642026273098963e+01
5.700590625404708227e-03	8.109924897549788625e+00	9.608432112035509842e-01	3.980902036127568211e-01	6.791023577581965753e+01
5.821398402942216249e-03	8.043823632926176970e+00	9.586881411352368154e-01	3.975898069655168787e-01	6.668636033965474041e+01
5.944766357147824969e-03	7.978025745056579687e+00	9.565144730053304345e-01	3.970844545504803036e-01	6.548500297882591781e+01
6.070748743672167193e-03	7.912514992972958794e+00	9.543217552611159560e-01	3.965740167103763980e-01	6.430512876645646259e+01
6.199400967959818945e-03	7.847280020309167270e+00	9.521096140405544972e-01	3.960583807851021931e-01	6.314626238847380080e+01
6.330779609615908021e-03	7.782327151389814013e+00	9.498780118380252269e-01	3.955375085362045073e-01	6.200804535258291850e+01
6.464942447289089879e-03	7.717673902819321974e+00	9.476271627055421476e-01	3.950114141116443101e-01	6.089066923810320731e+01
6.601948484081890736e-03	7.653303433986263116e+00	9.453565631658735757e-01	3.944799550476140726e-01	5.979332723920889237e+01
6.741857973499477616e-03	7.589205285973427806e+00	9.430658491864472026e-01	3.939430159475806326e-01	5.871535461813714818e+01
6.884732445948405985e-03	7.525385773348651774e+00	9.407549805775563545e-01	3.934005543518470649e-01	5.765664395366592743e+01
7.030634735796891313e-03	7.461862257037240376e+00	9.384241621138412759e-01	3.928525806910311835e-01	5.661723337714509086e+01
7.179629009008595825e-03	7.398617347634649732e+00	9.360728829520781336e-01	3.922989431877736410e-01	5.559636986150664484e+01
7.331780791361950343e-03	7.335641450089685378e+00	9.337007635395457861e-01	3.917395209064268857e-01	5.459355664717602963e+01
7.487156997267587974e-03	7.272940872050389416e+00	9.313077899123277659e-01	3.911742703042638825e-01	5.360853404208470607e+01
7.645825959196438613e-03	7.210532805081891539e+00	9.288941845046346790e-01	3.906032006243582710e-01	5.264148692605056823e+01
7.807857457731475631e-03	7.148399360707268002e+00	9.264593760187531668e-01	3.900261446243318830e-01	5.169165365171367199e+01
7.973322752256328111e-03	7.086531775097336450e+00	9.240030015257407747e-01	3.894429785506839936e-01	5.075847631465875054e+01
8.142294612294233985e-03	7.024936352274552043e+00	9.215250307631095428e-01	3.888536519403981151e-01	4.984195532510794635e+01
8.314847349511189298e-03	6.963630101021138330e+00	9.190257005713459160e-01	3.882581715864454885e-01	4.894197570621789595e+01
8.491056850397209546e-03	6.902594682552926741e+00	9.165044171037443066e-01	3.876563588078357214e-01	4.805803124964256767e+01
8.671000609640279119e-03	6.841822132866296258e+00	9.139608149929422387e-01	3.870480849247128763e-01	4.718955762769155626e+01
8.854757764207504128e-03	6.781318755239894358e+00	9.113948718530119342e-01	3.864332956144097553e-01	4.633643899680126310e+01
9.042409128148579806e-03	6.721101363563370512e+00	9.088068310035458675e-01	3.858119944034345550e-01	4.549885331876929229e+01
9.234037228136720080e-03	6.661151216083963433e+00	9.061960674471791766e-01	3.851839891638151880e-01	4.467597783998163408e+01
9.429726339762870002e-03	6.601461117855150995e+00	9.035622292438926229e-01	3.845491474715359015e-01	4.386758677667380368e+01
9.629562524599030379e-03	6.542037375456546400e+00	9.009053001667013394e-01	3.839074101983124265e-01	4.307340526255689639e+01
9.833633668047030499e-03	6.482896595536399076e+00	8.982255293934539031e-01	3.832587767912101206e-01	4.229359575476435396e+01
1.004202951798940403e-02	6.424019679711911124e+00	8.955222385784936678e-01	3.826030383486442865e-01	4.152752940875414112e+01
1.025484172425938229e-02	6.365400173112893079e+00	8.927950844389475060e-01	3.819400569881791219e-01	4.077478283282186311e+01
1.047216387894729824e-02	6.307044388826149373e+00	8.900440575608249416e-01	3.812697683543094240e-01	4.003534631890577344e+01
1.069409155756119272e-02	6.248968715217974257e+00	8.872694422126984337e-01	3.805921706694014306e-01	3.930918238300331069e+01
1.092072236105970547e-02	6.191153742707188989e+00	8.844705065723227344e-01	3.799070378910049395e-01	3.859578597966343949e+01
1.115215595877575537e-02	6.133593727779651061e+00	8.816469254052876625e-01	3.792142291348509220e-01	3.789478855175222805e+01
1.138849413224978825e-02	6.076294994209646916e+00	8.787986930579273492e-01	3.785136741159544349e-01	3.720608514677985568e+01
1.162984081999205582e-02	6.019273700948606809e+00	8.759260984059406008e-01	3.778053657238925611e-01	3.652979355036755038e+01
1.187630216319339981e-02	5.962510171889885413e+00	8.730283850044151528e-01	3.770890625248177752e-01	3.586528261865439760e+01
1.212798655240480798e-02	5.905999347548688938e+00	8.701052151922620270e-01	3.763646151165774278e-01	3.521231591810186501e+01
1.238500467520621366e-02	5.849747566531787513e+00	8.671566082079464888e-01	3.756319491116090203e-01	3.457076810328553051e+01
1.264746956488544717e-02	5.793770748013068683e+00	8.641828756715935755e-01	3.748910536908254820e-01	3.394071117442546637e+01
1.291549665014883955e-02	5.738048992853379993e+00	8.611832082722110648e-01	3.741416694809216459e-01	3.332163719961677373e+01
1.318920380588532899e-02	5.682577899227112539e+00	8.581572919303003255e-01	3.733836432864904853e-01	3.271323970732353104e+01
1.346871140500627631e-02	5.627363824978067086e+00	8.551051585240574404e-01	3.726168949441626133e-01	3.211549233863959785e+01
1.375414237138396570e-02	5.572422439401468530e+00	8.520271192573597441e-01	3.718414064898026838e-01	3.152840810738780064e+01
1.404562223391196511e-02	5.517733663471670269e+00	8.489223477605926105e-01	3.710569029950176456e-01	3.095150437780331032e+01
1.434327918171109106e-02	5.463293727467601002e+00	8.457905200528831324e-01	3.702632209475799074e-01	3.038454631303064346e+01
1.464724412050539583e-02	5.409109012813527961e+00	8.426317041656686824e-01	3.694602784082008373e-01	2.982744006301951245e+01
1.495765073019278586e-02	5.355194929960625849e+00	8.394462096396293482e-01	3.686480493929222280e-01	2.928027592761712583e+01
1.527463552363575450e-02	5.301531261583075860e+00	8.362331843078881777e-01	3.678262417287351260e-01	2.874254911128035062e+01
1.559833790669801906e-02	5.248114845769471515e+00	8.329923184230808575e-01	3.669946843270019965e-01	2.821406732566428488e+01
1.592890023955338338e-02	5.194952092340073158e+00	8.297236757709953725e-01	3.661532863274823968e-01	2.769476776819880826e+01
1.626646789929399317e-02	5.142058143577413531e+00	8.264276114857966871e-01	3.653020218850537848e-01	2.718466473983074749e+01
1.661118934386526108e-02	5.089412685599891795e+00	8.231032273287000045e-01	3.644405787502448812e-01	2.668336247059874111e+01
1.696321617735579643e-02	5.037013140400344646e+00	8.197502524034067095e-01	3.635687831183765373e-01	2.619061958071779017e+01
1.732270321667098503e-02	4.984865952145375978e+00	8.163687221918388692e-01	3.626865291192994389e-01	2.570642361767334449e+01
1.768980855961942850e-02	4.932985983638457306e+00	8.129590390043850423e-01	3.617937885822414823e-01	2.523079128034551033e+01
1.806469365444235767e-02	4.881352867678949714e+00	8.095202965386603111e-01	3.608902373172684919e-01	2.476331488686660265e+01
1.844752337081655841e-02	4.829964586537312421e+00	8.060521826813522583e-01	3.599756834551858797e-01	2.430382899039867084e+01
1.883846607236187159e-02	4.778827622137182374e+00	8.025548059151602631e-01	3.590500235282307329e-01	2.385224901260108865e+01
1.923769369068539445e-02	4.727956554773879994e+00	7.990285886843611074e-01	3.581132251414801404e-01	2.340866655523198503e+01
1.964538180099485026e-02	4.677330998706731080e+00	7.954725602738103030e-01	3.571649383853300330e-01	2.297264025140435706e+01
2.006170969931423895e-02	4.626949475981910531e+00	7.918864612848258711e-01	3.562049716876534711e-01	2.254405370568188260e+01
2.048686048133601528e-02	4.576818512672947925e+00	7.882704378600310369e-01	3.552332201468300088e-01	2.212284097459806986e+01
2.092102112294418406e-02	4.526952395790512895e+00	7.846249266974709702e-01	3.542496451380483524e-01	2.170903492712383454e+01
2.136438256244391209e-02	4.477330763076119879e+00	7.809488810519930047e-01	3.532538641713457994e-01	2.130228317488959178e+01
2.181713978453380873e-02	4.427952654288081824e+00	7.772420726578825878e-01	3.522456733148728314e-01	2.090241511553197284e+01
2.227949190605761978e-02	4.378824644959957268e+00	7.735046513284887792e-01	3.512249590153045387e-01	2.050944133270690273e+01
2.275164226357336353e-02	4.329960720904225902e+00	7.697370679179440511e-01	3.501916697284465085e-01	2.012334177551683823e+01
2.323379850277806913e-02	4.281340582174173015e+00	7.659382774458517451e-01	3.491454108594642114e-01	1.974380699084910518e+01
2.372617266982774559e-02	4.232963765407365742e+00	7.621081314806805729e-01	3.480859918104107775e-01	1.937069646416433599e+01
2.422898130459259780e-02	4.184836901365311945e+00	7.582467645257995326e-01	3.470132814265556864e-01	1.900395810897507687e+01
2.474244553588843265e-02	4.136973666667612015e+00	7.543547104297637640e-01	3.459272411457225971e-01	1.864367598900101797e+01
2.526679117872631872e-02	4.089353861969668991e+00	7.504309085702270954e-01	3.448274623088237179e-01	1.828945336845382741e+01
2.580224883362318075e-02	4.041977500612488505e+00	7.464751817100447884e-01	3.437137282782952163e-01	1.794124518024916881e+01
2.634905398801689475e-02	3.994851273978264228e+00	7.424877465447475844e-01	3.425859136184939979e-01	1.759896359210711836e+01
2.690744711983068457e-02	3.947988541708513210e+00	7.384691622531758259e-01	3.414439681871410115e-01	1.726266990795670964e+01
2.747767380323228384e-02	3.901369242719286312e+00	7.344183189741539941e-01	3.402874600468409616e-01	1.693206057388566421e+01
2.805998481663422514e-02	3.854993847203381119e+00	7.303351252307306307e-01	3.391161882457732202e-01	1.660700652514741549e+01
2.865463625298309350e-02	3.808869112813836111e+00	7.262198345569769176e-01	3.379300236674475100e-01	1.628752514265830342e+01
2.926188963238583740e-02	3.763008073898002070e+00	7.220730309396128366e-01	3.367289112677427365e-01	1.597359280114375935e+01
2.988201201712300387e-02	3.717390844712716191e+00	7.178935901559357902e-01	3.355124040930066998e-01	1.566495224174594902e+01
3.051527612909937445e-02	3.672018332903467464e+00	7.136815125025733897e-01	3.342803098876130363e-01	1.536150953823977972e+01
3.116196046978347151e-02	3.626897367637461844e+00	7.094370428356003844e-01	3.330324846187884824e-01	1.506323774680673644e+01
3.182234944268905880e-02	3.582040649516180952e+00	7.051608362080635795e-01	3.317688763202866764e-01	1.477015641037265858e+01
3.249673347845206950e-02	3.537428504639169358e+00	7.008517615594236361e-01	3.304890236301563089e-01	1.448200657770883559e+01
3.318540916255835471e-02	3.493062258540539311e+00	6.965098049355011867e-01	3.291927208881485489e-01	1.419869669420787517e+01
3.388867936577820428e-02	3.448948817037333914e+00	6.921353857714693802e-01	3.278798653528079976e-01	1.392020905050244295e+01
3.460685337736497946e-02	3.405100537965829233e+00	6.877291389145392397e-01	3.265503882399125590e-01	1.364658281599871614e+01
3.534024704107661952e-02	3.361497994902126862e+00	6.832899300361496842e-01	3.252038147901755161e-01	1.337752391437672728e+01
3.608918289407971741e-02	3.318142911957336239e+00	6.788178711251320330e-01	3.238399597730508006e-01	1.311302092015441545e+01
3.685399030879719234e-02	3.275042276085485149e+00	6.743133447624444221e-01	3.224586995403876943e-01	1.285299960056805268e+01
3.763500563776207147e-02	3.232208092402671262e+00	6.697770802920978150e-01	3.210599754256178717e-01	1.259750655552594800e+01
3.843257236154112161e-02	3.189621217314011048e+00	6.652078298489563224e-01	3.196432555708155765e-01	1.234630228479766778e+01
3.924704123979310538e-02	3.147283753404966244e+00	6.606056805454815217e-01	3.182083343225006744e-01	1.209931842166509064e+01
4.007877046552850431e-02	3.105202773071666034e+00	6.559711382024128179e-01	3.167551075912469760e-01	1.185653717361366688e+01
4.092812582263813392e-02	3.063389917621579084e+00	6.513050337690649005e-01	3.152835487994982699e-01	1.161798658914250737e+01
4.179548084676026898e-02	3.021826360411957513e+00	6.466061841328861748e-01	3.137931524407586159e-01	1.138343340224034606e+01
4.268121698955689575e-02	2.980514562476736184e+00	6.418748167767742707e-01	3.122837414494169517e-01	1.115282101988217889e+01
4.358572378647117967e-02	2.939461684518342555e+00	6.371114793103421770e-01	3.107552017099385333e-01	1.092616062020593048e+01
4.450939902804028347e-02	2.898678991807288607e+00	6.323170387823936478e-01	3.092075091473485138e-01	1.070342957370546166e+01
4.545264893483848267e-02	2.858148008234568938e+00	6.274903596710225129e-01	3.076401634227403648e-01	1.048445023857613201e+01
4.641588833612779463e-02	2.817871532001131385e+00	6.226317491169410800e-01	3.060530131626910677e-01	1.026915614048431813e+01
4.739954085229469011e-02	2.777856814309604516e+00	6.177419362409976022e-01	3.044460163588239565e-01	1.005755305869779725e+01
4.840403908115278181e-02	2.738114730096426808e+00	6.128218241418172951e-01	3.028191543242783057e-01	9.849633597112768868e+00
4.942982478819387543e-02	2.698627186526830979e+00	6.078703399966444154e-01	3.011719412268669127e-01	9.645225692848892862e+00
5.047734910087089966e-02	2.659397296448522408e+00	6.028878325464502863e-01	2.995042247425190318e-01	9.444268029454713442e+00
5.154707270699779992e-02	2.620432402522062887e+00	5.978751191821052302e-01	2.978159913092034428e-01	9.246760758323338436e+00
5.263946605735428386e-02	2.581742973131123442e+00	5.928331925925827139e-01	2.961072444320065888e-01	9.052718721805264934e+00
5.375500957258409762e-02	2.543311330102024925e+00	5.877606693584305209e-01	2.943773454877487983e-01	8.861948891711055154e+00
5.489419385447772554e-02	2.505140877124346410e+00	5.826580197818655993e-01	2.926261744820675692e-01	8.674414539889864884e+00
5.605751990173300781e-02	2.467239047630226612e+00	5.775261397028342847e-01	2.908537181426339435e-01	8.490111216500620728e+00
5.724549933028778848e-02	2.429615884271176363e+00	5.723661210374535457e-01	2.890600167013031574e-01	8.309056999790401576e+00
5.845865459832211286e-02	2.392254154256201470e+00	5.671768600191197107e-01	2.872445720699685623e-01	8.131061839012945214e+00
5.969751923602879817e-02	2.355157526212730446e+00	5.619590197791981545e-01	2.854073337142149502e-01	7.956114063928173330e+00
6.096263808025296355e-02	2.318333521975704858e+00	5.567136071522341689e-01	2.835483391158086786e-01	7.784193489473745231e+00
6.225456751410456124e-02	2.281791735918431208e+00	5.514418889316129446e-01	2.816677193453600569e-01	7.615322476738985991e+00
6.357387571164835327e-02	2.245515410406828671e+00	5.461427987623195257e-01	2.797649966168379576e-01	7.449321140933483854e+00
6.492114288777969811e-02	2.209508450615358388e+00	5.408171516378590393e-01	2.778401762949689879e-01	7.286191168719525990e+00
6.629696155339574737e-02	2.173778462362412345e+00	5.354660336939379706e-01	2.758933418403928250e-01	7.125904386274640956e+00
6.770193677597398374e-02	2.138334565159008438e+00	5.300904161995149133e-01	2.739244541199483685e-01	6.968473476482393458e+00
6.913668644567325106e-02	2.103160505518542500e+00	5.246891895082143042e-01	2.719329976763679713e-01	6.813739365354833488e+00
7.060184154707406512e-02	2.068260393869917557e+00	5.192632783819559616e-01	2.699190443397196937e-01	6.661700829254928458e+00
7.209804643667737378e-02	2.033641913379604205e+00	5.138139678902525764e-01	2.678827604464111833e-01	6.512332240163591912e+00
7.362595912628441819e-02	1.999313677133575329e+00	5.083426355182246725e-01	2.658243344055500890e-01	6.365646276174553364e+00
7.518625157238204015e-02	1.965259964308466056e+00	5.028484608465777495e-01	2.637434066842530567e-01	6.221502051614770323e+00
7.677960997166025092e-02	1.931485055693233033e+00	4.973324655017374307e-01	2.616400651533752897e-01	6.079897746563921679e+00
7.840673506279315086e-02	1.897996703242080585e+00	4.917959516063862835e-01	2.595144637172752677e-01	5.940806361842140504e+00
8.006834243461452560e-02	1.864802975106033323e+00	4.862404247729050222e-01	2.573668654368552189e-01	5.804242550178048354e+00
8.176516284082480102e-02	1.831888712523523477e+00	4.806646931760143460e-01	2.551967236087708257e-01	5.670071214312613961e+00
8.349794252136732986e-02	1.799258327333593366e+00	4.750697686464125380e-01	2.530041476516105003e-01	5.538285316927754387e+00
8.526744353061486981e-02	1.766919629872344855e+00	4.694572422834754066e-01	2.507894595596033560e-01	5.408865826314746883e+00
8.707444407251174745e-02	1.734880096015046336e+00	4.638288074248604897e-01	2.485530416263689313e-01	5.281827106526395532e+00
8.891973884281766105e-02	1.703125160825856188e+00	4.581836797086312751e-01	2.462945752042418612e-01	5.157042526957343220e+00
9.080413937860487561e-02	1.671659322667529812e+00	4.525232052616922629e-01	2.440143523492486199e-01	5.034509360381408172e+00
9.272847441516200717e-02	1.640490439244170595e+00	4.468492431649504493e-01	2.417128719444647800e-01	4.914216151467704741e+00
9.469359025046093781e-02	1.609625332864141445e+00	4.411632128080988369e-01	2.393904155230263953e-01	4.796166833338707747e+00
9.670035111734798239e-02	1.579050071286683510e+00	4.354638898642125278e-01	2.370463815888316783e-01	4.680240983473490601e+00
9.874963956362264872e-02	1.548769187667763170e+00	4.297527148828942378e-01	2.346810881331747867e-01	4.566430410470585066e+00
1.008423568401705106e-01	1.518790585401096127e+00	4.240317622511993179e-01	2.322951595219172050e-01	4.454736640149481453e+00
1.029794232973221257e-01	1.489120327688926881e+00	4.183029003940198498e-01	2.298891707479544244e-01	4.345161689059684029e+00
1.051617787896111378e-01	1.459745191120923380e+00	4.125655849617596571e-01	2.274629847962795770e-01	4.237599704148483859e+00
1.073903830891107247e-01	1.430669674350778520e+00	4.068212320303164486e-01	2.250169755791335824e-01	4.132034814419131230e+00
1.096662163075285135e-01	1.401901715642047019e+00	4.010713426143668880e-01	2.225514101623564389e-01	4.028469316699002434e+00
1.119902793272475605e-01	1.373446524391925605e+00	3.953178906876206322e-01	2.200670040660349935e-01	3.926894216161574747e+00
1.143635942415015677e-01	1.345291644278893584e+00	3.895605145373022826e-01	2.175637262105160619e-01	3.827226508368655633e+00
1.167872048038782751e-01	1.317441471067449354e+00	3.838008898213272624e-01	2.150420853035133195e-01	3.729447648030620233e+00
1.192621768873494831e-01	1.289903926610533880e+00	3.780413239813969484e-01	2.125028804625042067e-01	3.633568868606005253e+00
1.217895989530276418e-01	1.262683376480951969e+00	3.722832017305703900e-01	2.099464985824497643e-01	3.539565407186391344e+00
1.243705825288575900e-01	1.235768078342156073e+00	3.665258650020048470e-01	2.073727545989770549e-01	3.447359827276634814e+00
1.270062626984522769e-01	1.209162288861911128e+00	3.607712477393504313e-01	2.047824004253619712e-01	3.356939772094354346e+00
1.296977986002878502e-01	1.182873858105099929e+00	3.550220388072244937e-01	2.021765466963372226e-01	3.268315486198129172e+00
1.324463739374786009e-01	1.156906314360365728e+00	3.492803363130836947e-01	1.995561320307875364e-01	3.181472976929567320e+00
1.352531974983535168e-01	1.131248573533228718e+00	3.435451210096722163e-01	1.969206773768622520e-01	3.096332121824201700e+00
1.381195036880665805e-01	1.105904713385689853e+00	3.378179518239022849e-01	1.942707093583357914e-01	3.012882458419645193e+00
1.410465530714722360e-01	1.080882452872927724e+00	3.321017361977826599e-01	1.916075540313694758e-01	2.931125114456518244e+00
1.440356329275057634e-01	1.056184486944999890e+00	3.263985441129738096e-01	1.889321906415419861e-01	2.851052766385870019e+00
1.470880578153118678e-01	1.031800331727940945e+00	3.207080332189414795e-01	1.862447103432832429e-01	2.772592233279491225e+00
1.502051701523716420e-01	1.007733843072204039e+00	3.150317165488042970e-01	1.835456796724836692e-01	2.695730340701805616e+00
1.533883408048797858e-01	9.839925464850209913e-01	3.093723074185597000e-01	1.808362782582518535e-01	2.620473656781470151e+00
1.566389696906345663e-01	9.605783054919851960e-01	3.037318238152147409e-01	1.781175268861070193e-01	2.546806392190494872e+00
1.599584863947036695e-01	9.374811768164776904e-01	2.981102419851220930e-01	1.753897764714243412e-01	2.474667900555366451e+00
1.633483507981373095e-01	9.147047491454037837e-01	2.925090107446459697e-01	1.726536124297063657e-01	2.404040592486330841e+00
1.668100537200059019e-01	8.922562897095842605e-01	2.869310127134850896e-01	1.699104241527184533e-01	2.334934787538827994e+00
1.703451175730422984e-01	8.701368318817973568e-01	2.813784374493576435e-01	1.671615105942256818e-01	2.267330994634631391e+00
1.739550970331800450e-01	8.483369125985985582e-01	2.758508710896934724e-01	1.644069070655565790e-01	2.201172035960332618e+00
1.776415797232799298e-01	8.268598068230957887e-01	2.703499698340955937e-01	1.616474306591249854e-01	2.136445546565568954e+00
1.814061869113461622e-01	8.057124573861523809e-01	2.648788341950314984e-01	1.588847027581594962e-01	2.073154351387493044e+00
1.852505742235391883e-01	7.848950695903771368e-01	2.594395540233361275e-01	1.561200853453119930e-01	2.011284186164655985e+00
1.891764323722997243e-01	7.643986003310702104e-01	2.540315441240351135e-01	1.533535623312243523e-01	1.950778428181103807e+00
1.931854878999012814e-01	7.442259643474028463e-01	2.486566631364876823e-01	1.505861311747546949e-01	1.891623978400881700e+00
1.972795039377621684e-01	7.243837142236599913e-01	2.433182594484863404e-01	1.478196714093810982e-01	1.833832619951581089e+00
2.014602809818480389e-01	7.048712314616375485e-01	2.380179085927623117e-01	1.450553142444213628e-01	1.777378234961249914e+00
2.057296576845067948e-01	6.856798341754258841e-01	2.327549577465211905e-01	1.422930345596411517e-01	1.722209571524853100e+00
2.100895116630852322e-01	6.668120320982244831e-01	2.275318614848632626e-01	1.395343660772992989e-01	1.668322648488512083e+00
2.145417603256798700e-01	6.482739234740205747e-01	2.223517348532530469e-01	1.367811228562798020e-01	1.615718579221568474e+00
2.190883617143895290e-01	6.300640743676592104e-01	2.172153442391955847e-01	1.340339210927931346e-01	1.564373821712897517e+00
2.237313153664367560e-01	6.121741083754519419e-01	2.121230580880240912e-01	1.312935985950610396e-01	1.514245421910926703e+00
2.284726631935388719e-01	5.946060887022338592e-01	2.070769311705190074e-01	1.285614432762489379e-01	1.465323418902085395e+00
2.333144903799153069e-01	5.773655991270640886e-01	2.020793028074858166e-01	1.258387898345249278e-01	1.417609638171586361e+00
2.382589262993237145e-01	5.604504044975452404e-01	1.971319927433831942e-01	1.231272519190816095e-01	1.371081121908270584e+00
2.433081454515323150e-01	5.438523826039044495e-01	1.922345683891771573e-01	1.204269971758961527e-01	1.325696854608254593e+00
2.484643684186368384e-01	5.275731139668049519e-01	1.873886938504573663e-01	1.177391614097586525e-01	1.281445447650562564e+00
2.537298628416438939e-01	5.116176136557671894e-01	1.825977691688887017e-01	1.150660853031780645e-01	1.238331686153957278e+00
2.591069444177515613e-01	4.959828672794426296e-01	1.778623907857181941e-01	1.124084384533859671e-01	1.196329376496628072e+00
2.645979779187619951e-01	4.806609616738495294e-01	1.731822090727347663e-01	1.097665342150892787e-01	1.155400159378450198e+00
2.702053782310787078e-01	4.656529657541697564e-01	1.685596363260177255e-01	1.071422906551686427e-01	1.115538812006169334e+00
2.759316114177428059e-01	4.509632797720674047e-01	1.639966662134799136e-01	1.045369215858178713e-01	1.076739310453906695e+00
2.817791958029755572e-01	4.365881415389140652e-01	1.594944936369297461e-01	1.019517234501835512e-01	1.038983636006653777e+00
2.877507030797054055e-01	4.225198094325310350e-01	1.550526219547458673e-01	9.938702037646433840e-02	1.002232610835626536e+00
2.938487594405665426e-01	4.087588209960498764e-01	1.506726539755199601e-01	9.684407188347941842e-02	9.664768981276545823e-01
3.000760467328633108e-01	3.953089257655256761e-01	1.463573896622959447e-01	9.432492962419347649e-02	9.317175422111632077e-01
3.064353036380134121e-01	3.821656561925275142e-01	1.421068939064611125e-01	9.183009378182854787e-02	8.979279767218381059e-01
3.129293268759847368e-01	3.693214137008837272e-01	1.379211611110186531e-01	8.936029165530851026e-02	8.650785916338692427e-01
3.195609724352570513e-01	3.567761954998247553e-01	1.338012872423044453e-01	8.691648104557636589e-02	8.331558825729581397e-01
3.263331568288500573e-01	3.445330767785145798e-01	1.297499817623266605e-01	8.450079112574991613e-02	8.021616185494921947e-01
3.332488583769670498e-01	3.325869389483103733e-01	1.257669932286958059e-01	8.211349764892822423e-02	7.720683837739769073e-01
3.403111185168231634e-01	3.209303081768658528e-01	1.218521514059084238e-01	7.975529152771336505e-02	7.428485162469083969e-01
3.475230431402304698e-01	3.095626445820899297e-01	1.180063530005962258e-01	7.742700601935362248e-02	7.144887903957805042e-01
3.548878039595292910e-01	2.984863390579891029e-01	1.142319804627062174e-01	7.513060661296350196e-02	6.869905384747052590e-01
3.624086399024666338e-01	2.876956888464459183e-01	1.105287194731907341e-01	7.286644401227428125e-02	6.603264103870037927e-01
3.700888585366366446e-01	2.771833373368582376e-01	1.068959338453897567e-01	7.063479522133962740e-02	6.344694975037979967e-01
3.779318375241043637e-01	2.669482238364122573e-01	1.033344954814596622e-01	6.843660370128171189e-02	6.094076425164576261e-01
3.859410261068597081e-01	2.569920599251850901e-01	9.984642300265825221e-02	6.627359365806410885e-02	5.851409162346103976e-01
3.941199466237500504e-01	2.473086378238739669e-01	9.643111353336386582e-02	6.414597687536402471e-02	5.616420414758870328e-01
4.024721960595590287e-01	2.378907215528484331e-01	9.308779226152950892e-02	6.205389857166318524e-02	5.388870042976021679e-01
4.110014476269163164e-01	2.287367592714537046e-01	8.981705943882785370e-02	5.999816449427724380e-02	5.168628267612741523e-01
4.197114523817274123e-01	2.198478035756653570e-01	8.662065905185917236e-02	5.798034120340510994e-02	4.955682285230613160e-01
4.286060408728412652e-01	2.112172321105268424e-01	8.349759850588134302e-02	5.600034742457474235e-02	4.749773283340691932e-01
4.376891248266767120e-01	2.028379435569051537e-01	8.044694165377640205e-02	5.405820111526988409e-02	4.550671948687412538e-01
4.469646988675492483e-01	1.947079374695038223e-01	7.746912521104754035e-02	5.215462198184103032e-02	4.358259857147449567e-01
4.564368422744575216e-01	1.868276429276215511e-01	7.456542749520685132e-02	5.029085639853449197e-02	4.172494506922077018e-01
4.661097207750954374e-01	1.791901230246314147e-01	7.173476090561035912e-02	4.846678558971427575e-02	3.993153110957901042e-01
4.759875883778879602e-01	1.717884346510385463e-01	6.897589230382518422e-02	4.668215080242683890e-02	3.819995493974578382e-01
4.860747892428489703e-01	1.646201831340879940e-01	6.628909751019855523e-02	4.493757712660177706e-02	3.652927384417775647e-01
4.963757595920870180e-01	1.576852235875069730e-01	6.367523164472740915e-02	4.323399131519160138e-02	3.491886436738543265e-01
5.068950296608012440e-01	1.509764116516947863e-01	6.113296993951807673e-02	4.157108459806781176e-02	3.336656084682553258e-01
5.176372256896176749e-01	1.444869938967495160e-01	5.866095756078532758e-02	3.994845516199564683e-02	3.187024377711694112e-01
5.286070719591531297e-01	1.382142457465597718e-01	5.625912861600217835e-02	3.836647962652578459e-02	3.042879828711470558e-01
5.398093928676924724e-01	1.321575102636000920e-01	5.392816097633239963e-02	3.682596994289025205e-02	2.904177493302027568e-01
5.512491150528981976e-01	1.263095466118588639e-01	5.166640269497878996e-02	3.532631922126038687e-02	2.770692326561878249e-01
5.629312695584811621e-01	1.206638282911882271e-01	4.947240241022268087e-02	3.386700688408363774e-02	2.642239322605272056e-01
5.748609940467923618e-01	1.152173727048891316e-01	4.734584992350344274e-02	3.244819534622872537e-02	2.518705109927867891e-01
5.870435350582976497e-01	1.099690825975637998e-01	4.528715013755022639e-02	3.107049463185979077e-02	2.400036520598949064e-01
5.994842503189414806e-01	1.049117319473443638e-01	4.329444937531657517e-02	2.973309519531763118e-02	2.286032792662210378e-01
6.121886110964055439e-01	1.000390616975160296e-01	4.136620213909172894e-02	2.843536063589269247e-02	2.176507423983627676e-01
6.251622046063020077e-01	9.534790765700260073e-02	3.950194139322566605e-02	2.717730037688235664e-02	2.071368138641434542e-01
6.384107364693620834e-01	9.083681089269084186e-02	3.770170129184061136e-02	2.595921528389024541e-02	1.970548571775687097e-01
6.519400332206916060e-01	8.649866789239274434e-02	3.596352218538128448e-02	2.478014304781304272e-02	1.873857197996208479e-01
6.657560448722088520e-01	8.232752805688602071e-02	3.428578745818260803e-02	2.363933878495856622e-02	1.781134051033829435e-01
6.798648475293831428e-01	7.832012343786824704e-02	3.266788050238024488e-02	2.253667844880667334e-02	1.692281745131438420e-01
6.942726460634290886e-01	7.447471557367932316e-02	3.110957991440764514e-02	2.147222714739313587e-02	1.607235200702282485e-01
7.089857768401280902e-01	7.078442372947754690e-02	2.960885547543633950e-02	2.044492336548965963e-02	1.525820547782384962e-01
7.240107105064845783e-01	6.724364459773532476e-02	2.816403470621711355e-02	1.945388721158685524e-02	1.447887526557339322e-01
7.393540548364295750e-01	6.384908235731802384e-02	2.677432148366092057e-02	1.849881789357020814e-02	1.373342172473243916e-01
7.550225576368376768e-01	6.059880127435110508e-02	2.543938079716736092e-02	1.757967957870361364e-02	1.302129403928417306e-01
7.710231097151263313e-01	5.748623273553392365e-02	2.415707925850908711e-02	1.669525662335910599e-02	1.234078849491206525e-01
7.873627479097432547e-01	5.450615477652622637e-02	2.292581093184426974e-02	1.584466912950487777e-02	1.169060384400083252e-01
8.040486581848822478e-01	5.165531463604185192e-02	2.174457444209320842e-02	1.502737781831983352e-02	1.106985665266204677e-01
8.210881787907730045e-01	4.893165827974100407e-02	2.061300426529341645e-02	1.424334170039967540e-02	1.047800301659624622e-01
8.384888034909533383e-01	4.632900472751633192e-02	1.952889640836936655e-02	1.349118770406439877e-02	9.913479098136346312e-02
8.562581848579297050e-01	4.384254050850133061e-02	1.849064407601791124e-02	1.276996790315988034e-02	9.375106643600089606e-02
8.744041376386801900e-01	4.146911916839051554e-02	1.749732879183176978e-02	1.207921088099546750e-02	8.862138584158392451e-02
8.929346421914835519e-01	3.920664115617392836e-02	1.654829272351066027e-02	1.141856129079512998e-02	8.373952534548464999e-02
9.118578479955742333e-01	3.704937264082243387e-02	1.564151483346174626e-02	1.078676232584493098e-02	7.909203490317381902e-02
9.311820772351820930e-01	3.499292729802638141e-02	1.477544210971999498e-02	1.018284874528281939e-02	7.466852715300188736e-02
9.509158284595223831e-01	3.303431847012911621e-02	1.394904063409598688e-02	9.606194386838599539e-03	7.046162324793026066e-02
9.710677803203476843e-01	3.117146525165768664e-02	1.316167792403656785e-02	9.056455654082078144e-03	6.646594764791227683e-02
9.916467953887124764e-01	2.939912330676691665e-02	1.241138936181055905e-02	8.532354312061731297e-03	6.266938083564686790e-02
1.012661924052612461e+00	2.771334266638678101e-02	1.169667942632869953e-02	8.032912877834950255e-03	5.906261778596497147e-02
1.034122408497234025e+00	2.611133880259168885e-02	1.101658190769535563e-02	7.557535780027191917e-03	5.563921446264499804e-02
1.056037686769547568e+00	2.459110330875781056e-02	1.037042228700949670e-02	7.105820242857344149e-03	5.239426573335266568e-02
1.078417396929040706e+00	2.314790628578383344e-02	9.756316746933370310e-03	6.676486233030251918e-03	4.931677151579526991e-02
1.101271381286411888e+00	2.177823362992966152e-02	9.172918842052237356e-03	6.268639507977882309e-03	4.639879730801289154e-02
1.124609690732098155e+00	2.047953350095464004e-02	8.619294618927774917e-03	5.881677128506949091e-03	4.363462201998174333e-02
1.148442589156521310e+00	1.924991257342588760e-02	8.094735759156158547e-03	5.515135872430068295e-03	4.101973371133817159e-02
1.172780557964020254e+00	1.808516365599752151e-02	7.597537204255848040e-03	5.167841167411408795e-03	3.854453784029558683e-02
1.197634300682437924e+00	1.698219871791605690e-02	7.126482904131423331e-03	4.838969199630750555e-03	3.620219230102302704e-02
1.223014747670394531e+00	1.593871749833651597e-02	6.680686472658646513e-03	4.527927071360706573e-03	3.398756986373961675e-02
1.248933060924324545e+00	1.495297286749379222e-02	6.259464962687787300e-03	4.234247547230757247e-03	3.189671270413399484e-02
1.275400638987373769e+00	1.402127349043372391e-02	5.861292234237655031e-03	3.956865781955693287e-03	2.992146309783810451e-02
1.302429121962336289e+00	1.314093926229177589e-02	5.485070324037154624e-03	3.695019195425283936e-03	2.805580674433708413e-02
1.330030396630823342e+00	1.230992950622538003e-02	5.129972851508657859e-03	3.448132194660923251e-03	2.629525464846928229e-02
1.358216601680917401e+00	1.152666340288016449e-02	4.795369347221599410e-03	3.215768373952382873e-03	2.463633373517138195e-02
1.387000133045610317e+00	1.078794567882409607e-02	4.479925041712977743e-03	2.996990634984573760e-03	2.307208699717035877e-02
1.416393649354382722e+00	1.009147904939001507e-02	4.182672819296578623e-03	2.791112430612853208e-03	2.159751419430428268e-02
1.446410077500298819e+00	9.435480816824553738e-03	3.902869263821204249e-03	2.597608176435585708e-03	2.020874474085788269e-02
1.477062618325094778e+00	8.818546618045049190e-03	3.639928812306748515e-03	2.416063269144059014e-03	1.890267566251715645e-02
1.508364752424737887e+00	8.237947095313325613e-03	3.392685706524877550e-03	2.245645005157311316e-03	1.767342605132449576e-02
1.540330246078020826e+00	7.691737377983208675e-03	3.160318125141762038e-03	2.085770850462661478e-03	1.651681966691643383e-02
1.572973157300799230e+00	7.178383173553330547e-03	2.942174447553375528e-03	1.935974198110599568e-03	1.542956685177839481e-02
1.606307842028519950e+00	6.696658173571300859e-03	2.737729609980748147e-03	1.795875505188258793e-03	1.440901890855886096e-02
1.640348960429783842e+00	6.244261214855230044e-03	2.545996624979529957e-03	1.664772114171943727e-03	1.345029673013332233e-02
1.675111483353698638e+00	5.819565894526140294e-03	2.366273179916959270e-03	1.542159046090369129e-03	1.254993561376593035e-02
1.710610698913865635e+00	5.421270615084181239e-03	2.197994312892576855e-03	1.427627486780601177e-03	1.170515485054799548e-02
1.746862219211904321e+00	5.048321811955300449e-03	2.040700928350254635e-03	1.320843582681711622e-03	1.091371594792532596e-02
1.783881987203444153e+00	4.698803963984999124e-03	1.893560640800773416e-03	1.221210472496376794e-03	1.017155597406070415e-02
1.821686283709640364e+00	4.371373379693115069e-03	1.755989111860663211e-03	1.128307848992200378e-03	9.475832722628047683e-03
1.860291734577268707e+00	4.064941146155084430e-03	1.627510777363811757e-03	1.041791590859685425e-03	8.824251657345190403e-03
1.899715317990559260e+00	3.778615947567086786e-03	1.507732781238308329e-03	9.613744509306504328e-04	8.214930773190803545e-03
1.939974371937992492e+00	3.510823041377709140e-03	1.395967351109139720e-03	8.865641131594121293e-04	7.644555247806151393e-03
1.981086601837313665e+00	3.260465445835905671e-03	1.291733120413709156e-03	8.170130948097776560e-04	7.110822806195254801e-03
2.023070088322156401e+00	3.026644356974797154e-03	1.194635886170138670e-03	7.524367218190768309e-04	6.611856022634718909e-03
2.065943295193674256e+00	2.808616673855961372e-03	1.104344787450248829e-03	6.925927652123191943e-04	6.146099084065655832e-03
2.109725077540682392e+00	2.605103439991483458e-03	1.020300027994027262e-03	6.370815370961963563e-04	5.710867663563780859e-03
2.154434690031884259e+00	2.415219455504972849e-03	9.421133365535680655e-04	5.856246639341389790e-04	5.304309183575886370e-03
2.200091795383838367e+00	2.238232400724890925e-03	8.694588064855178359e-04	5.379853602249698007e-04	4.924890634078804563e-03
2.246716473008353532e+00	2.073531303540467486e-03	8.020656298635302824e-04	4.939674826237439162e-04	4.571343648007586240e-03
2.294329227843169949e+00	1.920089622842582455e-03	7.394848690942400389e-04	4.532519805319195488e-04	4.241521965576971510e-03
2.342950999369765697e+00	1.777201112978629444e-03	6.814056477524763848e-04	4.156169559435043135e-04	3.933947973088432019e-03
2.392603170822269476e+00	1.644276510881774022e-03	6.275658080605872602e-04	3.808730554227570926e-04	3.647390707841630282e-03
2.443307578591545681e+00	1.520820084180643777e-03	5.777453075314408024e-04	3.488615990506400998e-04	3.380823468577728082e-03
2.495086521828544068e+00	1.406017258565866275e-03	5.315890395661412252e-04	3.193326333924586245e-04	3.132541800313194593e-03
2.547962772251191943e+00	1.299310737149545749e-03	4.888522996955411851e-04	2.921123770644297262e-04	2.901383914430826633e-03
2.601959584159102334e+00	1.200232028530230990e-03	4.493284412292502172e-04	2.670535612401373784e-04	2.686375646529078499e-03
2.657100704660517732e+00	1.108383934552531827e-03	4.128415017539928465e-04	2.440301376854746545e-04	2.486695601887654438e-03
2.713410384115983121e+00	1.023127184404552586e-03	3.791145591711720959e-04	2.228493119450403355e-04	2.301005722448474806e-03
2.770913386803353973e+00	9.440266763228924831e-04	3.479576908129744539e-04	2.033775563034652086e-04	2.128398428141133319e-03
2.829635001808795014e+00	8.707142061634176892e-04	3.192085202428543542e-04	1.855002216596027644e-04	1.968103093097851169e-03
2.889601054148607684e+00	8.028753082151754818e-04	2.927280961029270689e-04	1.691187721154806581e-04	1.819467190444141102e-03
2.950837916126738403e+00	7.400136059529631308e-04	2.683036511810917512e-04	1.540871551156878627e-04	1.681448212565350188e-03
3.013372518932980082e+00	6.817928713562868958e-04	2.457893721193522060e-04	1.403040032048090077e-04	1.553344907521035006e-03
3.077232364486974792e+00	6.279268957677222639e-04	2.250611452385892274e-04	1.276831131412286624e-04	1.434563452151360000e-03
3.142445537533192557e+00	5.781695240199485409e-04	2.060108617448086368e-04	1.161487741823343558e-04	1.324589592175788371e-03
3.209040717992251324e+00	5.321392635691636142e-04	1.884762569767595630e-04	1.055911369810700950e-04	1.222616507393037028e-03
3.277047193573979555e+00	4.895788440656129300e-04	1.723470413883659012e-04	9.593475881326869628e-05	1.128105847761613637e-03
3.346494872657771680e+00	4.502681273542728313e-04	1.575285833505347477e-04	8.711476710118002818e-05	1.040598562957119290e-03
3.417414297445926952e+00	4.140164925636992616e-04	1.439387133632636187e-04	7.907473318385994693e-05	9.596991836163166513e-04
3.489836657395697816e+00	3.805336116305925377e-04	1.314554435121058872e-04	7.173340235141101740e-05	8.847886710507667793e-04
3.563793802936028321e+00	3.496244833881478539e-04	1.199959394935245539e-04	6.503505549307602579e-05	8.154546454876759670e-04
3.639318259474964901e+00	3.211214836127108084e-04	1.094891157174967232e-04	5.893174710318219140e-05	7.513468163608584289e-04
3.716443241703908829e+00	2.948784925488543416e-04	9.987304768884928616e-05	5.338189174273020459e-05	6.921600188605558446e-04
3.795202668205029717e+00	2.706766332349556502e-04	9.105700258753480656e-05	4.832600118150445664e-05	6.374258443800418557e-04
3.875631176368202979e+00	2.483694319366576311e-04	8.297975895004169433e-05	4.372370465378571470e-05	5.868338016180127837e-04
3.957764137624104617e+00	2.278304686395429628e-04	7.558859847092474962e-05	3.954020788379455372e-05	5.401174219974874159e-04
4.041637673000112230e+00	2.089488083554743062e-04	6.883705117139385539e-05	3.574481135418733558e-05	4.970430629910920156e-04
4.127288669005872102e+00	1.915609202736196133e-04	6.265867416189428729e-05	3.229500502660084810e-05	4.572579609506228701e-04
4.214754793855508552e+00	1.755577249176848941e-04	5.700867840363990532e-05	2.916178675280084790e-05	4.205306421998092413e-04
4.304074514033643162e+00	1.608447427362542752e-04	5.184854616732021435e-05	2.632038197060548377e-05	3.866606780213243484e-04
4.395287111212434539e+00	1.473385118441332712e-04	4.714345155845200644e-05	2.374812180903925523e-05	3.554676057435702564e-04
4.488432699527177050e+00	1.349178981668261738e-04	4.284548120950111392e-05	2.141514775044993030e-05	3.266904380432585986e-04
4.583552243217979161e+00	1.235023316946026902e-04	3.892231190097677086e-05	1.930105881541209503e-05	3.001573276222690555e-04
4.680687574645305382e+00	1.130218113179696626e-04	3.534542677308291864e-05	1.738774037444515023e-05	2.757161983036846313e-04
4.779881412687339015e+00	1.034140783331201108e-04	3.208993250180389363e-05	1.565958686811686447e-05	2.532337712288369302e-04
4.881177381527165515e+00	9.459013548633790202e-05	2.912113982901847560e-05	1.409537903393261063e-05	2.325162875073622589e-04
4.984620029838152888e+00	8.649093047036673768e-05	2.641573995890045159e-05	1.268075594338009137e-05	2.134348919527463933e-04
5.090254850375883322e+00	7.906502174961792435e-05	2.395349587548685065e-05	1.140327515882629889e-05	1.958779424474882229e-04
5.198128299985286915e+00	7.226633784192468550e-05	2.171622995813992239e-05	1.025173850450704107e-05	1.797458705550305234e-04
5.308287820031761584e+00	6.603000012235715136e-05	1.967925420375438934e-05	9.211490718079776339e-06	1.648951023976794462e-04
5.420781857265304815e+00	6.031304321750026741e-05	1.782608163932306714e-05	8.272641336960082434e-06	1.512319386854038637e-04
5.535659885126738011e+00	5.507795632290889848e-05	1.614216299237158553e-05	7.426436102018996032e-06	1.386736761529473716e-04
5.652972425505520704e+00	5.029090135288602075e-05	1.461461992718764044e-05	6.665225125861327183e-06	1.271468002410335594e-04
5.772771070958623518e+00	4.590493128060718186e-05	1.322596323365417796e-05	5.978868544237968693e-06	1.165457179342468860e-04
5.895108507400270703e+00	4.188900045501802697e-05	1.196450515902324697e-05	5.360535984570567164e-06	1.068016365427216320e-04
6.020038537272556667e+00	3.821595590284099871e-05	1.082014642678532874e-05	4.804374463904662015e-06	9.785503588036389684e-05
6.147616103207036886e+00	3.486111800632627893e-05	9.783542328225618056e-06	4.304924892071934427e-06	8.965064223476597598e-05
6.277897312187818990e+00	3.179075379188221062e-05	8.842591203540312372e-06	3.855424816977830706e-06	8.211244862529955041e-05
6.410939460226692255e+00	2.898257563931881257e-05	7.989107260480148205e-06	3.451227672587665206e-06	7.519021658530297269e-05
6.546801057561175696e+00	2.641706377694573492e-05	7.215948849867987992e-06	3.087853287934495205e-06	6.884015151898218723e-05
6.685541854386596761e+00	2.407633512541086903e-05	6.516648297749325758e-06	2.762978528338077203e-06	6.302226406037930999e-05
6.827222867133428963e+00	2.193631324104387335e-05	5.882725572696496168e-06	2.470682211952036094e-06	5.768132144648011647e-05
6.971906405301561804e+00	1.998109493993630129e-05	5.308542915214518724e-06	2.208304923747621202e-06	5.278121448086243414e-05
7.119656098863218929e+00	1.819673915593968865e-05	4.789130486886199188e-06	1.972765551303394983e-06	4.829001294384858913e-05
7.270536926246596643e+00	1.657036538435582371e-05	4.319984494230644542e-06	1.762684452523835676e-06	4.417876421419302907e-05
7.424615242912579127e+00	1.508489876064442599e-05	3.895256528877089553e-06	1.573913423342982241e-06	4.040743978402378119e-05
7.581958810536977289e+00	1.372905593930717726e-05	3.511059697660996515e-06	1.404738322475961967e-06	3.695027452057109417e-05
7.742636826811277295e+00	1.249294120866851551e-05	3.163990053527584561e-06	1.252967897315921078e-06	3.378435497493524294e-05
7.906719955874896399e+00	1.136732884352214850e-05	2.850885040574958805e-06	1.118108432008173895e-06	3.088831795539052493e-05
8.074280359392364659e+00	1.034018261140119910e-05	2.567782789368693471e-06	9.969747680718829193e-07	2.823379615145103224e-05
8.245391728289099831e+00	9.403539275530660324e-06	2.312014899238466878e-06	8.881556064875087828e-07	2.580223390511618721e-05
8.420129315159766037e+00	8.550415454796178634e-06	2.080908983006401802e-06	7.914698177143733508e-07	2.357728084634624818e-05
8.598569967363353328e+00	7.774236199806799471e-06	1.873349623628609870e-06	7.053753199298640815e-07	2.154344099599695949e-05
8.780792160819700598e+00	7.066566695623135269e-06	1.685575881387406053e-06	6.276993628126679249e-07	1.968054450397123682e-05
8.966876034522190508e+00	6.421814220991315261e-06	1.516134342283424886e-06	5.587228638057729920e-07	1.797527720409822065e-05
9.156903425781846906e+00	5.834734528769583759e-06	1.363211743747438666e-06	4.974062033663806561e-07	1.641610770246216281e-05
9.350957906218383187e+00	5.301692500372666437e-06	1.226028907050980934e-06	4.423239291980853959e-07	1.499175291107305929e-05
9.549124818513869073e+00	4.815780916651316173e-06	1.102061180050184587e-06	3.933351967256970567e-07	1.368796475379136383e-05
9.751491313945386707e+00	4.373432683362373823e-06	9.898712664522497326e-07	3.495390441588629532e-07	1.249531719141723893e-05
9.958146390713055851e+00	3.971025306555025826e-06	8.896997462811438517e-07	3.110707171926627781e-07	1.140516949971309510e-05
1.016918093308028581e+01	3.605864951518978447e-06	7.993211588372033469e-07	2.760023801982267672e-07	1.041063156370353301e-05
1.038468775134352740e+01	3.273275989754937703e-06	7.173737599883536195e-07	2.451088671356115848e-07	9.500493780542354158e-06
1.060476162264905220e+01	2.970736410300938033e-06	6.440525038449282562e-07	2.176477366252847374e-07	8.668435640508878327e-06
1.082949933267470577e+01	2.695870503628278361e-06	5.784974792738602696e-07	1.932163864365793613e-07	7.908646946754986526e-06
1.105899971819510696e+01	2.446353209011496758e-06	5.188349450555708000e-07	1.714370353050955995e-07	7.215345769882841779e-06
1.129336371054865928e+01	2.219380893796457796e-06	4.654791420618134677e-07	1.520582391744213596e-07	6.581480285292284770e-06
1.153269438002595848e+01	2.013063302183571007e-06	4.175441839686048320e-07	1.348711571325320201e-07	6.002347358474170906e-06
1.177709698119876869e+01	1.825757556005768228e-06	3.743452622845351278e-07	1.194633569840963877e-07	5.473818997470515146e-06
1.202667899920963279e+01	1.655832217282565923e-06	3.357800502714662535e-07	1.058354602469312093e-07	4.991778229268520366e-06
1.228155019704247053e+01	1.501364223041409811e-06	3.009866457144501654e-07	9.388715864719502129e-08	4.551309335469245697e-06
1.254182266379493349e+01	1.361046853604266523e-06	2.696325977267243682e-07	8.328079728640393633e-08	4.149060093948597052e-06
1.280761086397376225e+01	1.233748393796556388e-06	2.416291651357132754e-07	7.356930751470155940e-08	3.782188051397351559e-06
1.307903168783481007e+01	1.118329184273900320e-06	2.164386291093358872e-07	6.521309300948570647e-08	3.447716265118270855e-06
1.335620450278989146e+01	1.013474890396521202e-06	1.938293384993190038e-07	5.779235323811363617e-08	3.142251615922425972e-06
1.363925120590300821e+01	9.179020462851157808e-07	1.736017319358108661e-07	5.121259639463059904e-08	2.863433362462131519e-06
1.392829627749924271e+01	8.319844886322952628e-07	1.554487881240190997e-07	4.519385619876530196e-08	2.609244733801782224e-06
1.422346683590943783e+01	7.537787465157240248e-07	1.391165779367846262e-07	4.002168526810785287e-08	2.377623218485155966e-06
1.452489269337533528e+01	6.823626834566284427e-07	1.244755418088450342e-07	3.543255942098881358e-08	2.166166331664319105e-06
1.483270641313931115e+01	6.179873133158299828e-07	1.115248212099309488e-07	3.136864261363439462e-08	1.973248886174648135e-06
1.514704336774399174e+01	5.594962683368248903e-07	9.968274790035780262e-08	2.765490725207531959e-08	1.797462364621135403e-06
1.546804179856737527e+01	5.067312418608578886e-07	8.912620101210435363e-08	2.446729547783874932e-08	1.637335227755871840e-06
1.579584287661962527e+01	4.587410589969708187e-07	7.979563105057063980e-08	2.164141111318595914e-08	1.491212620562195935e-06
1.613059076462826624e+01	4.151411421141984746e-07	7.144566621175345511e-08	1.914208223417426226e-08	1.357955873927673954e-06
1.647243268043913034e+01	3.757704816657966761e-07	6.371806873757912188e-08	1.686021523908848523e-08	1.236586457212266506e-06
1.682151896176083383e+01	3.400559308035514592e-07	5.701912245378569404e-08	1.490339462656363274e-08	1.126065477609164630e-06
1.717800313228151410e+01	3.078421307128877899e-07	5.101702255496074034e-08	1.317075848852192608e-08	1.025250585258799433e-06
1.754204196918641045e+01	2.784354885661547985e-07	4.564893672192907288e-08	1.163931846282151850e-08	9.329802357043739503e-07
1.791379557210657580e+01	2.519199967927914792e-07	4.068542078832204129e-08	1.024307920736276101e-08	8.496765024967269993e-07
1.829342743352862044e+01	2.278610986535775732e-07	3.638498134000469796e-08	9.046422007579714953e-09	7.735074056226321672e-07
1.868110451069663469e+01	2.060754998466552046e-07	3.253487503656776529e-08	7.987999417456217395e-09	7.036468345761436391e-07
1.907699729903783492e+01	1.864179958993073776e-07	2.909420853817336713e-08	7.053493831405218675e-09	6.402586627624205042e-07
1.948127990714428748e+01	1.685933318477697229e-07	2.591430186738948457e-08	6.201937178334250193e-09	5.826730601327696070e-07
1.989413013334363711e+01	1.524124082111875479e-07	2.316173626724573839e-08	5.473107400767994116e-09	5.303560640228855680e-07
2.031572954389253738e+01	1.377741864623711850e-07	2.069857582257479723e-08	4.828779195761559319e-09	4.825561884399016282e-07
2.074626355282718393e+01	1.247120766222115794e-07	1.849907689736310581e-08	4.260508343663226265e-09	4.389338240567304833e-07
2.118592150350598402e+01	1.126325407666784908e-07	1.646765874680085768e-08	3.743211511851944323e-09	3.993434693381366231e-07
2.163489675188052530e+01	1.017653055749646606e-07	1.470994489362103094e-08	3.300619344326363549e-09	3.634093050954297658e-07
2.209338675153079734e+01	9.207355061077189019e-08	1.313858090117444077e-08	2.909948768485644850e-09	3.305619821725855106e-07
2.256159314050291798e+01	8.331717517785926730e-08	1.173607157814024651e-08	2.565558169104286125e-09	3.005737730616167491e-07
2.303972182998693796e+01	7.511397781263409497e-08	1.044137726253409508e-08	2.252272867311923037e-09	2.733829975533763084e-07
2.352798309487394945e+01	6.794184530024747176e-08	9.322104312455018152e-09	1.984589264822033334e-09	2.485965713417530100e-07
2.402659166623228870e+01	6.145192848941255668e-08	8.321704211105328216e-09	1.748310450241998381e-09	2.261914967529850688e-07
2.453576682574353285e+01	5.559080751512570008e-08	7.429563746644482382e-09	1.540289829855336585e-09	2.055936237611455701e-07
2.505573250213976877e+01	5.010129054851364800e-08	6.606531317750711476e-09	1.351251572165970807e-09	1.869402662506532921e-07
2.558671736968459953e+01	4.530369645339038825e-08	5.895188275959519643e-09	1.189741407737454998e-09	1.699255565466366166e-07
2.612895494874115698e+01	4.096400591642759749e-08	5.260010164005888681e-09	1.047405527032589586e-09	1.544568941605797424e-07
2.668268370847132687e+01	3.704630903681498563e-08	4.693796312740814121e-09	9.221435597289520623e-10	1.405870871975459088e-07
2.724814717171165412e+01	3.337775921960193605e-08	4.171566531744520964e-09	8.083395773266305455e-10	1.276760082594330500e-07
2.782559402207125743e+01	3.017284104981693307e-08	3.720674207551852346e-09	7.112732186072404734e-10	1.160060903165217422e-07
2.841527821329990999e+01	2.727477989395691163e-08	3.318164578787033287e-09	6.257457804503824253e-10	1.055472283610389052e-07
2.901745908097360527e+01	2.465948735915414810e-08	2.959543690861187657e-09	5.505275476152136906e-10	9.604798813785486065e-08
2.963240145654703639e+01	2.221093874943903489e-08	2.629040301383861526e-09	4.822843797679187458e-10	8.708790525207072335e-08
3.026037578382308624e+01	2.007261889235412782e-08	2.343721619625251643e-09	4.240714450317346707e-10	7.921827781388882661e-08
3.090165823789054755e+01	1.813963226610370937e-08	2.089141659126644963e-09	3.728120410437550225e-10	7.205935747782205368e-08
3.155653084658241525e+01	1.639585221069826360e-08	1.862555988819869641e-09	3.278091517078717107e-10	6.556025862157924212e-08
3.222528161450811979e+01	1.476348040902202472e-08	1.653718539718579572e-09	2.869662346473791830e-10	5.942881836303875516e-08
3.290820464971425707e+01	1.333842371938473723e-08	1.473538316729069181e-09	2.521552457172895647e-10	5.404563200010219470e-08
3.360560029302952501e+01	1.205057873444576729e-08	1.312916453283663589e-09	2.215493867759749995e-10	4.915028490173687403e-08
3.431777525015100849e+01	1.088916889406789906e-08	1.169962884917632550e-09	1.946723850700931511e-10	4.470672633754983910e-08
3.504504272652905428e+01	9.802079334700439604e-09	1.038262613720109287e-09	1.702974744830251636e-10	4.051438903046847286e-08
3.578772256511129513e+01	8.853366376150625277e-09	9.247358235440465921e-10	1.495524614604226962e-10	3.683539309758084399e-08
3.654614138700539883e+01	7.996228120028007202e-09	8.235440299058509169e-10	1.313127957719294725e-10	3.348967499653817940e-08
3.732063273512289925e+01	7.223475590945359865e-09	7.335217987603743346e-10	1.153039499662661505e-10	3.045362125427250545e-08
3.811153722086707774e+01	6.500229820698984600e-09	6.506398692613355494e-10	1.008028711324677147e-10	2.758936342761781674e-08
3.891920267392951160e+01	5.869244665837399900e-09	5.792249748991277286e-10	8.846784729218455258e-11	2.507665895262264541e-08
3.974398429526115706e+01	5.299304753704436924e-09	5.155787581878877287e-10	7.762279719088981886e-11	2.279157872369725175e-08
4.058624481328516254e+01	4.785622090606050696e-09	4.589975829565186554e-10	6.811490942619358677e-11	2.071868472420216538e-08
4.144635464342010778e+01	4.304872139131332416e-09	4.069313756859667515e-10	5.951073699465363647e-11	1.876312569320693079e-08
4.232469205098434628e+01	3.885572930215190910e-09	3.620742048787877325e-10	5.219143640207246704e-11	1.704779070384716010e-08
4.322164331755172384e+01	3.506923158421143550e-09	3.221161136194400373e-10	4.576102906197577551e-11	1.548814335004678665e-08
4.413760291083362119e+01	3.165738724263806645e-09	2.866170395916762350e-10	4.012933314696494430e-11	1.407376945450010006e-08
4.507297365816076251e+01	2.846433263269498484e-09	2.539630083612942411e-10	3.503659988799834714e-11	1.273937032422413615e-08
4.602816692364147144e+01	2.568018526417832997e-09	2.258315997645388283e-10	3.070357895345800363e-11	1.156897174753440388e-08
4.700360278907441369e+01	2.316644050470828747e-09	2.007876151713567568e-10	2.690060177973353269e-11	1.050502081263824652e-08
4.799971023869517950e+01	2.090195302827722125e-09	1.785521803706714568e-10	2.357323949521785395e-11	9.540484229620757278e-09
4.901692734783804895e+01	1.878263665361179496e-09	1.581007528038983702e-10	2.056489631120045245e-11	8.630314064195112694e-09
5.005570147559598126e+01	1.693517119764653211e-09	1.404886302760015763e-10	1.800665946571323926e-11	7.832152347534368167e-09
5.111648946156338980e+01	1.526740061817265453e-09	1.248167419533013455e-10	1.576304912968646998e-11	7.106683742366963904e-09
5.219975782674825382e+01	1.376530017716920389e-09	1.109095522971262694e-10	1.380163893310136686e-11	6.449127596036148541e-09
5.330598297874255564e+01	1.235940057173657884e-09	9.811873975651977686e-11	1.202849257701496436e-11	5.828541813813553067e-09
5.443565142123959077e+01	1.113407319481796822e-09	8.710857276417350256e-11	1.052169114791843071e-11	5.284389288440914813e-09
5.558925996799251124e+01	1.002803986859983808e-09	7.731485829702572249e-11	9.200979678771376979e-12	4.789837692875785137e-09
5.676731596130657209e+01	9.032008409216036543e-10	6.862683001447318434e-11	8.046973454329031928e-12	4.341618715171935187e-09
5.797033749516177181e+01	8.099635624778380335e-10	6.064036785727917728e-11	7.004913672422446634e-12	3.918551368474094941e-09
5.919885364306400533e+01	7.287090389347718239e-10	5.376658042630810691e-11	6.119498228292733097e-12	3.547602449017324308e-09
6.045340469072480261e+01	6.553647983191408495e-10	4.765344958479395096e-11	5.343729880222982995e-12	3.210420115918227927e-09
6.173454237367209174e+01	5.893155606128309833e-10	4.223176934142422552e-11	4.666170889537945439e-12	2.904817331538585099e-09
6.304283011989645757e+01	5.274707751358903460e-10	3.724881017827800326e-11	4.054697746314210007e-12	2.616277289040425936e-09
6.437884329763940627e+01	4.735680504292045276e-10	3.296161912898192969e-11	3.535552824193311727e-12	2.363263272627398443e-09
6.574316946843353549e+01	4.249017674202061420e-10	2.914879550542650857e-11	3.080762033393582469e-12	2.133200139098762981e-09
6.713640864550379206e+01	3.810642888581012642e-10	2.576681745468230917e-11	2.683542295822141966e-12	1.924579442573462670e-09
6.855917355764610477e+01	3.399945878364970172e-10	2.265788239040244767e-11	2.325093465360624940e-12	1.727498978675590664e-09
7.001208991869765441e+01	3.041780372010350819e-10	1.998515822212442234e-11	2.021388650292511503e-12	1.554642880140737675e-09
7.149579670271769771e+01	2.718167674862412687e-10	1.760647461259574256e-11	1.755138423017849707e-12	1.397294449060255008e-09
7.301094642500031284e+01	2.426394853038614716e-10	1.549530165769761208e-11	1.522504333837715701e-12	1.254445564476988524e-09
7.455820542904223203e+01	2.152703358001496585e-10	1.355240482811701269e-11	1.312359822056960219e-12	1.119303332331091951e-09
7.613825417959219521e+01	1.913592144394004844e-10	1.188038835773605631e-11	1.134235824774679954e-12	1.000516803477039630e-09
7.775178756191070306e+01	1.697089099251296134e-10	1.039237543876850326e-11	9.783851871972378432e-13	8.922408405011564019e-10
7.939951518737163383e+01	1.501350513785448390e-10	9.068525394467602102e-12	8.419162142545101042e-13	7.936074177022179868e-10
8.108216170554010205e+01	1.317141406900558213e-10	7.846741744715316283e-12	7.183304266066506880e-13	6.999707180271493360e-10
8.280046712286477373e+01	1.155339666847223550e-10	6.790552045025139049e-12	6.131741026331053632e-13	6.171695826509904482e-10
8.455518712812224180e+01	1.007874371026539109e-10	5.845156862009703951e-12	5.206924652501660996e-13	5.411545767145582066e-10
8.634709342475994731e+01	8.733467857408309048e-11	4.998847582928874395e-12	4.394117559807813335e-13	4.712693205746280380e-10
8.817697407028136070e+01	7.453375646388664556e-11	4.211264777900358468e-12	3.653729070590197457e-13	4.042316986671470077e-10
9.004563382282356088e+01	6.306622159288123029e-11	3.518223011461028485e-12	3.013480687035864225e-13	3.436793599323531580e-10
9.195389449507966617e+01	5.232769968721556366e-11	2.882466281648937748e-12	2.437699576184502200e-13	2.864998158894693249e-10
9.390259531572145590e+01	4.209965082122234684e-11	2.290267934276278552e-12	1.912750933979177353e-13	2.315446822493098173e-10
9.589259329848152902e+01	3.168620814154759656e-11	1.702651248352439523e-12	1.404593992891021259e-13	1.750490922289120483e-10
9.792476361905691817e+01	2.077976503019522817e-11	1.103281536249896439e-12	8.993487318685039057e-14	1.152892184065688331e-10
