# Data associated with arXiv:2110.09653
# 
# Scale-free velocity distribution, f(E), of a nfw1-2 dark matter distribution (see Eq. 13 and the surrounding discussion)
# 
# Published: 3/29/22, Jack Runburg, contact: runburg@hawaii.edu
# 
# 
# -----------------------------------------------------------------
# 
# 	 tilde E 		 | 		 tilde f
# 
# -----------------------------------------------------------------
6.944412415864362003e-05	2.450635162100511169e+11
7.038156879579440263e-05	2.363655298894388428e+11
7.133166812709149248e-05	2.277392506833305664e+11
7.229459297722660256e-05	2.192172657709819946e+11
7.327051647673489608e-05	2.109259785026149292e+11
7.425961409311614245e-05	2.026884855739291687e+11
7.526206366237757372e-05	1.946967763934216003e+11
7.627804542100082670e-05	1.870201691529152527e+11
7.730774203834148172e-05	1.796462467703673401e+11
7.835133864946526388e-05	1.725630607193621216e+11
7.940902288842670710e-05	1.657591550587640686e+11
8.048098492199843982e-05	1.592235177885306396e+11
8.156741748385366712e-05	1.529455714991611938e+11
8.266851590921195955e-05	1.469151558596309814e+11
8.378447816995016474e-05	1.411225110302019043e+11
8.491550491018960895e-05	1.355582620447841339e+11
8.606179948236154027e-05	1.302134036138917847e+11
8.722356798375959538e-05	1.250792853340851440e+11
8.840101929358677095e-05	1.201475981604562988e+11
8.959436511049993540e-05	1.154103604357005463e+11
9.080381999066353626e-05	1.108599052803522491e+11
9.202960138631423770e-05	1.064888681414905701e+11
9.327192968484798101e-05	1.022901748096912537e+11
9.453102824843326248e-05	9.825702990671974182e+10
9.580712345415859778e-05	9.438290632204344177e+10
9.710044473472311736e-05	9.066153384281384277e+10
9.841122461967435875e-05	8.708688976620645142e+10
9.973969877720409763e-05	8.365318880910520935e+10
1.010861060565063920e-04	8.035487378340989685e+10
1.024506885307091694e-04	7.718660655092355347e+10
1.038336915403824466e-04	7.414325956204202271e+10
1.052353637376361392e-04	7.121990737893635559e+10
1.066559571308111460e-04	6.841181874361820221e+10
1.080957271297732500e-04	6.571444899739697266e+10
1.095549325918197700e-04	6.312343264410856628e+10
1.110338358682032175e-04	6.063457628464373016e+10
1.125327028512849303e-04	5.824385193017968750e+10
1.140518030223222043e-04	5.594739037726310730e+10
1.155914094999031555e-04	5.374147490824676514e+10
1.171517990890320762e-04	5.162253548167712402e+10
1.187332523308784850e-04	4.958714273474449921e+10
1.203360535531980576e-04	4.763200252978089905e+10
1.219604909214308714e-04	4.575395060644176483e+10
1.236068564904927954e-04	4.394994755422250366e+10
1.252754462572612288e-04	4.221707361737786865e+10
1.269665602137731611e-04	4.055252435433301544e+10
1.286805024011378304e-04	3.895360578452898407e+10
1.304175809641766907e-04	3.741773019144244385e+10
1.321781082068029952e-04	3.594241188687683105e+10
1.339624006481447086e-04	3.452526314766223907e+10
1.357707790794278791e-04	3.316399048309581757e+10
1.376035686216242095e-04	3.185639073658782578e+10
1.394610987838788754e-04	3.060034767841166306e+10
1.413437035227247144e-04	2.939382847910619736e+10
1.432517213020946599e-04	2.823488049692332840e+10
1.451854951541461328e-04	2.712162807889188004e+10
1.471453727409021100e-04	2.605226949892056274e+10
1.491317064167273524e-04	2.502507409283868408e+10
1.511448532916436437e-04	2.403837940791192627e+10
1.531851752955021989e-04	2.309058857389816666e+10
1.552530392430192066e-04	2.218016766818428802e+10
1.573488168996886529e-04	2.130564324425046158e+10
1.594728850485860349e-04	2.046559995162436676e+10
1.616256255580697391e-04	1.965867825519044113e+10
1.638074254503992205e-04	1.888357221109933090e+10
1.660186769712742130e-04	1.813902738138780594e+10
1.682597776603158386e-04	1.742383877456877136e+10
1.705311304224954192e-04	1.673684892093535233e+10
1.728331436005262761e-04	1.607694598389302444e+10
1.751662310482347807e-04	1.544306196333026314e+10
1.775308122049162407e-04	1.483417097198365593e+10
1.799273121706977934e-04	1.424928757473249054e+10
1.823561617829134009e-04	1.368746518347798157e+10
1.848177976935121993e-04	1.314779453622318459e+10
1.873126624475084947e-04	1.262940222333427238e+10
1.898412045624884767e-04	1.213144927205011749e+10
1.924038786091925696e-04	1.165312978578580666e+10
1.950011452931796536e-04	1.119366964923926353e+10
1.976334715375963600e-04	1.075232526354740334e+10
2.003013305670584324e-04	1.032838235511221123e+10
2.030052019926664340e-04	9.921154802772182465e+09
2.057455718981653970e-04	9.529983554420354843e+09
2.085229329272650020e-04	9.154235526143608093e+09
2.113377843721407786e-04	8.793302606521530151e+09
2.141906322631229953e-04	8.446600658348795891e+09
2.170819894596000732e-04	8.113568575430981636e+09
2.200123757421414551e-04	7.793667376907462120e+09
2.229823179058678501e-04	7.486379327462348938e+09
2.259923498550764419e-04	7.191207115129316330e+09
2.290430126991406848e-04	6.907673029395768166e+09
2.321348548497069149e-04	6.635318196449362755e+09
2.352684321191961768e-04	6.373701834780945778e+09
2.384443078206371263e-04	6.122400544166248322e+09
2.416630528688411207e-04	5.881007617538620949e+09
2.449252458829441633e-04	5.649132378692349434e+09
2.482314732903274641e-04	5.426399568917040825e+09
2.515823294319411763e-04	5.212448711166999817e+09
2.549784166690461057e-04	5.006933545237594604e+09
2.584203454913915001e-04	4.809521470751844406e+09
2.619087346268562954e-04	4.619892987528606415e+09
2.654442111525592385e-04	4.437741207410820961e+09
2.690274106074761590e-04	4.262771334334234238e+09
2.726589771065654759e-04	4.094700197247066498e+09
2.763395634564350047e-04	3.933255789317938805e+09
2.800698312725682817e-04	3.778176829401575565e+09
2.838504510981284027e-04	3.629212340417814732e+09
2.876821025243621430e-04	3.486121233303445339e+09
2.915654743126260451e-04	3.348671935067616940e+09
2.955012645180581077e-04	3.216641997599611282e+09
2.994901806149129664e-04	3.089817743120522022e+09
3.035329396235839842e-04	2.967993918625638485e+09
3.076302682393432610e-04	2.850973372045356750e+09
3.117829029628032471e-04	2.738566711183863640e+09
3.159915902321505936e-04	2.630592021849524975e+09
3.202570865571447594e-04	2.526874556303795338e+09
3.245801586549353665e-04	2.427246462027215004e+09
3.289615835876991720e-04	2.331546500184208393e+09
3.334021489021330863e-04	2.239619792059247017e+09
3.379026527708277393e-04	2.151317563805500984e+09
3.424639041355380755e-04	2.066496909892689466e+09
3.470867228523941291e-04	1.985020557058792830e+09
3.517719398390527371e-04	1.906756644844856024e+09
3.565203972238412578e-04	1.831578513239780188e+09
3.613329484969064124e-04	1.759364494858684301e+09
3.662104586633905851e-04	1.689997720390263557e+09
3.711538043986828514e-04	1.623365926526665211e+09
3.761638742057473394e-04	1.559361279803851128e+09
3.812415685745779268e-04	1.497880195428029299e+09
3.863878001437914193e-04	1.438823173869034052e+09
3.916034938644036615e-04	1.382094639425080538e+09
3.968895871658020239e-04	1.327602781727557659e+09
4.022470301239551419e-04	1.275259417465756655e+09
4.076767856318873362e-04	1.224979830927880526e+09
4.131798295724399398e-04	1.176682653309221029e+09
4.187571509933681068e-04	1.130289721614549875e+09
4.244097522847804717e-04	1.085725953842364550e+09
4.301386493589779325e-04	1.042919231421137691e+09
4.359448718327001214e-04	1.001800276213578105e+09
4.418294632118345317e-04	9.623025424247407913e+08
4.477934810785999032e-04	9.243621092726097107e+08
4.538379972812534133e-04	8.879175754108355045e+08
4.599640981263488867e-04	8.529099596908838749e+08
4.661728845735738894e-04	8.192826079201358557e+08
4.724654724332178553e-04	7.869810983023675680e+08
4.788429925662834440e-04	7.559531562874308825e+08
4.853065910872991881e-04	7.261485669546632767e+08
4.918574295698473079e-04	6.975190964696213007e+08
4.984966852548661622e-04	6.700184119991835356e+08
5.052255512617455499e-04	6.436020073611087799e+08
5.120452368022578504e-04	6.182271322578746080e+08
5.189569673973729253e-04	5.938527214167585373e+08
5.259619850969771094e-04	5.704393281380337477e+08
5.330615487025501227e-04	5.479490617608691454e+08
5.402569339928341629e-04	5.263455251673719287e+08
5.475494339525322591e-04	5.055937565400887728e+08
5.549403590040829408e-04	4.856601723917775750e+08
5.624310372425430976e-04	4.665125136124644279e+08
5.700228146736332395e-04	4.481197934904857278e+08
5.777170554549724809e-04	4.304522443291246891e+08
5.855151421405585402e-04	4.134812764039352536e+08
5.934184759285298380e-04	3.971794242671346664e+08
6.014284769122519745e-04	3.815203060488327146e+08
6.095465843347812806e-04	3.664785804025153518e+08
6.177742568467347152e-04	3.520299048190562129e+08
6.261129727676354980e-04	3.381508966741344333e+08
6.345642303507511737e-04	3.248190951086030006e+08
6.431295480515006541e-04	3.120129255880836248e+08
6.518104647994523533e-04	2.997116632903059125e+08
6.606085402739782534e-04	2.878954008749148846e+08
6.695253551836064009e-04	2.765450159288610816e+08
6.785625115491162847e-04	2.656421397142937183e+08
6.877216329904412831e-04	2.551691291881035268e+08
6.970043650174065830e-04	2.451090338625066876e+08
7.064123753243812870e-04	2.354455760493344963e+08
7.159473540888689922e-04	2.261631151619450748e+08
7.256110142741081835e-04	2.172466302229638398e+08
7.354050919357340470e-04	2.086816916636392772e+08
7.453313465325372674e-04	2.004544387881026864e+08
7.553915612414089297e-04	1.925515577479686439e+08
7.655875432764830185e-04	1.849602593907830417e+08
7.759211242125799461e-04	1.776682583404315114e+08
7.863941603129623878e-04	1.706637546781619191e+08
7.970085328614973140e-04	1.639354127457663119e+08
8.077661484992606491e-04	1.574723444856432080e+08
8.186689395656517780e-04	1.512640907310110033e+08
8.297188644440799165e-04	1.453006048582596779e+08
8.409179079122698327e-04	1.395722363574890494e+08
8.522680814972725732e-04	1.340697151911782175e+08
8.637714238352137185e-04	1.287841368229990005e+08
8.754300010358674220e-04	1.237069478079650402e+08
8.872459070521043724e-04	1.188299319236507267e+08
8.992212640542845839e-04	1.141451969986004978e+08
9.113582228096622382e-04	1.096451618804547191e+08
9.236589630668572181e-04	1.053225444354627281e+08
9.361256939454820234e-04	1.011703495301392227e+08
9.487606543309670031e-04	9.718185799416668713e+07
9.615661132746704210e-04	9.335061548267419636e+07
9.745443703993394947e-04	8.967042211739023030e+07
9.876977563099830111e-04	8.613532251370245218e+07
1.001028633010249630e-03	8.273959608232812583e+07
1.014539394324345594e-03	7.947774773512844741e+07
1.028232466324618044e-03	7.634449912684959173e+07
1.042110307764825298e-03	7.333477992573177814e+07
1.056175410519209030e-03	7.044371972198745608e+07
1.070430300027420045e-03	6.766664058678308129e+07
1.084877535745387657e-03	6.499904812603569776e+07
1.099519711602210074e-03	6.243662580016201735e+07
1.114359456463127809e-03	5.997522738519576192e+07
1.129399434598697205e-03	5.761086922618333995e+07
1.144642346160198564e-03	5.533972576188352704e+07
1.160090927661401377e-03	5.315812192295997590e+07
1.175747952466745438e-03	5.106252737983771414e+07
1.191616231286029984e-03	4.904955110289314389e+07
1.207698612675704762e-03	4.711593574387732148e+07
1.223997983546822000e-03	4.525855238501577079e+07
1.240517269679781770e-03	4.347439546293646097e+07
1.257259436245907391e-03	4.176057801476386935e+07
1.274227488335984452e-03	4.011432670300497860e+07
1.291424471495827841e-03	3.853297776346355677e+07
1.308853472268978061e-03	3.701397225959546864e+07
1.326517618746625698e-03	3.555485227177014947e+07
1.344420081124834314e-03	3.415325673359362036e+07
1.362564072269201610e-03	3.280691770848112926e+07
1.380952848287000717e-03	3.151365663299355283e+07
1.399589709106946250e-03	3.027138088144735247e+07
1.418477999066656463e-03	2.907808028977970406e+07
1.437621107507922524e-03	2.793182397401781753e+07
1.457022469379891166e-03	2.683075718671195954e+07
1.476685565850235525e-03	2.577309830958209187e+07
1.496613924924473970e-03	2.475713594730138779e+07
1.516811122073472495e-03	2.378122617727175727e+07
1.537280780869295033e-03	2.284378991579445079e+07
1.558026573629480186e-03	2.194331032350300625e+07
1.579052222069859740e-03	2.107833036311735213e+07
1.600361497966038210e-03	2.024745045414124057e+07
1.621958223823614974e-03	1.944932616912408546e+07
1.643846273557323734e-03	1.868266615632643178e+07
1.666029573179122298e-03	1.794622989012439549e+07
1.688512101495426515e-03	1.723882579760142043e+07
1.711297890813551258e-03	1.655930929211655259e+07
1.734391027657497661e-03	1.590658089612701535e+07
1.757795653493226693e-03	1.527958449610042758e+07
1.781515965463482390e-03	1.467730561235051975e+07
1.805556217132375059e-03	1.409876975035755336e+07
1.829920719239750077e-03	1.354304085733832046e+07
1.854613840465564297e-03	1.300921976854800805e+07
1.879640008204314745e-03	1.249644277979173884e+07
1.905003709349710863e-03	1.200388023240298964e+07
1.930709491089693071e-03	1.153073518475621194e+07
1.956761961711908030e-03	1.107624211744897999e+07
1.983165791419849201e-03	1.063966568701639771e+07
2.009925713159693272e-03	1.022029952927704901e+07
2.037046523458074018e-03	9.817465159637596458e+06
2.064533083270844987e-03	9.430510818917468190e+06
2.092390318843032233e-03	9.058810454574534670e+06
2.120623222580089642e-03	8.701762692016268149e+06
2.149236853930602993e-03	8.358789873406819068e+06
2.178236340280607572e-03	8.029337101047697477e+06
2.207626877859616456e-03	7.712871375045307912e+06
2.237413732658593245e-03	7.408880694525362924e+06
2.267602241359916934e-03	7.116873248438124545e+06
2.298197812279574852e-03	6.836376615847412497e+06
2.329205926321695989e-03	6.566937003486935049e+06
2.360632137945584737e-03	6.308118505268528126e+06
2.392482076145431135e-03	6.059502407561643049e+06
2.424761445442809044e-03	5.820686492584507912e+06
2.457476026892208617e-03	5.591284413597605191e+06
2.490631679099655511e-03	5.370925049591199495e+06
2.524234339254682272e-03	5.159251907453564927e+06
2.558290024175754237e-03	4.955922555925597437e+06
2.592804831369338592e-03	4.760608060153801925e+06
2.627784940102803092e-03	4.572992455849272199e+06
2.663236612491260216e-03	4.392772233125762083e+06
2.699166194598629550e-03	4.219655849995498545e+06
2.735580117552970439e-03	4.053363255787970033e+06
2.772484898676370706e-03	3.893625445630261675e+06
2.809887142629500286e-03	3.740184014420322143e+06
2.847793542571054864e-03	3.592790750222952571e+06
2.886210881332234354e-03	3.451207220881885383e+06
2.925146032606483482e-03	3.315204399036218878e+06
2.964605962154631940e-03	3.184562285165162291e+06
3.004597729025675675e-03	3.059069551739202347e+06
3.045128486793348063e-03	2.938523207479512319e+06
3.086205484808702583e-03	2.822728253595724236e+06
3.127836069468875255e-03	2.711497391197000630e+06
3.170027685502247589e-03	2.604650698746270966e+06
3.212787877270213005e-03	2.502015348681583535e+06
3.256124290085696347e-03	2.403425324882301502e+06
3.300044671548708810e-03	2.308721167881198227e+06
3.344556872899070565e-03	2.217749686195708811e+06
3.389668850386566047e-03	2.130363740950073581e+06
3.435388666658686745e-03	2.046421990145475371e+06
3.481724492166224285e-03	1.965788663556517335e+06
3.528684606586879931e-03	1.888333344675689470e+06
3.576277400267157194e-03	1.813930758068251424e+06
3.624511375682687182e-03	1.742460566488166805e+06
3.673395148917277253e-03	1.673807177333423868e+06
3.722937451160858186e-03	1.607859554837227799e+06
3.773147130226567510e-03	1.544511040863636881e+06
3.824033152087189750e-03	1.483659181708955672e+06
3.875604602431189510e-03	1.425205562773789046e+06
3.927870688238568539e-03	1.369055649231091607e+06
3.980840739376749308e-03	1.315118633334525395e+06
4.034524210216762670e-03	1.263307287609452847e+06
4.088930681269944273e-03	1.213537820823686663e+06
4.144069860845389988e-03	1.165729748436748981e+06
4.199951586728401486e-03	1.119805756906468887e+06
4.256585827880170030e-03	1.075691580834019696e+06
4.313982686158955235e-03	1.033315881710038637e+06
4.372152398062960008e-03	9.926101350421806565e+05
4.431105336495203516e-03	9.535085187132519204e+05
4.490852012467949454e-03	9.159478022080570227e+05
4.551403077227368470e-03	8.798672456044567516e+05
4.612769323633770895e-03	8.452085090175222140e+05
4.674961688305911446e-03	8.119155515895040007e+05
4.737991253430049073e-03	7.799345394874545746e+05
4.801869248661931600e-03	7.492137617447022349e+05
4.866607053052592058e-03	7.197035458974932553e+05
4.932216196998135370e-03	6.913561775525853736e+05
4.998708364213818103e-03	6.641258234102098504e+05
5.066095393732695379e-03	6.379684571561279008e+05
5.134389281929063915e-03	6.128417880806871690e+05
5.203602184567057698e-03	5.887051908429689938e+05
5.273746418874517700e-03	5.655196443458503345e+05
5.344834465642579746e-03	5.432476640308431815e+05
5.416878971351135781e-03	5.218532431444181711e+05
5.489892750320500732e-03	5.013017944177415920e+05
5.563888786889529571e-03	4.815600943861015840e+05
5.638880237620502896e-03	4.625962284568650066e+05
5.714880433531019550e-03	4.443795406733558630e+05
5.791902882353226756e-03	4.268805826890681637e+05
5.869961270820607188e-03	4.100710691272838740e+05
5.949069466982679494e-03	3.939238267149159219e+05
6.029241522547849029e-03	3.784127550956699415e+05
6.110491675254712401e-03	3.635127824060910498e+05
6.192834351272108982e-03	3.491998248311612988e+05
6.276284167628196943e-03	3.354507483145644655e+05
6.360855934668866937e-03	3.222433298737547593e+05
6.446564658545731949e-03	3.095562235245873453e+05
6.533425543734087092e-03	2.973689240875177784e+05
6.621453995580986809e-03	2.856617346712948638e+05
6.710665622883897445e-03	2.744157350204057293e+05
6.801076240500085641e-03	2.636127503741485416e+05
6.892701871987086046e-03	2.532353225062180427e+05
6.985558752274611746e-03	2.432666814066616644e+05
7.079663330368031471e-03	2.336907177856173657e+05
7.175032272083913150e-03	2.244919578041848144e+05
7.271682462817784763e-03	2.156555370680187771e+05
7.369631010344469824e-03	2.071671771875739214e+05
7.468895247651272454e-03	1.990131627187183476e+05
7.569492735804311291e-03	1.911803189531544631e+05
7.671441266756137342e-03	1.836559901283784711e+05
7.774758866631403462e-03	1.764280189392275643e+05
7.879463798188334617e-03	1.694847278244720947e+05
7.985574564144694992e-03	1.628148998005117755e+05
8.093109910136337196e-03	1.564077594396970526e+05
8.202088827788608233e-03	1.502529560647135659e+05
8.312530557822965169e-03	1.443405470167080057e+05
8.424454593199137004e-03	1.386609815200204030e+05
8.537880682292973283e-03	1.332050852719527320e+05
8.652828832110425264e-03	1.279640455155056552e+05
8.769319311537850450e-03	1.229293966891774471e+05
8.887372654628956231e-03	1.180930071428952215e+05
9.007009663928611590e-03	1.134470655477313121e+05
9.128251413833882513e-03	1.089840683736683131e+05
9.251119253992504468e-03	1.046968079867152555e+05
9.375634812739107662e-03	1.005783606571388373e+05
9.501820000569356425e-03	9.662207562149797741e+04
9.629697013652439852e-03	9.282156417016149499e+04
9.759288337382035147e-03	8.917068944025729434e+04
9.890616749966040303e-03	8.566355628709081793e+04
1.002370532605531030e-02	8.229450220561232709e+04
1.015857744041175244e-02	7.905808711387637595e+04
1.029525677161584156e-02	7.594908629518681846e+04
1.043376730581388988e-02	7.296248027106763038e+04
1.057413334050541324e-02	7.009344757764814130e+04
1.071637948837053482e-02	6.733735672864307708e+04
1.086053068113800035e-02	6.468975875279263710e+04
1.100661217349369059e-02	6.214637992440442758e+04
1.115464954703005405e-02	5.970311518144232105e+04
1.130466871423665975e-02	5.735602090510344715e+04
1.145669592253181594e-02	5.510130903902630962e+04
1.161075775833580494e-02	5.293534080688303948e+04
1.176688115118562118e-02	5.085462079443672701e+04
1.192509337789153696e-02	4.885579130458856525e+04
1.208542206673555823e-02	4.693562698879206437e+04
1.224789520171203246e-02	4.509102953783475823e+04
1.241254112681043804e-02	4.331902275667211507e+04
1.257938855034052179e-02	4.161674772306127852e+04
1.274846654929995098e-02	3.998145816917821503e+04
1.291980457378454072e-02	3.841051604720113392e+04
1.309343245135335780e-02	3.690138720528528211e+04
1.326938039185993935e-02	3.545163732995651662e+04
1.344767899150827416e-02	3.405892808639267605e+04
1.362835923774336280e-02	3.272101325630257998e+04
1.381145251380115277e-02	3.143573509666656537e+04
1.399699060337573214e-02	3.020102090466334630e+04
1.418500569532970754e-02	2.901487958808467374e+04
1.437553038844743142e-02	2.787539856351576600e+04
1.456859769623122629e-02	2.678074056739561274e+04
1.476424105174051378e-02	2.572914071212059571e+04
1.496249431247388163e-02	2.471890366524350247e+04
1.516339176529389078e-02	2.374840086355382664e+04
1.536696813139459307e-02	2.281606790893896323e+04
1.557325857131170929e-02	2.192040203930720963e+04
1.578229868998368840e-02	2.105995967468893650e+04
1.599412454181456736e-02	2.023335412839995843e+04
1.620877263585685651e-02	1.943925332235385576e+04
1.642627994096141145e-02	1.867637765600403873e+04
1.664668389100519563e-02	1.794349793857984696e+04
1.687002239015349125e-02	1.723943339039888087e+04
1.709633381816336520e-02	1.656304976220670505e+04
1.732565703572803983e-02	1.591325745825591912e+04
1.755803138986186673e-02	1.528900981906928791e+04
1.779349671932551474e-02	1.468930141217837445e+04
1.803209336009100466e-02	1.411316639432149350e+04
1.827386215084623317e-02	1.355967698068178106e+04
1.851884443853843085e-02	1.302794191477740787e+04
1.876708208395616931e-02	1.251710505261426988e+04
1.901861746734936909e-02	1.202634396041331092e+04
1.927349349408681231e-02	1.155486860697519296e+04
1.953175360035046618e-02	1.110192007389882565e+04
1.979344175886607257e-02	1.066676931886265083e+04
2.005860248466949727e-02	1.024871602715930749e+04
2.032728084090778056e-02	9.847087456711415143e+03
2.059952244467442781e-02	9.461237353537975650e+03
2.087537347287821490e-02	9.090544922260638486e+03
2.115488066814444693e-02	8.734413810160296634e+03
2.143809134474792752e-02	8.392271147566161744e+03
2.172505339457684453e-02	8.063566615475329854e+03
2.201581529312626739e-02	7.747771581729221907e+03
2.231042610552081557e-02	7.444378219304148843e+03
2.260893549247454046e-02	7.152898713482582934e+03
2.291139371671269478e-02	6.872864390251860641e+03
2.321785164857805353e-02	6.603825125518939785e+03
2.352836077247564411e-02	6.345348457244407655e+03
2.384297319294557266e-02	6.097018966154749251e+03
2.416174164083453174e-02	5.858437589377321274e+03
2.448471947948729910e-02	5.629220967028599262e+03
2.481196071095714828e-02	5.409000839782624098e+03
2.514351998223344001e-02	5.197423450603251695e+03
2.547945259148510708e-02	4.994148961854151821e+03
2.581981449432199302e-02	4.798850857911403182e+03
2.616466231254120992e-02	4.611215509767150252e+03
2.651405333372094594e-02	4.430941700377083180e+03
2.686804552404620933e-02	4.257740036125434926e+03
2.722669753158720243e-02	4.091332584460084490e+03
2.759006868679073077e-02	3.931452216459602369e+03
2.795821903389661411e-02	3.777842276024606235e+03
2.833120929333842603e-02	3.630256365254721459e+03
2.870910092096321670e-02	3.488457710153691551e+03
2.909195605680758162e-02	3.352218872792191632e+03
2.947983759324178735e-02	3.221321347067083025e+03
2.987280911541450798e-02	3.095555230053996183e+03
3.027093497694775814e-02	2.974718909469679602e+03
3.067428023361966002e-02	2.858618766780297392e+03
3.108291071472464584e-02	2.747068533388351625e+03
3.149689300251339724e-02	2.639889448247061409e+03
3.191629440580337485e-02	2.536910046110160692e+03
3.234118302823831698e-02	2.437965103385904513e+03
3.277162774473306450e-02	2.342896140873973309e+03
3.320769817307939881e-02	2.251551151242779724e+03
3.364946474628602996e-02	2.163783651527935490e+03
3.409699868659953059e-02	2.079453135320035017e+03
3.455037197591757231e-02	1.998424843017113062e+03
3.500965743060478058e-02	1.920568908495530195e+03
3.547492867381377146e-02	1.845760758645710439e+03
3.594626010552987722e-02	1.773880917133160210e+03
3.642372697817077704e-02	1.704814251700951900e+03
3.690740536797570276e-02	1.638450317133526596e+03
3.739737214551981659e-02	1.574683178723075571e+03
3.789370505035666303e-02	1.513410769383444176e+03
3.839648266224667678e-02	1.454535168523280163e+03
3.890578437296950826e-02	1.397962443276728209e+03
3.942169045847242898e-02	1.343602110321374084e+03
3.994428205030459839e-02	1.291367350743681982e+03
4.047364111010422205e-02	1.241174872543998845e+03
4.100985049662749654e-02	1.192944464082712784e+03
4.155299393924802992e-02	1.146599143195413035e+03
4.210315601513809486e-02	1.102065027641462621e+03
4.266042221790670302e-02	1.059271052698209587e+03
4.322487889392880034e-02	1.018148970544371764e+03
4.379661330827897686e-02	9.786332095481919850e+02
4.437571359834659862e-02	9.406607870708737664e+02
4.496226881151640931e-02	9.041711997926491904e+02
4.555636889181174931e-02	8.691063016132895882e+02
4.615810469311004693e-02	8.354102453786762226e+02
4.676756797659732678e-02	8.030293942982300450e+02
4.738485140688208225e-02	7.719121945865218777e+02
4.801004859278992093e-02	7.420091087448398639e+02
4.864325402490848188e-02	7.132725725923063465e+02
4.928456315757768352e-02	6.856568776789916910e+02
4.993407232567297072e-02	6.591181126437295461e+02
5.059187883951220960e-02	6.336140939720635288e+02
5.125808088880783736e-02	6.091043100827021135e+02
5.193277763402548430e-02	5.855497898245671422e+02
5.261606917173899944e-02	5.629131213644976697e+02
5.330805648963084231e-02	5.411583957897015580e+02
5.400884157162499227e-02	5.202510736213994278e+02
5.471852727840869485e-02	5.001579976170065720e+02
5.543721745525664879e-02	4.808472671963604625e+02
5.616501688819514060e-02	4.622882634255233256e+02
5.690203125272638024e-02	4.444516111490257799e+02
5.764836721259015279e-02	4.273090086596521928e+02
5.840413237157097981e-02	4.108333015065974791e+02
5.916943521969131314e-02	3.949984411359993715e+02
5.994438523484692249e-02	3.797793286097028727e+02
6.072909283129374752e-02	3.651518828305083844e+02
6.152366930482632695e-02	3.510930016921398078e+02
6.232822693343529480e-02	3.375804282697768031e+02
6.314287892541467495e-02	3.245928058469031612e+02
6.396773936287694640e-02	3.121096446528617889e+02
6.480292330163528458e-02	3.001112071548332096e+02
6.564854671635030059e-02	2.885785514614449880e+02
6.650472644630883723e-02	2.774935052758154939e+02
6.737158029016676597e-02	2.668385642356079757e+02
6.824922695073391832e-02	2.565969295735716855e+02
6.913778598357650518e-02	2.467524814343414619e+02
7.003737788335190340e-02	2.372896977377095027e+02
7.094812403043029847e-02	2.281936786975117286e+02
7.187014664269110453e-02	2.194501260504719085e+02
7.280356886315114684e-02	2.110452759200367439e+02
7.374851465077426893e-02	2.029658650743511998e+02
7.470510900499036100e-02	1.951992298659667426e+02
7.567347732698131990e-02	1.877332552661839316e+02
7.665374626440246697e-02	1.805561587563837236e+02
7.764604316928580552e-02	1.736566367491221001e+02
7.865049619390683533e-02	1.670239030923407597e+02
7.966723429349799324e-02	1.606475583419599786e+02
8.069638723760279297e-02	1.545176071415200454e+02
8.173808554844032292e-02	1.486244567744290066e+02
8.279246050667102286e-02	1.429588840705953601e+02
8.385964418088964756e-02	1.375120229655623518e+02
8.493976932281901981e-02	1.322753599702595011e+02
8.603296945841756860e-02	1.272407178134600088e+02
8.713937875782416798e-02	1.224002221774368877e+02
8.825913212144903541e-02	1.177462367678114958e+02
8.939236550063749120e-02	1.132716097522239806e+02
9.053921407072566818e-02	1.089696293840136576e+02
9.169981433123298997e-02	1.048333150027759899e+02
9.287430570779259265e-02	1.008559214375364093e+02
9.406282517213641892e-02	9.703155600054829222e+01
9.526551133164976037e-02	9.335438870907394460e+01
9.648250327830718009e-02	8.981860182349393540e+01
9.771394067908256709e-02	8.641869918333243561e+01
9.895996369608535403e-02	8.314940467695880955e+01
1.002207128996928515e-01	8.000565401919445208e+01
1.014963293606748751e-01	7.698257241034576737e+01
1.027869545444523580e-01	7.407547687818937732e+01
1.040927303001137616e-01	7.127987053828270803e+01
1.054137988365771161e-01	6.859143000149802560e+01
1.067503026869486976e-01	6.600599948608291356e+01
1.081023846999668026e-01	6.351958855326153497e+01
1.094701879242019199e-01	6.112836367711122421e+01
1.108538556985338291e-01	5.882863478404107838e+01
1.122535315563408936e-01	5.661685905485932579e+01
1.136693591297479600e-01	5.448963539450568305e+01
1.151014822326371367e-01	5.244368921841268616e+01
1.165500447630931635e-01	5.047587611050254708e+01
1.180151906093380998e-01	4.858317651889570499e+01
1.194970637375595696e-01	4.676268596832419888e+01
1.209958080127347818e-01	4.501161460434147443e+01
1.225115672711423465e-01	4.332728015921028231e+01
1.240444852277847315e-01	4.170710393643817326e+01
1.255947054022084342e-01	4.014860419953511439e+01
1.271623712818799601e-01	3.864940469178841198e+01
1.287476256465045765e-01	3.720722814411578838e+01
1.303506113993260773e-01	3.581986785558495967e+01
1.319714709616308657e-01	3.448520532977195074e+01
1.336103463484300535e-01	3.320121336865789630e+01
1.352673791198799325e-01	3.196594031953729598e+01
1.369427103302475190e-01	3.077751013868789443e+01
1.386364804604902634e-01	2.963411968433656796e+01
1.403488294180658957e-01	2.853403540960353979e+01
1.420798963861313324e-01	2.747559175030909273e+01
1.438298198636271397e-01	2.645718455962384041e+01
1.455987375684076879e-01	2.547727726545283033e+01
1.473867863257351807e-01	2.453441501776615752e+01
1.491941010193960360e-01	2.362716112878383257e+01
1.510208185722173579e-01	2.275410973069623921e+01
1.528670720303949848e-01	2.191397468377989810e+01
1.547329942653270507e-01	2.110551171821956729e+01
1.566187169289909031e-01	2.032749471211130299e+01
1.585243705056391950e-01	1.957875640240213855e+01
1.604500841878104545e-01	1.885817566503363807e+01
1.623959857421843345e-01	1.816467558880083999e+01
1.643622015658372237e-01	1.749721942711204292e+01
1.663488565546215048e-01	1.685481136635272392e+01
1.683560739638060577e-01	1.623649485029886463e+01
1.703839754660511352e-01	1.564134895226236743e+01
1.724326810137640775e-01	1.506848907125806214e+01
1.745023086963354286e-01	1.451706574637314873e+01
1.765929747734876487e-01	1.398626068874507666e+01
1.787047936238691237e-01	1.347528755721378602e+01
1.808378774691902502e-01	1.298339172045972134e+01
1.829923365117752387e-01	1.250984653709087091e+01
1.851682787700289767e-01	1.205395355060525553e+01
1.873658099338084970e-01	1.161504192748643405e+01
1.895850334099448697e-01	1.119246583463223210e+01
1.918260501778487337e-01	1.078560474274573089e+01
1.940889586479225548e-01	1.039386247315544054e+01
1.963738546963446352e-01	1.001666511986271324e+01
1.986808315218649701e-01	9.653461122073617062e+00
2.010099795092978869e-01	9.303720542452881048e+00
2.033613862659565952e-01	8.966933423887672561e+00
2.057351364072515787e-01	8.642609554307258080e+00
2.081313115876163022e-01	8.330277532000717855e+00
2.105499903186223709e-01	8.029483199901241264e+00
2.129912479440853046e-01	7.739790902164583208e+00
2.154551567387251454e-01	7.460791120738893945e+00
2.179417831428279717e-01	7.192075349661669392e+00
2.204511963596865742e-01	6.933239550802516860e+00
2.229834561942234394e-01	6.683923327211975796e+00
2.255386207649637820e-01	6.443775985173966880e+00
2.281167444421554891e-01	6.212446804870610073e+00
2.307178778502796401e-01	5.989604442826492736e+00
2.333420676736950028e-01	5.774930288280414103e+00
2.359893566916775320e-01	5.568117921801357895e+00
2.386597835709030335e-01	5.368873006742947318e+00
2.413533828961558492e-01	5.176911645413881935e+00
2.440701849685084357e-01	4.991957408784498007e+00
2.468102171815517720e-01	4.813751026672083988e+00
2.495734985490601632e-01	4.642046923180624063e+00
2.523600475138776389e-01	4.476597246123001916e+00
2.551698767108834809e-01	4.317165527421789051e+00
2.580029941429726192e-01	4.163529913525784387e+00
2.608594030346254034e-01	4.015474651285938279e+00
2.637391018818696087e-01	3.872791966925130058e+00
2.666420843130037355e-01	3.735282106539993485e+00
2.695683389438139343e-01	3.602753023648249009e+00
2.725178494364620674e-01	3.475019756257511361e+00
2.754905943614646691e-01	3.351904470901354127e+00
2.784865470570422885e-01	3.233236228245942812e+00
2.815056756712098207e-01	3.118850309935640386e+00
2.845479431175979013e-01	3.008588295698043424e+00
2.876133068105253821e-01	2.902297964720465195e+00
2.907017188191672874e-01	2.799832678168985733e+00
2.938131257186997747e-01	2.701051367193595176e+00
2.969474684658729435e-01	2.605818387171782380e+00
3.001046824692142900e-01	2.514003094733760157e+00
3.032846974703997112e-01	2.425479820506167172e+00
3.064874374309616289e-01	2.340127708916427185e+00
3.097128206020881014e-01	2.257830343460496714e+00
3.129607594162254203e-01	2.178475736395522500e+00
3.162311603887611455e-01	2.101956155649079783e+00
3.195239241993423351e-01	2.028167866024586985e+00
3.228389455208220959e-01	1.957011037166046075e+00
3.261761131016794879e-01	1.888389545358473587e+00
3.295353096349055155e-01	1.822210982179215844e+00
3.329164117866426631e-01	1.758386785200783287e+00
3.363192895978333041e-01	1.696830898484554817e+00
3.397438086817386460e-01	1.637460098389651009e+00
3.431898268541172525e-01	1.580195632801488781e+00
3.466571963862962735e-01	1.524961411857579163e+00
3.501457633771155042e-01	1.471683574613748435e+00
3.536553677647197858e-01	1.420291285441092954e+00
3.571858433669111155e-01	1.370716358723625738e+00
3.607370177818224333e-01	1.322893106570703026e+00
3.643087125044578989e-01	1.276758073967856788e+00
3.679007432319877369e-01	1.232250585366650331e+00
3.715129182872820013e-01	1.189312398542112792e+00
3.751450411382011296e-01	1.147886724504936229e+00
3.787969086494081816e-01	1.107919023852701246e+00
3.824683116604716826e-01	1.069357074192335277e+00
3.861590348600533740e-01	1.032150502041339735e+00
3.898688569477198329e-01	9.962510188597135663e-01
3.935975498966228781e-01	9.616115717444472244e-01
3.973448818867615917e-01	9.281866467807887711e-01
4.011106128456699005e-01	8.959332856406801993e-01
4.048944976659384909e-01	8.648097700679938660e-01
4.086962857722285514e-01	8.347758896392964978e-01
4.125157190852543621e-01	8.057929806105084136e-01
4.163525364316273958e-01	7.778231892519874568e-01
4.202064692134203638e-01	7.508306015633987585e-01
4.240772435996967848e-01	7.247806547055855031e-01
4.279645806001566299e-01	6.996398877060926447e-01
4.318681948097768397e-01	6.753762330300981942e-01
4.357877963310531344e-01	6.519585291326922549e-01
4.397230896974257397e-01	6.293567771208349315e-01
4.436737742192313760e-01	6.075422099649313568e-01
4.476395440066814335e-01	5.864870531084838134e-01
4.516200881923793653e-01	5.661645149223238915e-01
4.556150909598256638e-01	5.465487821207543062e-01
4.596242315852903104e-01	5.276149806490283423e-01
4.636471846814398390e-01	5.093391230534565217e-01
4.676836201490923717e-01	4.916980909125243659e-01
4.717332034131092033e-01	4.746695915678251221e-01
4.757955954880569438e-01	4.582321425624268363e-01
4.798704529991160150e-01	4.423650288398665031e-01
4.839574285608065352e-01	4.270482595975494955e-01
4.880561706150240986e-01	4.122625799328573093e-01
4.921663236921474671e-01	3.979894273597869847e-01
4.962875285436882944e-01	3.842108869597745113e-01
5.004194222437995387e-01	3.709096884185480447e-01
5.045616383390514326e-01	3.580691773361298624e-01
5.087138069684501440e-01	3.456732899047370022e-01
5.128755550440381450e-01	3.337065309570939609e-01
5.170465063385613069e-01	3.221539611534635639e-01
5.212262816401619370e-01	3.110011570006540604e-01
5.254144989493209073e-01	3.002342321589897001e-01
5.296107735909254544e-01	2.898397663496206089e-01
5.338147183152323061e-01	2.798048480945959371e-01
5.380259433158945948e-01	2.701169743982586580e-01
5.422440572388509405e-01	2.607640641839432671e-01
5.464686659637709720e-01	2.517345330926205049e-01
5.506993737090341012e-01	2.430171908684685411e-01
5.549357828849602603e-01	2.346012083862683284e-01
5.591774943630271055e-01	2.264761454803327634e-01
5.634241075702131063e-01	2.186319324389908447e-01
5.676752205970895249e-01	2.110588548892347871e-01
5.719304304770724823e-01	2.037475311517780441e-01
5.761893332784879806e-01	1.966889115851215009e-01
5.804515242112882056e-01	1.898742652465962577e-01
5.847165979123426505e-01	1.832951590757325722e-01
5.889841485354696538e-01	1.769434580874076901e-01
5.932537698589098740e-01	1.708113121281736035e-01
5.975250555624084248e-01	1.648911329750717691e-01
6.017975994365616366e-01	1.591756096229469675e-01
6.060709950586011807e-01	1.536576926455690828e-01
6.103448367034447486e-01	1.483305538214698960e-01
6.146187190238214804e-01	1.431876090791388279e-01
6.188922372210950984e-01	1.382225116689857480e-01
6.231649874133765588e-01	1.334291250543072349e-01
6.274365666015329079e-01	1.288015303487208829e-01
6.317065728491870757e-01	1.243340147449671224e-01
6.359746055298982625e-01	1.200210574590834800e-01
6.402402654166963192e-01	1.158573307745576902e-01
6.445031547820123663e-01	1.118376922655149319e-01
6.487628776603849845e-01	1.079571750602926622e-01
6.530190398712565347e-01	1.042109840872113835e-01
6.572712492682328822e-01	1.005944892470737873e-01
6.615191157994094739e-01	9.710322049150281465e-02
6.657622516806948054e-01	9.373286182167016312e-02
6.700002715383424068e-01	9.047924477063411242e-02
6.742327925315307890e-01	8.733834500756883223e-02
6.784594344790170206e-01	8.430627658531990309e-02
6.826798199809273049e-01	8.137928532025422157e-02
6.868935746688910049e-01	7.855375172489106883e-02
6.911003268505657715e-01	7.582617793267894257e-02
6.952997085770999952e-01	7.319317776505891715e-02
6.994913547318382108e-01	7.065149141398287258e-02
7.036749037623730718e-01	6.819797136493713219e-02
7.078499975759908747e-01	6.582957304515253683e-02
7.120162817403558053e-01	6.354335893311413574e-02
7.161734054820686479e-01	6.133649206816683963e-02
7.203210219215214760e-01	5.920623170327458246e-02
7.244587880809258973e-01	5.714993258718691072e-02
7.285863649497649197e-01	5.516504056700804320e-02
7.327034177047339059e-01	5.324908725991558955e-02
7.368096157012641312e-01	5.139969066333479469e-02
7.409046325260890686e-01	4.961455059680013741e-02
7.449881462152297962e-01	4.789144258090440032e-02
7.490598393233047769e-01	4.622822273132629750e-02
7.531193985964605986e-01	4.462282236512126604e-02
7.571665157335796259e-01	4.307323769633938232e-02
7.612008869865862781e-01	4.157753747008395562e-02
7.652222131734236488e-01	4.013385645126224532e-02
7.692302003019330092e-01	3.874038911366790849e-02
7.732245589327882973e-01	3.739539857320424432e-02
7.772050044889904363e-01	3.609720745989586366e-02
7.811712575192042429e-01	3.484419125133472739e-02
7.851230435418788955e-01	3.363478378967543758e-02
7.890600930349024322e-01	3.246747323087086773e-02
7.929821417383161597e-01	3.134079787679772133e-02
7.968889304226816073e-01	3.025334809330575830e-02
8.007802050173921105e-01	2.920376303284152528e-02
8.046557166986102461e-01	2.819072726881689459e-02
8.085152218840422345e-01	2.721297128746899205e-02
8.123584821959601854e-01	2.626926966492624735e-02
8.161852646017554447e-01	2.535843882219190534e-02
8.199953413135279146e-01	2.447933610694403780e-02
8.237884899096300506e-01	2.363085818360253013e-02
8.275644932715751079e-01	2.281193993729926234e-02
8.313231396228610848e-01	2.202155299915358258e-02
8.350642225586967227e-01	2.125870435753287116e-02
8.387875410039556945e-01	2.052243556723474735e-02
8.424928992494846725e-01	1.981182107487538396e-02
8.461801069543450904e-01	1.912596706941736488e-02
8.498489791480994260e-01	1.846401136214090993e-02
8.534993360945478669e-01	1.782512154711399233e-02
8.571310035504883240e-01	1.720849324544096101e-02
8.607438124867611284e-01	1.661335042149608351e-02
8.643375992523626428e-01	1.603894399528934048e-02
8.679122054532497632e-01	1.548455074286033371e-02
8.714674779912428004e-01	1.494947248252899256e-02
8.750032690346628561e-01	1.443303527876593773e-02
8.785194359557541022e-01	1.393458873552996975e-02
8.820158413551635324e-01	1.345350476724911475e-02
8.854923530360812034e-01	1.298917717550130552e-02
8.889488439020004629e-01	1.254102097840801601e-02
8.923851920334172627e-01	1.210847147436322838e-02
8.958012805329096384e-01	1.169098357211585497e-02
8.991969976226801275e-01	1.128803088055445672e-02
9.025722365302712991e-01	1.089910567276828300e-02
9.059268953854353601e-01	1.052371801958401111e-02
9.092608773539248013e-01	1.016139462204025852e-02
9.125740904400740927e-01	9.811678694917579102e-03
9.158664475290382301e-01	9.474129278594088308e-03
9.191378663838802865e-01	9.148321942392904221e-03
9.223882691084813734e-01	8.833846442080036873e-03
9.256175832097570666e-01	8.530305171771387224e-03
9.288257403539250667e-01	8.237316230877707313e-03
9.320126769822950630e-01	7.954511225828735099e-03
9.351783340648186504e-01	7.681533667990878694e-03
9.383226571301735985e-01	7.418039837277516819e-03
9.414455961082843771e-01	7.163698076526874708e-03
9.445471053867459110e-01	6.918188380902605926e-03
9.476271436167812423e-01	6.681201922429143812e-03
9.506856738309092947e-01	6.452440568277051543e-03
9.537226632219981681e-01	6.231616708673511085e-03
9.567380831993588242e-01	6.018452712894353449e-03
9.597319093016483116e-01	5.812680687453603348e-03
9.627041210726792198e-01	5.614042227500225767e-03
9.656547021089522120e-01	5.422287867395507444e-03
9.685836399060806512e-01	5.237176928073626267e-03
9.714909258545283421e-01	5.058477155609541337e-03
9.743765551597783903e-01	4.885964406472117702e-03
9.772405267806026918e-01	4.719422423348283539e-03
9.800828433635516701e-01	4.558642483834029167e-03
9.829035112111663697e-01	4.403423249622112103e-03
9.857025401306944712e-01	4.253570510737519905e-03
9.884799434841725629e-01	4.108896741356782290e-03
9.912357380649335914e-01	3.969220987886146884e-03
9.939699440437596012e-01	3.834368672075791178e-03
9.966825849263039050e-01	3.704171358847743213e-03
9.993736874285871208e-01	3.578466562864458366e-03
1.002043281494613414e+00	3.457097462273413680e-03
1.004691400160669490e+00	3.339912735972787924e-03
1.007318079554831547e+00	3.226766353461957022e-03
1.009923358799198256e+00	3.117517449472382695e-03
1.012507279926089021e+00	3.012030117143569326e-03
1.015069887874833654e+00	2.910173144459625959e-03
1.017611230396212596e+00	2.811820005880876546e-03
1.020131357936734817e+00	2.716848628901103076e-03
1.022630323701073429e+00	2.625141103647767992e-03
1.025108183495689218e+00	2.536583779970521570e-03
1.027564995640568357e+00	2.451067013130765922e-03
1.030000821031325842e+00	2.368484873681542605e-03
1.032415722981969486e+00	2.288735236338356946e-03
1.034809767152829796e+00	2.211719628182072343e-03
1.037183021548953255e+00	2.137342945537736624e-03
1.039535556447525044e+00	2.065513414719651573e-03
1.041867444311485036e+00	1.996142505460389918e-03
1.044178759762367514e+00	1.929144781745813740e-03
1.046469579509347270e+00	1.864437872559440972e-03
1.048739982218918732e+00	1.801942251111764365e-03
1.050990048657082454e+00	1.741581081467054749e-03
1.053219861416079928e+00	1.683280361845983187e-03
1.055429504934423557e+00	1.626968703233011874e-03
1.057619065486092857e+00	1.572577097632944180e-03
1.059788631107969836e+00	1.520039010221540350e-03
1.061938291468768947e+00	1.469290271524220258e-03
1.064068137941488912e+00	1.420268925043409632e-03
1.066178263426636796e+00	1.372915191852151296e-03
1.068268762407084127e+00	1.327171379162987068e-03
1.070339730814340973e+00	1.282981830764602389e-03
1.072391266013207556e+00	1.240292843585253995e-03
1.074423466758685608e+00	1.199052566020305643e-03
1.076436433128201919e+00	1.159210979943206153e-03
1.078430266479200039e+00	1.120719829536156835e-03
1.080405069379748006e+00	1.083532528981721388e-03
1.082360945629868842e+00	1.047604116583354672e-03
1.084298000097439818e+00	1.012891216113757237e-03
1.086216338818641436e+00	9.793519568268912057e-04
1.088116068787071677e+00	9.469459486518210867e-04
1.089997298062385989e+00	9.156341954425738228e-04
1.091860135616611993e+00	8.853790678509124374e-04
1.093704691342720858e+00	8.561442441992760154e-04
1.095531076023864792e+00	8.278946656847531145e-04
1.097339401220334798e+00	8.005965185998379762e-04
1.099129779319074407e+00	7.742171593398077369e-04
1.100902323394648663e+00	7.487250626202095801e-04
1.102657147308957253e+00	7.240898044213097545e-04
1.104394365484741458e+00	7.002820715568112454e-04
1.106114092999574972e+00	6.772735296921261446e-04
1.107816445555939611e+00	6.550367871032868527e-04
1.109501539387357738e+00	6.335454704794977066e-04
1.111169491177057544e+00	6.127741219783661673e-04
1.112820418164838898e+00	5.926981178112475292e-04
1.114454437997101532e+00	5.732937334214762218e-04
1.116071668672806272e+00	5.545380730220347441e-04
1.117672228641320320e+00	5.364089845870954930e-04
1.119256236659597725e+00	5.188851315185636888e-04
1.120823811726953334e+00	5.019459205840576125e-04
1.122375073204594953e+00	4.855714229104147669e-04
1.123910140662812251e+00	4.697424534381644469e-04
1.125429133795905035e+00	4.544404784139505649e-04
1.126932172642628460e+00	4.396475501414711024e-04
1.128419377275989177e+00	4.253464082194013734e-04
1.129890867887088035e+00	4.115203960302104874e-04
1.131346764789362247e+00	3.981533790187903599e-04
1.132787188387447186e+00	3.852298006916199478e-04
1.134212259052491234e+00	3.727346598747034896e-04
1.135622097237201533e+00	3.606534538292589537e-04
1.137016823327010373e+00	3.489721829369631773e-04
1.138396557712723967e+00	3.376773323740010291e-04
1.139761420683016002e+00	3.267558510848398356e-04
1.141111532475733048e+00	3.161951353850947543e-04
1.142447013188709670e+00	3.059830217476756692e-04
1.143767982798888472e+00	2.961077634128518035e-04
1.145074561123017309e+00	2.865580100108496963e-04
1.146366867813721768e+00	2.773228017660552252e-04
1.147645022319959907e+00	2.683915643207073908e-04
1.148909143850340708e+00	2.597540817028289712e-04
1.150159351421143228e+00	2.514004820571808874e-04
1.151395763741452916e+00	2.433212384177784230e-04
1.152618499288421861e+00	2.355071478775598137e-04
1.153827676210780195e+00	2.279493239190856415e-04
1.155023412363467061e+00	2.206391784643159566e-04
1.156205825283178612e+00	2.135684200476116554e-04
1.157375032130999015e+00	2.067290476606001087e-04
1.158531149718327269e+00	2.001133217383340812e-04
1.159674294511461312e+00	1.937137692373722933e-04
1.160804582515980732e+00	1.875231785415732496e-04
1.161922129410075222e+00	1.815345797817386104e-04
1.163027050357711811e+00	1.757412387215135415e-04
1.164119460193001832e+00	1.701366442748323627e-04
1.165199473217061188e+00	1.647145256445704006e-04
1.166267203271632802e+00	1.594688186436585167e-04
1.167322763775407335e+00	1.543936436515840277e-04
1.168366267648082379e+00	1.494833333292052801e-04
1.169397827296744685e+00	1.447324291621699766e-04
1.170417554581833608e+00	1.401356441262060397e-04
1.171425560923222697e+00	1.356878599665438075e-04
1.172421957163073625e+00	1.313841456854152436e-04
1.173406853579986864e+00	1.272197387095612702e-04
1.174380359962007958e+00	1.231900287624623737e-04
1.175342585466159884e+00	1.192905651830536830e-04
1.176293638760185889e+00	1.155170412301967592e-04
1.177233627881870248e+00	1.118652989310012908e-04
1.178162660315478227e+00	1.083313307762434488e-04
1.179080842879148605e+00	1.049112545736678091e-04
1.179988281909302827e+00	1.016013157099721677e-04
1.180885083009123537e+00	9.839789746618703267e-05
1.181771351240462176e+00	9.529749067529785702e-05
1.182647191073907589e+00	9.229670647885314611e-05
1.183512706252326074e+00	8.939228464734672312e-05
1.184367999965503904e+00	8.658105737208751217e-05
1.185213174750913145e+00	8.385996742254540437e-05
1.186048332471916211e+00	8.122606701019701749e-05
1.186873574359921246e+00	7.867649833359341546e-05
1.187689001019821555e+00	7.620850084716827659e-05
1.188494712343952875e+00	7.381941236766663070e-05
1.189290807595883015e+00	7.150665197838042557e-05
1.190077385393629505e+00	6.926772719960221092e-05
1.190854543613152794e+00	6.710023207566283678e-05
1.191622379555421496e+00	6.500183551121764905e-05
1.192380989744608710e+00	6.297028842633186512e-05
1.193130470110210561e+00	6.100341458855696505e-05
1.193870915831494850e+00	5.909911026420423878e-05
1.194602421457278574e+00	5.725534171564881908e-05
1.195325080808061324e+00	5.547014335087946174e-05
1.196038987040217938e+00	5.374161214812489350e-05
1.196744232629664451e+00	5.206791094576245437e-05
1.197440909312410096e+00	5.044726517124242652e-05
1.198129108184293301e+00	4.887795292924016865e-05
1.198808919632136538e+00	4.735831412215630849e-05
1.199480433307411387e+00	4.588674221833656286e-05
1.200143738248421021e+00	4.446168140470519619e-05
1.200798922705718974e+00	4.308163559022905114e-05
1.201446074253237795e+00	4.174515155350106620e-05
1.202085279825660047e+00	4.045081785328068485e-05
1.202716625618435842e+00	3.919727955634534877e-05
1.203340197100268849e+00	3.798322496546551217e-05
1.203956079109674615e+00	3.680737928796447501e-05
1.204564355747193227e+00	3.566851623317212711e-05
1.205165110394553096e+00	3.456544871945842575e-05
1.205758425797276434e+00	3.349702395176355426e-05
1.206344383967989486e+00	3.246213361091913088e-05
1.206923066190924487e+00	3.145970230385618862e-05
1.207494553165709528e+00	3.048868351874892507e-05
1.208058924814930712e+00	2.954807527421588915e-05
1.208616260368853945e+00	2.863690760832735945e-05
1.209166638398570859e+00	2.775423568695024076e-05
1.209710136799532876e+00	2.689914849529642334e-05
1.210246832729179101e+00	2.607076625454327179e-05
1.210776802735664237e+00	2.526823609950051467e-05
1.211300122604147100e+00	2.449073458664635463e-05
1.211816867508906492e+00	2.373746220002596690e-05
1.212327111923977130e+00	2.300764775160661011e-05
1.212830929622099152e+00	2.230054608081142247e-05
1.213328393742653777e+00	2.161543310901371633e-05
1.213819576741214323e+00	2.095160946392249891e-05
1.214304550402106830e+00	2.030840106634791082e-05
1.214783385821730066e+00	1.968515210660424760e-05
1.215256153510971160e+00	1.908122862465041968e-05
1.215722923213503615e+00	1.849601876257752454e-05
1.216183764130554623e+00	1.792892948888423528e-05
1.216638744695026642e+00	1.737938757417580764e-05
1.217087932790076987e+00	1.684683723699215190e-05
1.217531395582953202e+00	1.633074181605814992e-05
1.217969199620125842e+00	1.583058048130754869e-05
1.218401410841654986e+00	1.534584902460838952e-05
1.218828094481285262e+00	1.487606213383609726e-05
1.219249315196530681e+00	1.442074868059027040e-05
1.219665136963880459e+00	1.397945186170428282e-05
1.220075623186307689e+00	1.355172884790866171e-05
1.220480836617250153e+00	1.313715333203016951e-05
1.220880839359988812e+00	1.273531273418408026e-05
1.221275692951576675e+00	1.234580288208329267e-05
1.221665458334070253e+00	1.196823838478092746e-05
1.222050195701331665e+00	1.160224759598614670e-05
1.222429964794124579e+00	1.124746266897612499e-05
1.222804824714514238e+00	1.090353207471959427e-05
1.223174833896099933e+00	1.057011796839031425e-05
1.223540050263125956e+00	1.024688807048037718e-05
1.223900531132030789e+00	9.933524151664350701e-06
1.224256333157260901e+00	9.629719116840296272e-06
1.224607512517206676e+00	9.335172162909648614e-06
1.224954124732218430e+00	9.049594470374628473e-06
1.225296224777878695e+00	8.772704865778712175e-06
1.225633867094875429e+00	8.504230894547847654e-06
1.225967105486095221e+00	8.243911780881519813e-06
1.226295993223849301e+00	7.991493212738051146e-06
1.226620583018406707e+00	7.746726900190528675e-06
1.226940927063511655e+00	7.509374521603029705e-06
1.227257076910471811e+00	7.279206203790304889e-06
1.227569083661018468e+00	7.055997114972190733e-06
1.227876997806386150e+00	6.839530577943643589e-06
1.228180869336577663e+00	6.629597027129606557e-06
1.228480747679505214e+00	6.425992548698204642e-06
1.228776681772252743e+00	6.228519894446060378e-06
1.229068719981653013e+00	6.036989375837666528e-06
1.229356910161941929e+00	5.851215989408779228e-06
1.229641299675618971e+00	5.671019790666714456e-06
1.229921935349443496e+00	5.496227822012894717e-06
1.230198863497436568e+00	5.326672864476732164e-06
1.230472129924365055e+00	5.162191558928645813e-06
1.230741779967106320e+00	5.002626219684860547e-06
1.231007858407454636e+00	4.847824429196099967e-06
1.231270409594613202e+00	4.697637865797580789e-06
1.231529477346115176e+00	4.551923466167081258e-06
1.231785104998308178e+00	4.410542263778485168e-06
1.232037335441902748e+00	4.273359113113602203e-06
1.232286211043416513e+00	4.140244360920335769e-06
1.232531773712239875e+00	4.011071199522570881e-06
1.232774064922505408e+00	3.885716818400997826e-06
1.233013125618422245e+00	3.764063151878001682e-06
1.233248996342524384e+00	3.645994263235761409e-06
1.233481717163353197e+00	3.531399016761086639e-06
1.233711327663226331e+00	3.420169741213218647e-06
1.233937867020274526e+00	3.312200002074612625e-06
1.234161373996284228e+00	3.207388696752848453e-06
1.234381886782390136e+00	3.105638902521816602e-06
1.234599443260404161e+00	3.006853518871220090e-06
1.234814080851055706e+00	2.910939481285124752e-06
1.235025836497174900e+00	2.817807673826879208e-06
1.235234746784620530e+00	2.727370009715975221e-06
1.235440847846082768e+00	2.639541878059515043e-06
1.235644175380547383e+00	2.554241714512562034e-06
1.235844764707218602e+00	2.471389703233650000e-06
1.236042650692170675e+00	2.390908058559939663e-06
1.236237867875479068e+00	2.312721048266689186e-06
1.236430450315003871e+00	2.236755901065229087e-06
1.236620431729483771e+00	2.162942188783301566e-06
1.236807845377363213e+00	2.091210958898065548e-06
1.236992724200673077e+00	2.021494588246676639e-06
1.237175100718066023e+00	1.953728215034941799e-06
1.237355007046577082e+00	1.887848547796359602e-06
1.237532474990391762e+00	1.823793592568807884e-06
1.237707535892470290e+00	1.761503648209168528e-06
1.237880220802196618e+00	1.700919740550881135e-06
1.238050560365453912e+00	1.641984806330238724e-06
1.238218584859354321e+00	1.584643640387172357e-06
1.238384324211843301e+00	1.528841408450760808e-06
1.238547808008711781e+00	1.474524817789447996e-06
1.238709065460277925e+00	1.421642451729845953e-06
1.238868125413132626e+00	1.370143026425904290e-06
1.239025016443012550e+00	1.319976299899810471e-06
1.239179766674363137e+00	1.271093613377659181e-06
1.239332404000610621e+00	1.223446427966183771e-06
1.239482955887387883e+00	1.176986991335198304e-06
1.239631449554364773e+00	1.131668157481437334e-06
1.239777911810780342e+00	1.087443183155413613e-06
1.239922369214376596e+00	1.044265617255633487e-06
1.240064847936997561e+00	1.002089025984644678e-06
1.240205373880590489e+00	9.608663002132341115e-07
1.240343972643275672e+00	9.205506596225085237e-07
1.240480669425380933e+00	8.810949313252489560e-07
1.240615489226700285e+00	8.424497291035157371e-07
1.240748456691484147e+00	8.045652947387377595e-07
1.240879596130429974e+00	7.673901062742667855e-07
1.241008931628170942e+00	7.308689611449059718e-07
1.241136486942295614e+00	6.949442327000954422e-07
1.241262285522783504e+00	6.595548034371629741e-07
1.241386350504270819e+00	6.246329101871371827e-07
1.241508704839149990e+00	5.901033825883226777e-07
1.241629371072791477e+00	5.558822396027918383e-07
1.241748371569603382e+00	5.213646287243160951e-07
1.241865728373140909e+00	4.874654842584421797e-07
1.241981463240534822e+00	4.535233539283364509e-07
1.242095597701141863e+00	4.193641026524870768e-07
1.242208152992106962e+00	3.847628672285255018e-07
1.242319150040792408e+00	3.494142142348967847e-07
1.242428609630951808e+00	3.128782394958843193e-07
1.242536552198908018e+00	2.744860141442514693e-07
1.242642997921877601e+00	2.331372865353880427e-07
1.242747966756233335e+00	1.866608647555068445e-07
1.242851478415923472e+00	1.293640274009575095e-07
1.242953552313269538e+00	0.000000000000000000e+00
