# Data associated with arXiv:2110.09653
# 
# Scale-free J-factor angular distribution, J_S(theta), of a nfw1-2 dark matter distribution (see Eq. 8 and the surrounding discussion)
# 
# Published: 3/29/22, Jack Runburg, contact: runburg@hawaii.edu
# 
# 
# -----------------------------------------------------------------
# 
# 	 tilde theta 		 | 	 tilde J s-wave 		 | 	 tilde J p-wave 		 | 	 tilde J d-wave 		 | 	 tilde J sommerfeld 
# 
# -----------------------------------------------------------------
1.000000000000000021e-03	1.969903469076485271e+04	8.859620796874171447e+02	2.044404310935922808e+02	1.824473250396147196e+05
1.021192151037671062e-03	1.912586353032319676e+04	8.727085908787237258e+02	2.028747228572402719e+02	1.756850750981606252e+05
1.042833409340945643e-03	1.856954561762673256e+04	8.596399009386170746e+02	2.013165286309974533e+02	1.691768275631329161e+05
1.064933292458827233e-03	1.802914263794486760e+04	8.467455643851227478e+02	1.997651150653599643e+02	1.629069032292651536e+05
1.087501519637659123e-03	1.750429713014735171e+04	8.340242241460587138e+02	1.982205558929050540e+02	1.568672796028950834e+05
1.110548016095517111e-03	1.699475861712929691e+04	8.214781388932034361e+02	1.966832185109467446e+02	1.510531801017256512e+05
1.134082917387199208e-03	1.650019304874922091e+04	8.091070960126340879e+02	1.951532657481330943e+02	1.454571514727508184e+05
1.158116573861711456e-03	1.601977951676522207e+04	7.969008303377898983e+02	1.936299569010706705e+02	1.400657412257901160e+05
1.182659555214217667e-03	1.555320073888636762e+04	7.848596100096818873e+02	1.921134736834549699e+02	1.348727241137503588e+05
1.207722655134462354e-03	1.510023941068581735e+04	7.729853135295650191e+02	1.906041555513104413e+02	1.298737893869643740e+05
1.233316896053688856e-03	1.466058053090057365e+04	7.612758612921378472e+02	1.891020212481126350e+02	1.250618599613687402e+05
1.259453533992170365e-03	1.423350599912945108e+04	7.497233639048855594e+02	1.876064870026532958e+02	1.204260929803006293e+05
1.286144063509461061e-03	1.381873420759565488e+04	7.383283756788252958e+02	1.861177602911186284e+02	1.159612445708189771e+05
1.313400222759557485e-03	1.341607660698531436e+04	7.270911698662544040e+02	1.846360668342711620e+02	1.116628273913537560e+05
1.341233998653187541e-03	1.302523734527166926e+04	7.160102136795414935e+02	1.831614479202894188e+02	1.075252263361550140e+05
1.369657632129505243e-03	1.264558833822157612e+04	7.050790682374964717e+02	1.816934102373468534e+02	1.035393243219719152e+05
1.398683623539492566e-03	1.227687965153745608e+04	6.942971884189873890e+02	1.802320763327253417e+02	9.970035475063721242e+04
1.428324738143458596e-03	1.191894765810997342e+04	6.836645442920543019e+02	1.787776410834505896e+02	9.600431236729398370e+04
1.458594011725036863e-03	1.157151548035553424e+04	6.731807509511548915e+02	1.773302237957101681e+02	9.244676465005740465e+04
1.489504756324154782e-03	1.123403383661604857e+04	6.628395550041660726e+02	1.758893490363473973e+02	8.901960639655150590e+04
1.521070566091505720e-03	1.090628091453711568e+04	6.526391496402205803e+02	1.744550234844266754e+02	8.571857444415589271e+04
1.553305323267072666e-03	1.058811468435141796e+04	6.425809348671660928e+02	1.730275595058747911e+02	8.254060203147912398e+04
1.586223204285366938e-03	1.027927685222724904e+04	6.326645649333117944e+02	1.716070811368066984e+02	7.948187842412292957e+04
1.619838686010041055e-03	9.979287114233398825e+03	6.228826495422073322e+02	1.701929806589365342e+02	7.653497596280202561e+04
1.654166552100628336e-03	9.687948625069617265e+03	6.132344104069538844e+02	1.687853491487477982e+02	7.369659831929599750e+04
1.689221899514206692e-03	9.405138070076161966e+03	6.037220598693779721e+02	1.673845943569118049e+02	7.096425779815176793e+04
1.725020145144853453e-03	9.130615183307978441e+03	5.943438306426419331e+02	1.659906995558491758e+02	6.833423941167809244e+04
1.761577032603788440e-03	8.863960031810976943e+03	5.850927958772454076e+02	1.646030773690132207e+02	6.580027821874229994e+04
1.798908639143220224e-03	8.604997935238907303e+03	5.759693779064605224e+02	1.632219238200103746e+02	6.335985184358076367e+04
1.837031382726912916e-03	8.353621795291948729e+03	5.669751423933006436e+02	1.618475834288969111e+02	6.101067405428799975e+04
1.875962029250603357e-03	8.109608697552474950e+03	5.581071481924252566e+02	1.604799204297647179e+02	5.874913681384271331e+04
1.915717699915417882e-03	7.872591539689922683e+03	5.493605174097436930e+02	1.591185307793330992e+02	5.657038234302719502e+04
1.956315878757565116e-03	7.642415318527620002e+03	5.407356111341614451e+02	1.577636161109171269e+02	5.447215331598152989e+04
1.997774420337589726e-03	7.418986986027254716e+03	5.322324297325119460e+02	1.564153556463489565e+02	5.245222816072441492e+04
2.040111557592579582e-03	7.202100217483071901e+03	5.238492088240516296e+02	1.550737032172133070e+02	5.050766610403130471e+04
2.083345909854779961e-03	6.991434136513437807e+03	5.155818418272580175e+02	1.537383258491315701e+02	4.863445956804709567e+04
2.127496491040134757e-03	6.786851207556624104e+03	5.074292727981567737e+02	1.524092699591885491e+02	4.683026806581230630e+04
2.172582718010372237e-03	6.588270556147789648e+03	4.993922586929476779e+02	1.510868001670856984e+02	4.509348284020499705e+04
2.218624419112281976e-03	6.395501628094471016e+03	4.914696761834026688e+02	1.497709384362789820e+02	4.342154782587456430e+04
2.265641842897974604e-03	6.208263988798356877e+03	4.836567251892609534e+02	1.484612510655983044e+02	4.181095944947560201e+04
2.313655667029933423e-03	6.026435608499748923e+03	4.759523413729984327e+02	1.471577786856182115e+02	4.025960674686137645e+04
2.362687007374795686e-03	5.849946160234142553e+03	4.683582079596068866e+02	1.458608950855378623e+02	3.876636576847577817e+04
2.412757427289825233e-03	5.678620007285612701e+03	4.608727152852071072e+02	1.445705660499353087e+02	3.732884956426290591e+04
2.463888947106213784e-03	5.512212091701195277e+03	4.534906872720162596e+02	1.432862928726451912e+02	3.594397236182763299e+04
2.516104053813336943e-03	5.350614147234025950e+03	4.462120418824854937e+02	1.420082151288768557e+02	3.461008237682133768e+04
2.569425710948245768e-03	5.193764986052919085e+03	4.390385170144229505e+02	1.407367247905462193e+02	3.332628645866859006e+04
2.623877368694733318e-03	5.041503021190668733e+03	4.319673105662888588e+02	1.394716241655574436e+02	3.209025136431407009e+04
2.679482974196439188e-03	4.893614135940470078e+03	4.249944131798748117e+02	1.382125452892773296e+02	3.089949095065150686e+04
2.736266982088478034e-03	4.750002281115088408e+03	4.181202116285558645e+02	1.369596906231166997e+02	2.975266672705535166e+04
2.794254365252289707e-03	4.610614187918445168e+03	4.113453734167119364e+02	1.357133046073505511e+02	2.864885759047446481e+04
2.853470625798387814e-03	4.475301450909360028e+03	4.046672512619597910e+02	1.344731903578321237e+02	2.758605662743165885e+04
2.913941806281861776e-03	4.343877012290906350e+03	3.980829883020685998e+02	1.332391140742153652e+02	2.656227850876031880e+04
2.975694501155571117e-03	4.216255666097809808e+03	3.915922894991803105e+02	1.320112021939913518e+02	2.557628717380249873e+04
3.038755868466027146e-03	4.092391006211880267e+03	3.851953913051282257e+02	1.307896376354700294e+02	2.462717401503675501e+04
3.103153641797168783e-03	3.972146952346066882e+03	3.788907538809205562e+02	1.295743660701553779e+02	2.371340624024222780e+04
3.168916142467233243e-03	3.855360106649292902e+03	3.726752798379866931e+02	1.283651051168460242e+02	2.283319341640824496e+04
3.236072291984112663e-03	3.741954886908227309e+03	3.665479596005366147e+02	1.271618640734688910e+02	2.198540767804608186e+04
3.304651624764658874e-03	3.631890835339040677e+03	3.605101478605985790e+02	1.259650074849636638e+02	2.116938246378162512e+04
3.374684301123556836e-03	3.525043360193354602e+03	3.545600684833729588e+02	1.247744296183853692e+02	2.038378289559371115e+04
3.446201120537424525e-03	3.421269749107755160e+03	3.486940216607712841e+02	1.235897225599048141e+02	1.962694809393398828e+04
3.519233535190044709e-03	3.320502960952969715e+03	3.429117390514646786e+02	1.224109949274355387e+02	1.889803056980347174e+04
3.593813663804625805e-03	3.222707694068539695e+03	3.372148286381555522e+02	1.212386645121182340e+02	1.819646152602583606e+04
3.669974305769219299e-03	3.127770036722401528e+03	3.316006229842028006e+02	1.200724697137745807e+02	1.752101383479319338e+04
3.747748955561452412e-03	3.035565358499519334e+03	3.260660307828312625e+02	1.189120817542083870e+02	1.687027454131719060e+04
3.827171817478984984e-03	2.946034198171273147e+03	3.206114060793989324e+02	1.177577179368421127e+02	1.624359828765393286e+04
3.908277820682117681e-03	2.859145724878466353e+03	3.152376344863895383e+02	1.166096876899472790e+02	1.564043287410085213e+04
3.991102634555192957e-03	2.774795929827929740e+03	3.099418712256888284e+02	1.154676748411040279e+02	1.505966499775298871e+04
4.075682684393532908e-03	2.692875986796829693e+03	3.047221662295858664e+02	1.143315334282743123e+02	1.450018712684274760e+04
4.162055167422817371e-03	2.613333160996084644e+03	2.995783360527921673e+02	1.132013863723116032e+02	1.396141651393574466e+04
4.250258069157961290e-03	2.536140499247810112e+03	2.945107048324247216e+02	1.120774297586716273e+02	1.344282541444139315e+04
4.340330180108637088e-03	2.461203154063526654e+03	2.895174320423432732e+02	1.109595123722835552e+02	1.294350317511309731e+04
4.432311112838861061e-03	2.388426110721105033e+03	2.845963918853208838e+02	1.098474411271842968e+02	1.246251175725691792e+04
4.526241319388085715e-03	2.317762603296027009e+03	2.797468302220285068e+02	1.087412319641353946e+02	1.199927862446263862e+04
4.622162109061505458e-03	2.249189042782576507e+03	2.749698695891624993e+02	1.076412407783062406e+02	1.155342485681084145e+04
4.720115666597336779e-03	2.182619039337399499e+03	2.702636237233509746e+02	1.065473001298803268e+02	1.112414713249686974e+04
4.820145070719144588e-03	2.117969646514313808e+03	2.656254499131831039e+02	1.054590891143470230e+02	1.071061634842101012e+04
4.922294313081310678e-03	2.055199394579293767e+03	2.610552398362118538e+02	1.043767519141040907e+02	1.031234002761552438e+04
5.026608317615998724e-03	1.994287614551818933e+03	2.565542429403808455e+02	1.033006697521308723e+02	9.929052757309164008e+03
5.133132960290130720e-03	1.935155709401965851e+03	2.521198292688463027e+02	1.022305006131577017e+02	9.559977765016643389e+03
5.241915089281041530e-03	1.877731276116631079e+03	2.477499862384669882e+02	1.011660356237658078e+02	9.204441855838505944e+03
5.353002545579732367e-03	1.821977544310521807e+03	2.434449956423686956e+02	1.001074918125722490e+02	8.862045464150696716e+03
5.466444184030696055e-03	1.767876380474794587e+03	2.392052849302562834e+02	9.905508547265738173e+01	8.532533521262972499e+03
5.582289894817666839e-03	1.715356354982954144e+03	2.350285843004017465e+02	9.800854579325452676e+01	8.215220383579508052e+03
5.700590625404708227e-03	1.664354275012580047e+03	2.309135669094421530e+02	9.696779725254863536e+01	7.909574037508586116e+03
5.821398402942216249e-03	1.614837539458993433e+03	2.268597602481344779e+02	9.593287997507390230e+01	7.615210962741785806e+03
5.944766357147824969e-03	1.566790217467974799e+03	2.228677287482987026e+02	9.490404064261971939e+01	7.331923473316045602e+03
6.070748743672167193e-03	1.520147460864563755e+03	2.189357808184360294e+02	9.388112184134476479e+01	7.059133771939546932e+03
6.199400967959818945e-03	1.474854121008001130e+03	2.150620883437852058e+02	9.286389929441646984e+01	6.796371252337761689e+03
6.330779609615908021e-03	1.430881295704090007e+03	2.112462339314115809e+02	9.185242574906929747e+01	6.543310915756167560e+03
6.464942447289089879e-03	1.388214968876122612e+03	2.074892930452233486e+02	9.084708772892702200e+01	6.299774772445856797e+03
6.601948484081890736e-03	1.346796326160566196e+03	2.037892073979331826e+02	8.984762076196589931e+01	6.065267799497572014e+03
6.741857973499477616e-03	1.306577243787805401e+03	2.001440934292153031e+02	8.885377320038971050e+01	5.839368732025131067e+03
6.884732445948405985e-03	1.267532100956593467e+03	1.965541313094884686e+02	8.786575019565474065e+01	5.621823203618268963e+03
7.030634735796891313e-03	1.229648547205606747e+03	1.930200916315723134e+02	8.688384793032636821e+01	5.412472329210084354e+03
7.179629009008595825e-03	1.192873291909831323e+03	1.895394712123283512e+02	8.590766476881302083e+01	5.210871594415035361e+03
7.331780791361950343e-03	1.157164345204948177e+03	1.861112765513490217e+02	8.493717190439082287e+01	5.016675169468745480e+03
7.487156997267587974e-03	1.122498997073535975e+03	1.827354815961031420e+02	8.397251571185331898e+01	4.829675370748799651e+03
7.645825959196438613e-03	1.088866346981570814e+03	1.794122697996817806e+02	8.301385750899461868e+01	4.649699251679745430e+03
7.807857457731475631e-03	1.056218154254705269e+03	1.761400352462654837e+02	8.206102112447604213e+01	4.476399800036051602e+03
7.973322752256328111e-03	1.024517784147994462e+03	1.729175302743365705e+02	8.111386357318106377e+01	4.309466087462639734e+03
8.142294612294233985e-03	9.937451086123569439e+02	1.697442845694120308e+02	8.017240575869833208e+01	4.148710273805825636e+03
8.314847349511189298e-03	9.638904902100623531e+02	1.666212104064039750e+02	7.923702557289189485e+01	3.994009006903751015e+03
8.491056850397209546e-03	9.349102992214096730e+02	1.635464276691049008e+02	7.830745089495752609e+01	3.845042095354567664e+03
8.671000609640279119e-03	9.067725755043792333e+02	1.605184960331755235e+02	7.738347772136232550e+01	3.701538730931320970e+03
8.854757764207504128e-03	8.794594809731919440e+02	1.575375026012554542e+02	7.646527328255933753e+01	3.563358998077643719e+03
9.042409128148579806e-03	8.529624797602971285e+02	1.546041185973123504e+02	7.555313682704932887e+01	3.430386464725295809e+03
9.234037228136720080e-03	8.272421470455520875e+02	1.517161204328062354e+02	7.464667698027371046e+01	3.302329878144841587e+03
9.429726339762870002e-03	8.022706025808461163e+02	1.488727173729051003e+02	7.374586054768846566e+01	3.178984916009532299e+03
9.629562524599030379e-03	7.780320393834942934e+02	1.460739334712928326e+02	7.285085103755065461e+01	3.060214341348108974e+03
9.833633668047030499e-03	7.545188830160664111e+02	1.433199012846340850e+02	7.196179301982388665e+01	2.945915223192075246e+03
1.004202951798940403e-02	7.316955389340243983e+02	1.406090839273882409e+02	7.107847137346557531e+01	2.835847922538815965e+03
1.025484172425938229e-02	7.095376873757213616e+02	1.379405984434811785e+02	7.020082107586441111e+01	2.729834252179646683e+03
1.047216387894729824e-02	6.880313224919133290e+02	1.353140158821289276e+02	6.932884332945988604e+01	2.627740498089466200e+03
1.069409155756119272e-02	6.671697100879108575e+02	1.327301173606123541e+02	6.846291625336941422e+01	2.529504230364021168e+03
1.092072236105970547e-02	6.469207407783126200e+02	1.301871934321567039e+02	6.760275419511039274e+01	2.434903954514614270e+03
1.115215595877575537e-02	6.272632014861433163e+02	1.276840665826410230e+02	6.674815452741985666e+01	2.343781978344661184e+03
1.138849413224978825e-02	6.081846835912439246e+02	1.252208875844905265e+02	6.589932542367537849e+01	2.256036985841907608e+03
1.162984081999205582e-02	5.896791879551568627e+02	1.227981892411770133e+02	6.505655613731254050e+01	2.171613270123688380e+03
1.187630216319339981e-02	5.717177731364316742e+02	1.204139640803586246e+02	6.421942991059242445e+01	2.090302575339671421e+03
1.212798655240480798e-02	5.542819364313577353e+02	1.180677001385066802e+02	6.338796557181812830e+01	2.011990585195215317e+03
1.238500467520621366e-02	5.373606854817641079e+02	1.157592408478591040e+02	6.256224884638834993e+01	1.936584616324154240e+03
1.264746956488544717e-02	5.209486650746829355e+02	1.134888127407733265e+02	6.174245954301271411e+01	1.864023243322812959e+03
1.291549665014883955e-02	5.050198104355940814e+02	1.112551009251940854e+02	6.092842579850571383e+01	1.794148808846538941e+03
1.318920380588532899e-02	4.895579831654046643e+02	1.090572325235883966e+02	6.012001925234125110e+01	1.726849918076673930e+03
1.346871140500627631e-02	4.745534466141675694e+02	1.068949978780342462e+02	5.931730124397815018e+01	1.662046071520830537e+03
1.375414237138396570e-02	4.600014104137474646e+02	1.047690628936863533e+02	5.852063924526396477e+01	1.599692922675364343e+03
1.404562223391196511e-02	4.458784195201041030e+02	1.026777084908380004e+02	5.772966984677699998e+01	1.539647747985035949e+03
1.434327918171109106e-02	4.321703977076807064e+02	1.006202085527785783e+02	5.694431209655859760e+01	1.481811696323975866e+03
1.464724412050539583e-02	4.188687215231087180e+02	9.859670549699174558e+01	5.616476695492767846e+01	1.426129208401715232e+03
1.495765073019278586e-02	4.059690969143074426e+02	9.660732591021533722e+01	5.539117364399154297e+01	1.372549230079537892e+03
1.527463552363575450e-02	3.934504341427198142e+02	9.465063027722007405e+01	5.462325332360379093e+01	1.320952459418796252e+03
1.559833790669801906e-02	3.813004554162194495e+02	9.272619493864651474e+01	5.386103803331393181e+01	1.271259212350606276e+03
1.592890023955338338e-02	3.695115241111254818e+02	9.083365984582275132e+01	5.310450548773724933e+01	1.223413943224459899e+03
1.626646789929399317e-02	3.580797828605508357e+02	8.897352050867424111e+01	5.235397051448990879e+01	1.177377443085297728e+03
1.661118934386526108e-02	3.469862839068003382e+02	8.714438927745459296e+01	5.160916201180719298e+01	1.133046279448618634e+03
1.696321617735579643e-02	3.362203176517181760e+02	8.534554485277534752e+01	5.086995465280331530e+01	1.090349291364324927e+03
1.732270321667098503e-02	3.257751222098990525e+02	8.357706855072457586e+01	5.013653674669779292e+01	1.049242367671157581e+03
1.768980855961942850e-02	3.156472250631999827e+02	8.183926457895628914e+01	4.940914352332239190e+01	1.009692667157570327e+03
1.806469365444235767e-02	3.058196165504699024e+02	8.013060672521012862e+01	4.868740345802424940e+01	9.716053326350644284e+02
1.844752337081655841e-02	2.962829543375790422e+02	7.845080563784595995e+01	4.797137252321292777e+01	9.349272969085478735e+02
1.883846607236187159e-02	2.870312518046966943e+02	7.679959520183975030e+01	4.726106416997986059e+01	8.996124646455963330e+02
1.923769369068539445e-02	2.780613763305385078e+02	7.517731750332549723e+01	4.655673642360817155e+01	8.656374523063349216e+02
1.964538180099485026e-02	2.693580702934009423e+02	7.358275089852935480e+01	4.585813682892547405e+01	8.329204947369319143e+02
2.006170969931423895e-02	2.609131833253778154e+02	7.201526907081506579e+01	4.516514777167656547e+01	8.014126656177622863e+02
2.048686048133601528e-02	2.527214158947353440e+02	7.047492759489726666e+01	4.447795297495733990e+01	7.710787329657945293e+02
2.092102112294418406e-02	2.447799360197321619e+02	6.896204033806186828e+01	4.379680816493406326e+01	7.418977274274233196e+02
2.136438256244391209e-02	2.370750687469018487e+02	6.747513465444454539e+01	4.312129582314754828e+01	7.137947622666861207e+02
2.181713978453380873e-02	2.295997027463078268e+02	6.601403459706254750e+01	4.245152120800990048e+01	6.867345966340373025e+02
2.227949190605761978e-02	2.223491473178673630e+02	6.457851066244232641e+01	4.178749827866500510e+01	6.606831245831250499e+02
2.275164226357336353e-02	2.153208369417115193e+02	6.316879328962549067e+01	4.112943551963003586e+01	6.356200000907059575e+02
2.323379850277806913e-02	2.085025252029410865e+02	6.178379681590637773e+01	4.047710286289301962e+01	6.114873133318676537e+02
2.372617266982774559e-02	2.018880063751952036e+02	6.042300909453510371e+01	3.983041440572862513e+01	5.882472612208023293e+02
2.422898130459259780e-02	1.954731292333196393e+02	5.908645868762450704e+01	3.918952636846429272e+01	5.658764206643907073e+02
2.474244553588843265e-02	1.892555648939492130e+02	5.777439416131359451e+01	3.855468134131492519e+01	5.443560172123895882e+02
2.526679117872631872e-02	1.832243553521394119e+02	5.648551476608151489e+01	3.792548827462258032e+01	5.236331161152678533e+02
2.580224883362318075e-02	1.773740841441091902e+02	5.521965095196418361e+01	3.730202921800294291e+01	5.036792906541446655e+02
2.634905398801689475e-02	1.717010779716432864e+02	5.397659412957396796e+01	3.668432307799547942e+01	4.844723114704623868e+02
2.690744711983068457e-02	1.662032185545973846e+02	5.275658886231255451e+01	3.607260109028049300e+01	4.659957915521387122e+02
2.747767380323228384e-02	1.608707090465081251e+02	5.155856848822921279e+01	3.546659014397103959e+01	4.482056630171886695e+02
2.805998481663422514e-02	1.556988207742644192e+02	5.038215230878959261e+01	3.486624890462883286e+01	4.310756084110496431e+02
2.865463625298309350e-02	1.506843038248955509e+02	4.922738990000120651e+01	3.427174832616535838e+01	4.145879952690863774e+02
2.926188963238583740e-02	1.458252277143971867e+02	4.809434733536138395e+01	3.368322062781538051e+01	3.987285745720277532e+02
2.988201201712300387e-02	1.411128413101241676e+02	4.698200881550177144e+01	3.310037560336678553e+01	3.834581404481030518e+02
3.051527612909937445e-02	1.365430152625019673e+02	4.589012777302365720e+01	3.252324148712262541e+01	3.687562268798782839e+02
3.116196046978347151e-02	1.321128746679683843e+02	4.481856564790352593e+01	3.195186598524120924e+01	3.546051284854552819e+02
3.182234944268905880e-02	1.278206568865479795e+02	4.376756548403415792e+01	3.138649902512224088e+01	3.409953499915239377e+02
3.249673347845206950e-02	1.236585518303111542e+02	4.273606562920699048e+01	3.082681432952179534e+01	3.278907718992267633e+02
3.318540916255835471e-02	1.196229523460458921e+02	4.172385203813411181e+01	3.027284178095017708e+01	3.152750881092334794e+02
3.388867936577820428e-02	1.157113156615233578e+02	4.073087642985952783e+01	2.972467392979175571e+01	3.031338259905948007e+02
3.460685337736497946e-02	1.119220294696705054e+02	3.975716750491161378e+01	2.918242265538254188e+01	2.914560305307171006e+02
3.534024704107661952e-02	1.082481299237415442e+02	3.880190488113061775e+01	2.864588138716596077e+01	2.802139372896828604e+02
3.608918289407971741e-02	1.046864648484484235e+02	3.786477532469304208e+01	2.811501415511619584e+01	2.693908859172245229e+02
3.685399030879719234e-02	1.012347855880606744e+02	3.694578628967013145e+01	2.758996408188588489e+01	2.589761684956066006e+02
3.763500563776207147e-02	9.789161476657923799e+01	3.604501294503048570e+01	2.707086857618522657e+01	2.489600414279414053e+02
3.843257236154112161e-02	9.465074900145555148e+01	3.516152071888818398e+01	2.655740002593081428e+01	2.393175314419621600e+02
3.924704123979310538e-02	9.150943249702784499e+01	3.429518107341382915e+01	2.604964309569366421e+01	2.300357811264772749e+02
4.007877046552850431e-02	8.846567703612481637e+01	3.344585881539187255e+01	2.554762856742715371e+01	2.211045964347964343e+02
4.092812582263813392e-02	8.551812661255193859e+01	3.261372326624813667e+01	2.505159136393756825e+01	2.125160728743197183e+02
4.179548084676026898e-02	8.266126072483987741e+01	3.179785754867920389e+01	2.456117745030707056e+01	2.042484534573351880e+02
4.268121698955689575e-02	7.989266891672352244e+01	3.099811927738649331e+01	2.407643874702580433e+01	1.962909438444360148e+02
4.358572378647117967e-02	7.721059353933912917e+01	3.021442184663581187e+01	2.359743843351656167e+01	1.886344637591042215e+02
4.450939902804028347e-02	7.461378800007062750e+01	2.944684239028477180e+01	2.312434421486567615e+01	1.812726671044836451e+02
4.545264893483848267e-02	7.209734459186114464e+01	2.869461617386912522e+01	2.265690195156978248e+01	1.741863739427216728e+02
4.641588833612779463e-02	6.965915371488584640e+01	2.795751581446327805e+01	2.219508031491145772e+01	1.673665417833688878e+02
4.739954085229469011e-02	6.729766183558334092e+01	2.723555495730617793e+01	2.173901082057731315e+01	1.608057694766624479e+02
4.840403908115278181e-02	6.501172119072275279e+01	2.652869078771946931e+01	2.128876829163806050e+01	1.544975821361908572e+02
4.942982478819387543e-02	6.279697359564718795e+01	2.583628170565002691e+01	2.084417256690955256e+01	1.484265262645588734e+02
5.047734910087089966e-02	6.065157155029968550e+01	2.515809412186440497e+01	2.040517556684319089e+01	1.425841027464331034e+02
5.154707270699779992e-02	5.857414221359662321e+01	2.449409510345098795e+01	1.997186515777559279e+01	1.369643003904750174e+02
5.263946605735428386e-02	5.656362725678550873e+01	2.384432014070787886e+01	1.954438174965612518e+01	1.315616365541643802e+02
5.375500957258409762e-02	5.461616094726415582e+01	2.320807470268237793e+01	1.912247023910246924e+01	1.263624019540816619e+02
5.489419385447772554e-02	5.273012413067100823e+01	2.258520770627973562e+01	1.870614195819877779e+01	1.213597342676189186e+02
5.605751990173300781e-02	5.090430389901461439e+01	2.197564436871526539e+01	1.829544656835931349e+01	1.165482253052323074e+02
5.724549933028778848e-02	4.913772302525575242e+01	2.137943818576906807e+01	1.789053797734984030e+01	1.119233212471044823e+02
5.845865459832211286e-02	4.742695677639159868e+01	2.079590437857632423e+01	1.749113857931603988e+01	1.074729902979690479e+02
5.969751923602879817e-02	4.577058494580570169e+01	2.022493914481528066e+01	1.709729476262812398e+01	1.031916386379264878e+02
6.096263808025296355e-02	4.416753619139755216e+01	1.966643719089300291e+01	1.670901858129424511e+01	9.907429692202347837e+01
6.225456751410456124e-02	4.261690693407937403e+01	1.912045053300419539e+01	1.632647088403600577e+01	9.511738995311323208e+01
6.357387571164835327e-02	4.111566712523352152e+01	1.858633546432497852e+01	1.594937673717253723e+01	9.131010091525523364e+01
6.492114288777969811e-02	3.966256989589315651e+01	1.806400234152554773e+01	1.557777873718836048e+01	8.764822476739975343e+01
6.629696155339574737e-02	3.825666921710081425e+01	1.755334335978260896e+01	1.521169385593031897e+01	8.412709728482589355e+01
6.770193677597398374e-02	3.689712847654348593e+01	1.705439638501383470e+01	1.485126832131545704e+01	8.074356263259799960e+01
6.913668644567325106e-02	3.558127065238566900e+01	1.656655281432901461e+01	1.449621523575379989e+01	7.748869366945281456e+01
7.060184154707406512e-02	3.430799990544863931e+01	1.608973077014705311e+01	1.414658879485947018e+01	7.435836984606579847e+01
7.209804643667737378e-02	3.307648115100111141e+01	1.562384535488571125e+01	1.380242180868582480e+01	7.134924592180502145e+01
7.362595912628441819e-02	3.188593871947167457e+01	1.516889728574310858e+01	1.346382109958930862e+01	6.845798875418273610e+01
7.518625157238204015e-02	3.073401119297999884e+01	1.472432387810446563e+01	1.313050855183804266e+01	6.567721804444393285e+01
7.677960997166025092e-02	2.961973432521392624e+01	1.429005572299635496e+01	1.280255403031736172e+01	6.300346260224621631e+01
7.840673506279315086e-02	2.854237129484776858e+01	1.386600357015831619e+01	1.247997295347110303e+01	6.043350433538461175e+01
8.006834243461452560e-02	2.750120188177497127e+01	1.345214922404728952e+01	1.216284544345922036e+01	5.796493299433185342e+01
8.176516284082480102e-02	2.649414672741028909e+01	1.304798271905401563e+01	1.185093047357479890e+01	5.559094545597309889e+01
8.349794252136732986e-02	2.552035622894743483e+01	1.265343549866349093e+01	1.154428474954463901e+01	5.330889394076232435e+01
8.526744353061486981e-02	2.457918066884222341e+01	1.226840841241637747e+01	1.124289816894572880e+01	5.111596096273430589e+01
8.707444407251174745e-02	2.366995017333173479e+01	1.189289055427741992e+01	1.094687088560591981e+01	4.900987038696878528e+01
8.891973884281766105e-02	2.279083748132488907e+01	1.152640339029872507e+01	1.065595961949528458e+01	4.698506172679593362e+01
9.080413937860487561e-02	2.194109282935156457e+01	1.116885391493619828e+01	1.037018009949370878e+01	4.503893395677476263e+01
9.272847441516200717e-02	2.112014384960486524e+01	1.082018913920160585e+01	1.008957517366505918e+01	4.316939648285150355e+01
9.469359025046093781e-02	2.032736607793234995e+01	1.048036311788081143e+01	9.814203212648397567e+00	4.137430420001287246e+01
9.670035111734798239e-02	1.956115780198433285e+01	1.014893873512255595e+01	9.543829290898647955e+00	3.964888909029082953e+01
9.874963956362264872e-02	1.882085610014555499e+01	9.825820930500015038e+00	9.278468335557036539e+00	3.799097180298443277e+01
1.008423568401705106e-01	1.810595784522311646e+01	9.510974980040289850e+00	9.018170538241962575e+00	3.639876596661737551e+01
1.029794232973221257e-01	1.741587800831808863e+01	9.204305907076429705e+00	8.762937340557440891e+00	3.487021598103761022e+01
1.051617787896111378e-01	1.674921813720775532e+01	8.905453123659400561e+00	8.512596822448763589e+00	3.340149815158563484e+01
1.073903830891107247e-01	1.610539033319003366e+01	8.614300485588353595e+00	8.267122616121159950e+00	3.199054932550786745e+01
1.096662163075285135e-01	1.548395317131988236e+01	8.330832123210369033e+00	8.026587290061366176e+00	3.063605929524768356e+01
1.119902793272475605e-01	1.488435682469199328e+01	8.054933330965150517e+00	7.790964486608366713e+00	2.933603844239835112e+01
1.143635942415015677e-01	1.430538497352770833e+01	7.786265876505551908e+00	7.560076668394419386e+00	2.808723778649282465e+01
1.167872048038782751e-01	1.374651482977949435e+01	7.524748742968678350e+00	7.333937680375376189e+00	2.688805450247910755e+01
1.192621768873494831e-01	1.320735860627167035e+01	7.270315190025135266e+00	7.112545368358158093e+00	2.573705959117853936e+01
1.217895989530276418e-01	1.268740208559024829e+01	7.022892591525384809e+00	6.895925336747238177e+00	2.463279292343146309e+01
1.243705825288575900e-01	1.218558792323312368e+01	6.782151140141015055e+00	6.683881338848662423e+00	2.357237359009875988e+01
1.270062626984522769e-01	1.170145123070278892e+01	6.548005874855010511e+00	6.476413485716089546e+00	2.255437288257777340e+01
1.296977986002878502e-01	1.123465088432838499e+01	6.320414060642337795e+00	6.273544375397894335e+00	2.157775912626436465e+01
1.324463739374786009e-01	1.078470812935561973e+01	6.099273670668423186e+00	6.075256532658463549e+00	2.064102330275062869e+01
1.352531974983535168e-01	1.035070434271686146e+01	5.884296589597616922e+00	5.881381643457152641e+00	1.974182550464310637e+01
1.381195036880665805e-01	9.932226143474691682e+00	5.675393616499803784e+00	5.691903296877041107e+00	1.887895462318448736e+01
1.410465530714722360e-01	9.528973042320366460e+00	5.472527130433435971e+00	5.506847417505079889e+00	1.805144501240635790e+01
1.440356329275057634e-01	9.140501170040090884e+00	5.275587870994391082e+00	5.326179224550015689e+00	1.725806161096922864e+01
1.470880578153118678e-01	8.766012915660402527e+00	5.084314932496711847e+00	5.149742349304966993e+00	1.649677715765517760e+01
1.502051701523716420e-01	8.405140740291136225e+00	4.898622662986494625e+00	4.977516383549085432e+00	1.576651306658306773e+01
1.533883408048797858e-01	8.057619585135189055e+00	4.718471307458548480e+00	4.809518635132389974e+00	1.506653326027711692e+01
1.566389696906345663e-01	7.723039554462764578e+00	4.543751073001236485e+00	4.645706914628192408e+00	1.439566548368226329e+01
1.599584863947036695e-01	7.400708571978075412e+00	4.374223279703098655e+00	4.485931189398305818e+00	1.375220263007498644e+01
1.633483507981373095e-01	7.090299922283437084e+00	4.209808348052800575e+00	4.330170055903346693e+00	1.313529178523537411e+01
1.668100537200059019e-01	6.791579485477347689e+00	4.050460066706373041e+00	4.178426886159642528e+00	1.254419258161843054e+01
1.703451175730422984e-01	6.504170178997649820e+00	3.896074204593444446e+00	4.030659659239493209e+00	1.197795000774525320e+01
1.739550970331800450e-01	6.227471938904575843e+00	3.746431752489783662e+00	3.886722849703653893e+00	1.143512689033960861e+01
1.776415797232799298e-01	5.961194428039735094e+00	3.601452811170819945e+00	3.746588492753200494e+00	1.091491679185888586e+01
1.814061869113461622e-01	5.705130592217513730e+00	3.461099937462376985e+00	3.610263227421907750e+00	1.041676267531592970e+01
1.852505742235391883e-01	5.458934820587879599e+00	3.325260384933251601e+00	3.477688600161061405e+00	9.939794907463731732e+00
1.891764323722997243e-01	5.222087251611852388e+00	3.193738387132712742e+00	3.348729758029628911e+00	9.482765581114758646e+00
1.931854878999012814e-01	4.994329989162604733e+00	3.066458228555255516e+00	3.223355330010703845e+00	9.045028428950784516e+00
1.972795039377621684e-01	4.775479708275842228e+00	2.943378271859454109e+00	3.101563236421605030e+00	8.626087242612324957e+00
2.014602809818480389e-01	4.565220800825062319e+00	2.824391039033089079e+00	2.983291568915274361e+00	8.225155139861866971e+00
2.057296576845067948e-01	4.363103297206879283e+00	2.709316154419080025e+00	2.868409868949449049e+00	7.841211051602236637e+00
2.100895116630852322e-01	4.168898256213325659e+00	2.598087264242141536e+00	2.756893071916936222e+00	7.473705083631493551e+00
2.145417603256798700e-01	3.982443207290724985e+00	2.490655632721389789e+00	2.648721899472145314e+00	7.122170876998747957e+00
2.190883617143895290e-01	3.803450994122907325e+00	2.386922759811561878e+00	2.543840280069304960e+00	6.785961488959308952e+00
2.237313153664367560e-01	3.631532540849707225e+00	2.286720820908816343e+00	2.442118501903808969e+00	6.464194091075413873e+00
2.284726631935388719e-01	3.466484772098773259e+00	2.189986367411899337e+00	2.343527351835863914e+00	6.156386862542265526e+00
2.333144903799153069e-01	3.308163597439492065e+00	2.096673628040313986e+00	2.248047363891575223e+00	5.862149154048604593e+00
2.382589262993237145e-01	3.156308712977182740e+00	2.006685958980896078e+00	2.155616339140393745e+00	5.580928993809310512e+00
2.433081454515323150e-01	3.010584085610792382e+00	1.919870703456491023e+00	2.066110777579309943e+00	5.311953406011458156e+00
2.484643684186368384e-01	2.870809768280883745e+00	1.836169660058795561e+00	1.979503832167416322e+00	5.054820467363859926e+00
2.537298628416438939e-01	2.736857918822815705e+00	1.755535521430539259e+00	1.895766300326958920e+00	4.809209433026353508e+00
2.591069444177515613e-01	2.608493466679383754e+00	1.677877682109776947e+00	1.814838490043089170e+00	4.574614887280351816e+00
2.645979779187619951e-01	2.485426572737639450e+00	1.603057695785597092e+00	1.736602853820195413e+00	4.350393766253005445e+00
2.702053782310787078e-01	2.367497989556003546e+00	1.531018903742627169e+00	1.661027160239074041e+00	4.136207112985382572e+00
2.759316114177428059e-01	2.254594285276298127e+00	1.461717882817558989e+00	1.588084700452236264e+00	3.931775530027456167e+00
2.817791958029755572e-01	2.146504004630626294e+00	1.395064911638280947e+00	1.517708354592631981e+00	3.736647719381495314e+00
2.877507030797054055e-01	2.042977528368041806e+00	1.330937669716163674e+00	1.449792070378416398e+00	3.550292718313684759e+00
2.938487594405665426e-01	1.943874151038007536e+00	1.269282257102007039e+00	1.384301116800266795e+00	3.372421133360682166e+00
3.000760467328633108e-01	1.849093263328965620e+00	1.210056699038427608e+00	1.321205977511952678e+00	3.202785613454705249e+00
3.064353036380134121e-01	1.758445424768733556e+00	1.153175359845270087e+00	1.260438949220894056e+00	3.040994245358906944e+00
3.129293268759847368e-01	1.671716024307449588e+00	1.098530994839691743e+00	1.201904287683265515e+00	2.886610450940538808e+00
3.195609724352570513e-01	1.588780977714385756e+00	1.046067786649359732e+00	1.145559029671785467e+00	2.739366944794844549e+00
3.263331568288500573e-01	1.509551123168112907e+00	9.957522723432848943e-01	1.091382309449505428e+00	2.599071089930979017e+00
3.332488583769670498e-01	1.433857463445839642e+00	9.474979626244607323e-01	1.039296766089929713e+00	2.465369046379748408e+00
3.403111185168231634e-01	1.361515848084655866e+00	9.012129486990773097e-01	9.892207080505721617e-01	2.337901795769304236e+00
3.475230431402304698e-01	1.292417100370885530e+00	8.568445297291940044e-01	9.411098173732732608e-01	2.216440607620992154e+00
3.548878039595292910e-01	1.226482309150475736e+00	8.143587849786344535e-01	8.949395793389752773e-01	2.100811279576384027e+00
3.624086399024666338e-01	1.163561387572143113e+00	7.736788805742894626e-01	8.506394532949137499e-01	1.990721443434006810e+00
3.700888585366366446e-01	1.103496675641785441e+00	7.347191158641263042e-01	8.081287870439747278e-01	1.885855493831290586e+00
3.779318375241043637e-01	1.046192369907611441e+00	6.974335137458809175e-01	7.673683338258295850e-01	1.786027457659268292e+00
3.859410261068597081e-01	9.915787632134587248e-01	6.617892189492188271e-01	7.283310331292162099e-01	1.691087657357972729e+00
3.941199466237500504e-01	9.395231906590895132e-01	6.277138266541496536e-01	6.909479654578872809e-01	1.600774840503819130e+00
4.024721960595590287e-01	8.898910144511041898e-01	5.951342831069723616e-01	6.551489613664220890e-01	1.514836659936968477e+00
4.110014476269163164e-01	8.425984261882172310e-01	5.640060591811193458e-01	6.208925879381695934e-01	1.433107104618289496e+00
4.197114523817274123e-01	7.975840005669714294e-01	5.342986385989728637e-01	5.881526946447657167e-01	1.355457498853079201e+00
4.286060408728412652e-01	7.547310555475287286e-01	5.059476867140262346e-01	5.568665804158927646e-01	1.281670588755011941e+00
4.376891248266767120e-01	7.139249432812059259e-01	4.788865713693264969e-01	5.269670449167481729e-01	1.211526071044925157e+00
4.469646988675492483e-01	6.750926071815136487e-01	4.530750077210859983e-01	4.984153016302476091e-01	1.144884584062349164e+00
4.564368422744575216e-01	6.381800847409271338e-01	4.284863983640097018e-01	4.711880879957108248e-01	1.081643704517675220e+00
4.661097207750954374e-01	6.030852907431002441e-01	4.050603513964580737e-01	4.452235315945000105e-01	1.021609241464767281e+00
4.759875883778879602e-01	5.697109134474870329e-01	3.827386795394230878e-01	4.204616125044381425e-01	9.645981463221499075e-01
4.860747892428489703e-01	5.379935221057858818e-01	3.614864189860906296e-01	3.968684522915651436e-01	9.104941057672103488e-01
4.963757595920870180e-01	5.078858828274569470e-01	3.412782328622093186e-01	3.744198857035755390e-01	8.592100484081705014e-01
5.068950296608012440e-01	4.792991770719569056e-01	3.220593038312234424e-01	3.530580794443633486e-01	8.105789048198793756e-01
5.176372256896176749e-01	4.521511042400641611e-01	3.037796906453632539e-01	3.327307139715933726e-01	7.644494478209322708e-01
5.286070719591531297e-01	4.263868353510927300e-01	2.864079662667816106e-01	3.134060033460642214e-01	7.207234294351835269e-01
5.398093928676924724e-01	4.019652009812009763e-01	2.699202529527822136e-01	2.950598666964393546e-01	6.793226679321632266e-01
5.512491150528981976e-01	3.788093775909653349e-01	2.542685606992306502e-01	2.776411056319713633e-01	6.401087214771165046e-01
5.629312695584811621e-01	3.568500367281716712e-01	2.394096105155555654e-01	2.611032584739705342e-01	6.029569689839459068e-01
5.748609940467923618e-01	3.360400166503202946e-01	2.253151082794222770e-01	2.454166995325381129e-01	5.677830208397099954e-01
5.870435350582976497e-01	3.163436059764610508e-01	2.119635652303735185e-01	2.305589865424477469e-01	5.345204573097531719e-01
5.994842503189414806e-01	2.976947655435991935e-01	1.993127080295604425e-01	2.164841139481482046e-01	5.030515519864557916e-01
6.121886110964055439e-01	2.800353495190172071e-01	1.873254062035765721e-01	2.031516451106270826e-01	4.732732621871948431e-01
6.251622046063020077e-01	2.633250078557021201e-01	1.759764997528966424e-01	1.905345447950334281e-01	4.451141581104092748e-01
6.384107364693620834e-01	2.475329293960436272e-01	1.652473036792554140e-01	1.786129702341351377e-01	4.185207944077136144e-01
6.519400332206916060e-01	2.326027122489904841e-01	1.551008715882158939e-01	1.673460407338974998e-01	3.933930738125388515e-01
6.657560448722088520e-01	2.184858216645166606e-01	1.455052820730143304e-01	1.566983126490923695e-01	3.696448720527903409e-01
6.798648475293831428e-01	2.051479349585573764e-01	1.364384663948297050e-01	1.466455030506080559e-01	3.472165084256683687e-01
6.942726460634290886e-01	1.925626248165931975e-01	1.278835899042197188e-01	1.371691538865039972e-01	3.260614456266724970e-01
7.089857768401280902e-01	1.806820454876086057e-01	1.198090509026769473e-01	1.282340175113847180e-01	3.060970304633834904e-01
7.240107105064845783e-01	1.694658934598945177e-01	1.121883089023137658e-01	1.198105826531587342e-01	2.872541607257213525e-01
7.393540548364295750e-01	1.588851537343403952e-01	1.050020164342891638e-01	1.118770196258727506e-01	2.694825609562967461e-01
7.550225576368376768e-01	1.489173031325664864e-01	9.823525631108170897e-02	1.044165505589775833e-01	2.527424438675862084e-01
7.710231097151263313e-01	1.395220393945524606e-01	9.186099961684515702e-02	9.739881974010537735e-02	2.369647196621869345e-01
7.873627479097432547e-01	1.306660793583104274e-01	8.585686603670099337e-02	9.079858222080072760e-02	2.220926128257172671e-01
8.040486581848822478e-01	1.223250562727637436e-01	8.020644277979925574e-02	8.459719190098335950e-02	2.080844004538314473e-01
8.210881787907730045e-01	1.144799046402967674e-01	7.489699391386857308e-02	7.878021399896023569e-02	1.949074690820100653e-01
8.384888034909533383e-01	1.070969238087079861e-01	6.990560333115244940e-02	7.332171795347092180e-02	1.825045662017936721e-01
8.562581848579297050e-01	1.001487899799701764e-01	6.521358888156637834e-02	6.820039163503448243e-02	1.708295052541258241e-01
8.744041376386801900e-01	9.361518181768344049e-02	6.080709360918836598e-02	6.340044124910421131e-02	1.598478868299194333e-01
8.929346421914835519e-01	8.748007659328888019e-02	5.667510296047300472e-02	5.890918921809012998e-02	1.495323518811027541e-01
9.118578479955742333e-01	8.171550588247726565e-02	5.279839236794838658e-02	5.470473233989724127e-02	1.398358464515878641e-01
9.311820772351820930e-01	7.629917781906810081e-02	4.916165959540573505e-02	5.076966983102366993e-02	1.307208340252540291e-01
9.509158284595223831e-01	7.121426769936685386e-02	4.575323725003353076e-02	4.709055740527528372e-02	1.221589506457368690e-01
9.710677803203476843e-01	6.644741120798114409e-02	4.256390097545859758e-02	4.365676666164078346e-02	1.141278108265544600e-01
9.916467953887124764e-01	6.197557655569051194e-02	3.957768813981776129e-02	4.045008900854528411e-02	1.065887835194561650e-01
1.012661924052612461e+00	5.778069582161576151e-02	3.678205350569357934e-02	3.745617032735135132e-02	9.951158631395558285e-02
1.034122408497234025e+00	5.384894409004788857e-02	3.416734482329656514e-02	3.466387722025671136e-02	9.287313723199244753e-02
1.056037686769547568e+00	5.016926142549617967e-02	3.172586589605191909e-02	3.206433309682498595e-02	8.665509530951379102e-02
1.078417396929040706e+00	4.672283124385009229e-02	2.944454494751410842e-02	2.964264792483638222e-02	8.082605743758310146e-02
1.101271381286411888e+00	4.349510870519746053e-02	2.731322823796953833e-02	2.738722195916123980e-02	7.536177701805814311e-02
1.124609690732098155e+00	4.047482195305891067e-02	2.532398422654450962e-02	2.528889523838934519e-02	7.024350916156370250e-02
1.148442589156521310e+00	3.765289169297852956e-02	2.347043376067112913e-02	2.334029133820492846e-02	6.545623027957717111e-02
1.172780557964020254e+00	3.501406878974888670e-02	2.174198886538790745e-02	2.152942281430463012e-02	6.097460749962925475e-02
1.197634300682437924e+00	3.254672676768884110e-02	2.013049434562853499e-02	1.984696510375633452e-02	5.677930585085676912e-02
1.223014747670394531e+00	3.024174836368440089e-02	1.862955311499171415e-02	1.828559354601122858e-02	5.285524422885896911e-02
1.248933060924324545e+00	2.809174150189013008e-02	1.723394222957387936e-02	1.683927220972670710e-02	4.919022154780835349e-02
1.275400638987373769e+00	2.608444889911619088e-02	1.593514895688362756e-02	1.549840829006983445e-02	4.576387792333030252e-02
1.302429121962336289e+00	2.421064391024078249e-02	1.472671136745821834e-02	1.425566439363730627e-02	4.256091073147118264e-02
1.330030396630823342e+00	2.246301166002573693e-02	1.360351333223112393e-02	1.310521701625469611e-02	3.956929326928983887e-02
1.358216601680917401e+00	2.083558398518855700e-02	1.256131455076751370e-02	1.204218549912751228e-02	3.677917327145826393e-02
1.387000133045610317e+00	1.931858947817409813e-02	1.159335579081082791e-02	1.105901241452474613e-02	3.417432053402778142e-02
1.416393649354382722e+00	1.790475984336578272e-02	1.069458951127884479e-02	1.015003500506659294e-02	3.174269656868695250e-02
1.446410077500298819e+00	1.658827430317188351e-02	9.860901496699219990e-03	9.310571380651708195e-03	2.947465278905279581e-02
1.477062618325094778e+00	1.536435490140027754e-02	9.088931180491558945e-03	8.536800127206837716e-03	2.736234774673994286e-02
1.508364752424737887e+00	1.422527626354472274e-02	8.373370634853449096e-03	7.822853752214925169e-03	2.539294645623950408e-02
1.540330246078020826e+00	1.316535549281575880e-02	7.710273101916364363e-03	7.164324096706845349e-03	2.355702301759862033e-02
1.572973157300799230e+00	1.217999886259939733e-02	7.096452203575241355e-03	6.557655499852812694e-03	2.184700639542414696e-02
1.606307842028519950e+00	1.126541357912018947e-02	6.529234374917607456e-03	5.999822243906579103e-03	2.025665711251691328e-02
1.640348960429783842e+00	1.041554228638916224e-02	6.004497850121835907e-03	5.486327630351877510e-03	1.877589194090774349e-02
1.675111483353698638e+00	9.625975066824429827e-03	5.519203551023406026e-03	5.013820006195704969e-03	1.739738303662614546e-02
1.710610698913865635e+00	8.893116451827986005e-03	5.070865977669344708e-03	4.579556022082307588e-03	1.611516917092852691e-02
1.746862219211904321e+00	8.213981041595945845e-03	4.657391236878374863e-03	4.181191892840216591e-03	1.492430259613820691e-02
1.783881987203444153e+00	7.583858363504876986e-03	4.275613260417978137e-03	3.815327470330207808e-03	1.381692972524818826e-02
1.821686283709640364e+00	6.999352102445607904e-03	3.923218093221012524e-03	3.479447309288202349e-03	1.278740484326541804e-02
1.860291734577268707e+00	6.457671207977612460e-03	3.598299785461879681e-03	3.171476913462812231e-03	1.183109748018264414e-02
1.899715317990559260e+00	5.956485442374402813e-03	3.299248616423619464e-03	2.889647324439446625e-03	1.094414985549290419e-02
1.939974371937992492e+00	5.492161551747999464e-03	3.023635694052677521e-03	2.631383884491321924e-03	1.012042952061486742e-02
1.981086601837313665e+00	5.062103483814927446e-03	2.769718423415052158e-03	2.394824280172483128e-03	9.355607007850316043e-03
2.023070088322156401e+00	4.664162252706515778e-03	2.536045754587806095e-03	2.178414710454149982e-03	8.646102285747024260e-03
2.065943295193674256e+00	4.296534011183802439e-03	2.321395152171826758e-03	1.980836908684959884e-03	7.988943302636785510e-03
2.109725077540682392e+00	3.956438903675836907e-03	2.123933583289831957e-03	1.800181032592429280e-03	7.379401743352624089e-03
2.154434690031884259e+00	3.641907344354533387e-03	1.942351771254636691e-03	1.635071920337533707e-03	6.814152612200336835e-03
2.200091795383838367e+00	3.351297983612026073e-03	1.775563306230217150e-03	1.484369949493310721e-03	6.290457302917373643e-03
2.246716473008353532e+00	3.083225776801618891e-03	1.622636868228652602e-03	1.347086040557236115e-03	5.806012004003238865e-03
2.294329227843169949e+00	2.835580627241062780e-03	1.482211522357783102e-03	1.221834607478910258e-03	5.357219785759748804e-03
2.342950999369765697e+00	2.606879210596045257e-03	1.353312957063269309e-03	1.107609719031603423e-03	4.941556644788240756e-03
2.392603170822269476e+00	2.395877779953551213e-03	1.235130092891619392e-03	1.003576767165330124e-03	4.556930823418049725e-03
2.443307578591545681e+00	2.201521292948351895e-03	1.126970199784885825e-03	9.090186247920911547e-04	4.201578142489726699e-03
2.495086521828544068e+00	2.022220448856983620e-03	1.027822839722787032e-03	8.229260297529417297e-04	3.872764332053379478e-03
2.547962772251191943e+00	1.856866189158302505e-03	9.369765964588423410e-04	7.445819163361400150e-04	3.568594083985905923e-03
2.601959584159102334e+00	1.704523320603716641e-03	8.538305112144947565e-04	6.733796210843250203e-04	3.287478568452170680e-03
2.657100704660517732e+00	1.564394384178720071e-03	7.778711130415102547e-04	6.088005754489953653e-04	3.028066817253437064e-03
2.713410384115983121e+00	1.435291389180331188e-03	7.083568063090319583e-04	5.501201925546005990e-04	2.788290121127480134e-03
2.770913386803353973e+00	1.316390954374763427e-03	6.447732768300270699e-04	4.968332548022465949e-04	2.566746222949170368e-03
2.829635001808795014e+00	1.206995178006280492e-03	5.866800957617413241e-04	4.485050940096450421e-04	2.362235641512054705e-03
2.889601054148607684e+00	1.106505812881968800e-03	5.336971118387696597e-04	4.047606101589927693e-04	2.173725791245044361e-03
2.950837916126738403e+00	1.014041379668267342e-03	4.852905037970145063e-04	3.650922884966892323e-04	1.999682663667038448e-03
3.013372518932980082e+00	9.289947831231566439e-04	4.410867186536767000e-04	3.291410340139762315e-04	1.839056077632845185e-03
3.077232364486974792e+00	8.508490047090761042e-04	4.007667435687410759e-04	2.966008830807450301e-04	1.690939834981815488e-03
3.142445537533192557e+00	7.791584931530287856e-04	3.640551036264966082e-04	2.672063514479571379e-04	1.554564961960169323e-03
3.209040717992251324e+00	7.132738683615667341e-04	3.305673680375493108e-04	2.406018357739163381e-04	1.428788000932342591e-03
3.277047193573979555e+00	6.527504851018601671e-04	3.000352154056774357e-04	2.165360119582272161e-04	1.312824761638929855e-03
3.346494872657771680e+00	5.972080320026516191e-04	2.722305261874645725e-04	1.947957487160217654e-04	1.206011976059822481e-03
3.417414297445926952e+00	5.463169918339524575e-04	2.469549873460349216e-04	1.751957540082832790e-04	1.107773437388850230e-03
3.489836657395697816e+00	4.996022751690848158e-04	2.239332973151010315e-04	1.574879237430106503e-04	1.017257842198105670e-03
3.563793802936028321e+00	4.567403103416604860e-04	2.029764709962719618e-04	1.415005313058155837e-04	9.338925688555547522e-04
3.639318259474964901e+00	4.174532521687389364e-04	1.839210548166066335e-04	1.270849292840186510e-04	8.571810059658100311e-04
3.716443241703908829e+00	3.814990272467722629e-04	1.666254790540961945e-04	1.141126815818821824e-04	7.866989083908789652e-04
3.795202668205029717e+00	3.485323748107495788e-04	1.508950431605130167e-04	1.024134822988568546e-04	7.218195078387068054e-04
3.875631176368202979e+00	3.183192854996795746e-04	1.365964948263434519e-04	9.186973802706549746e-05	6.621232750528787238e-04
3.957764137624104617e+00	2.906581036689825318e-04	1.236150176890423032e-04	8.238025248135802598e-05	6.072485772606561706e-04
4.041637673000112230e+00	2.653721300969684015e-04	1.118492102720202201e-04	7.385561782999788610e-05	5.568752201387031347e-04
4.127288669005872102e+00	2.422120641831136624e-04	1.011634174448952406e-04	6.618107695928919715e-05	5.105491914097441816e-04
4.214754793855508552e+00	2.210096721648575305e-04	9.146397327293915886e-05	5.927633032997521242e-05	4.679626808797773536e-04
4.304074514033643162e+00	2.016195158990581691e-04	8.267042808420697788e-05	5.307268416723524471e-05	4.288524554239244498e-04
4.395287111212434539e+00	1.839133992561438379e-04	7.471181287605619032e-05	4.750966429440691932e-05	3.929845175355342612e-04
4.488432699527177050e+00	1.677124207526970974e-04	6.749308858400566264e-05	4.250926668516336884e-05	3.600252896878437911e-04
4.583552243217979161e+00	1.528963192870056288e-04	6.094979616855464999e-05	3.801817382943911829e-05	3.297538801411260627e-04
4.680687574645305382e+00	1.393608329783278007e-04	5.502558951891980065e-05	3.398966099173263063e-05	3.019773710065626424e-04
4.779881412687339015e+00	1.270134911827703586e-04	4.967122510655454394e-05	3.038333332723937955e-05	2.765258540423512295e-04
4.881177381527165515e+00	1.157266705842515081e-04	4.482073675937167911e-05	2.714672039943715672e-05	2.531572787981528063e-04
4.984620029838152888e+00	1.054148670794676103e-04	4.042971607319068104e-05	2.424427250216104097e-05	2.317121661471221224e-04
5.090254850375883322e+00	9.600376661780346760e-05	3.645949265164870801e-05	2.164516112628719552e-05	2.120508919501365029e-04
5.198128299985286915e+00	8.742703147085997730e-05	3.287556869375322807e-05	1.932187721439542565e-05	1.940497652649880278e-04
5.308287820031761584e+00	7.959413413214230717e-05	2.963291269436338493e-05	1.723997666445057595e-05	1.775346447142281555e-04
5.420781857265304815e+00	7.244459367757980666e-05	2.670106151480403415e-05	1.537588701405755604e-05	1.623906907500681149e-04
5.535659885126738011e+00	6.592573166229821530e-05	2.405343297270010378e-05	1.370912057468295086e-05	1.485173987257275394e-04
5.652972425505520704e+00	5.999020197422643997e-05	2.166634486538258444e-05	1.222152741405222586e-05	1.358250314313795071e-04
5.772771070958623518e+00	5.457413814288258663e-05	1.950908206852626991e-05	1.089043258746840890e-05	1.241887973812392815e-04
5.895108507400270703e+00	4.963496662849977700e-05	1.756089856660491023e-05	9.700356732034559447e-06	1.135266736002975264e-04
6.020038537272556667e+00	4.513554004418812103e-05	1.580365870682673540e-05	8.637795853486647329e-06	1.037664104253623791e-04
6.147616103207036886e+00	4.104222919239527116e-05	1.422116544490003848e-05	7.690828118771904357e-06	9.484323265973492920e-05
6.277897312187818990e+00	3.731021017867700728e-05	1.279257244847010004e-05	6.844602039137802901e-06	8.666817247096015252e-05
6.410939460226692255e+00	3.390965169441037416e-05	1.150388542849469706e-05	6.089092172856223092e-06	7.918240509126482835e-05
6.546801057561175696e+00	3.081448796828632243e-05	1.034282951889857324e-05	5.415489910913756379e-06	7.233477707180353974e-05
6.685541854386596761e+00	2.800093970476219486e-05	9.298373572547157073e-06	4.815996167500207999e-06	6.607852961147019826e-05
6.827222867133428963e+00	2.543770373393060998e-05	8.356477861105157028e-06	4.280977142202255856e-06	6.035037170144540343e-05
6.971906405301561804e+00	2.310396694545804498e-05	7.507710337762242240e-06	3.803926026435775879e-06	5.510859485544135502e-05
7.119656098863218929e+00	2.098152530166290066e-05	6.743852745908125971e-06	3.378750747296701989e-06	5.031696535283045995e-05
7.270536926246596643e+00	1.905363395596650739e-05	6.057414095371620255e-06	3.001677655140811961e-06	4.594169915573069859e-05
7.424615242912579127e+00	1.729853610005209648e-05	5.438985998774666015e-06	2.665179253936703597e-06	4.193814746781587605e-05
7.581958810536977289e+00	1.570176878713656598e-05	4.882269689705553338e-06	2.365520966441820941e-06	3.827677672853004303e-05
7.742636826811277295e+00	1.425067507187235381e-05	4.381756552589494342e-06	2.098729531733644451e-06	3.493179000148365868e-05
7.906719955874896399e+00	1.293350883213962553e-05	3.932395664245656683e-06	1.862512796556511444e-06	3.187931109181698399e-05
8.074280359392364659e+00	1.173521708145430900e-05	3.527948895783136750e-06	1.651923733541142695e-06	2.908761835857069848e-05
8.245391728289099831e+00	1.064578721625825865e-05	3.164209314719373894e-06	1.464615821479800572e-06	2.653601340380439769e-05
8.420129315159766037e+00	9.656456481968421027e-06	2.837159351388593891e-06	1.297785601693461487e-06	2.420631289571481586e-05
8.598569967363353328e+00	8.759013302172057472e-06	2.544470032275029563e-06	1.150761446887457138e-06	2.208133712815504751e-05
8.780792160819700598e+00	7.943089287757744681e-06	2.280951335989697885e-06	1.019591413620099086e-06	2.013896372280462213e-05
8.966876034522190508e+00	7.201776578080990511e-06	2.044167338069908751e-06	9.026114787740168760e-07	1.836454287722026805e-05
9.156903425781846906e+00	6.528644384773106997e-06	1.831371153647494028e-06	7.994694065074058895e-07	1.674532810546355762e-05
9.350957906218383187e+00	5.919135416219768988e-06	1.641284236786477560e-06	7.081254186324386628e-07	1.526913699075049214e-05
9.549124818513869073e+00	5.364973095060567734e-06	1.470191866583317766e-06	6.263563817611548240e-07	1.392039127881240589e-05
9.751491313945386707e+00	4.861795199593342166e-06	1.316595116256925728e-06	5.542279742725597075e-07	1.268892615261414523e-05
9.958146390713055851e+00	4.405226427477589386e-06	1.178824583964416645e-06	4.906268467763484585e-07	1.156531737632431999e-05
1.016918093308028581e+01	3.991963977165349454e-06	1.055574187304649974e-06	4.336993225949411204e-07	1.054213669311763366e-05
1.038468775134352740e+01	3.616476618119842148e-06	9.448590145629655476e-07	3.834702530943723842e-07	9.607381052997715024e-06
1.060476162264905220e+01	3.275731461916367594e-06	8.451677184087471547e-07	3.388671359021350341e-07	8.754287473454528851e-06
1.082949933267470577e+01	2.966890072853096760e-06	7.565968832143550357e-07	2.995158987785248371e-07	7.976551404175916360e-06
1.105899971819510696e+01	2.687188497604593024e-06	6.769899303933890337e-07	2.646489754712913205e-07	7.268079745000676387e-06
1.129336371054865928e+01	2.433329679898041952e-06	6.051801546477311235e-07	2.337603611753637550e-07	6.621348722877213530e-06
1.153269438002595848e+01	2.203083423766089877e-06	5.410719736262632037e-07	2.064720526423677652e-07	6.031370395350963700e-06
1.177709698119876869e+01	1.994513955944969051e-06	4.838261805724355846e-07	1.823343457460177609e-07	5.493757837662049498e-06
1.202667899920963279e+01	1.805708748723524213e-06	4.325494016555080939e-07	1.609489220663586546e-07	5.004186256517323251e-06
1.228155019704247053e+01	1.634434540912586001e-06	3.866087935985224353e-07	1.420294645462014898e-07	4.557468513768593049e-06
1.254182266379493349e+01	1.479169545282238916e-06	3.455308675111926616e-07	1.253443835998504694e-07	4.150083836531576385e-06
1.280761086397376225e+01	1.338597293609235021e-06	3.087824306835964742e-07	1.104718458150143657e-07	3.779052810931932837e-06
1.307903168783481007e+01	1.211398796798725211e-06	2.758629273722014838e-07	9.739086533104377086e-08	3.441247763056955255e-06
1.335620450278989146e+01	1.096065348883522551e-06	2.463995435273938606e-07	8.598279914784133758e-08	3.133136968326755634e-06
1.363925120590300821e+01	9.911438788364844806e-07	2.200927206985120736e-07	7.590970341109947759e-08	2.852271738026040719e-06
1.392829627749924271e+01	8.969940585953046984e-07	1.965644436780969951e-07	6.673857109132611811e-08	2.596535621136130033e-06
1.422346683590943783e+01	8.114564222503956241e-07	1.754874581100224682e-07	5.888756989266970856e-08	2.363793335923227578e-06
1.452489269337533528e+01	7.334872608465922773e-07	1.566388179422339996e-07	5.194868644894878676e-08	2.151564074791784997e-06
1.483270641313931115e+01	6.633252690111738885e-07	1.398409093650784815e-07	4.582877526633553823e-08	1.958170014016687835e-06
1.514704336774399174e+01	6.002088919615425370e-07	1.246817698666930454e-07	4.026052839915065844e-08	1.782150229654152365e-06
1.546804179856737527e+01	5.423793583408612688e-07	1.113540876230677914e-07	3.549813719674493380e-08	1.621991578180839881e-06
1.579584287661962527e+01	4.903421332938333376e-07	9.932708386744432035e-08	3.129242973034728423e-08	1.475999519346383096e-06
1.613059076462826624e+01	4.432950241525281951e-07	8.872358134110639788e-08	2.758563771855603512e-08	1.342993336495296443e-06
1.647243268043913034e+01	4.005898864040012837e-07	7.894235448034094292e-08	2.421692072226161463e-08	1.221992826889631855e-06
1.682151896176083383e+01	3.622086093060568222e-07	7.048162744208995299e-08	2.133657350297308808e-08	1.111906670034698651e-06
1.717800313228151410e+01	3.273398070072869778e-07	6.292154115486281056e-08	1.879609227718793664e-08	1.011595729464773593e-06
1.754204196918641045e+01	2.957029452478085116e-07	5.617680794871855317e-08	1.655834653447814662e-08	9.198725188790478474e-07
1.791379557210657580e+01	2.672184842127208763e-07	4.995749313000897305e-08	1.452567376013786593e-08	8.371356152538380055e-07
1.829342743352862044e+01	2.415604216858139824e-07	4.458235006277985281e-08	1.278994602694411974e-08	7.615628366096097334e-07
1.868110451069663469e+01	2.182287821219413428e-07	3.978037063412137749e-08	1.125906885820557349e-08	6.923034322898797488e-07
1.907699729903783492e+01	1.970473247029230910e-07	3.549999069835367460e-08	9.912428156742757483e-09	6.295209201007275074e-07
1.948127990714428748e+01	1.780066074966932291e-07	3.155441771203005987e-08	8.689741484922097906e-09	5.725304893921957157e-07
1.989413013334363711e+01	1.607454222187452494e-07	2.814589256548781285e-08	7.646189014690405215e-09	5.207963452091499389e-07
2.031572954389253738e+01	1.451500856457515981e-07	2.510315450281432104e-08	6.726897987499118208e-09	4.735686955767432538e-07
2.074626355282718393e+01	1.312506252908360463e-07	2.239163077757675259e-08	5.918353922141347709e-09	4.305005966578411918e-07
2.118592150350598402e+01	1.184144857169206032e-07	1.989375257443577791e-08	5.184996745838428263e-09	3.914435825857150644e-07
2.163489675188052530e+01	1.068807480808240576e-07	1.773727990094731718e-08	4.559678494829122820e-09	3.560221801421102656e-07
2.209338675153079734e+01	9.660612047001654111e-08	1.581263586443851827e-08	4.008868658080205470e-09	3.236627458007768280e-07
2.256159314050291798e+01	8.733390883223472928e-08	1.409896640587182456e-08	3.525081390992134674e-09	2.941427369576325645e-07
2.303972182998693796e+01	7.865911229176727404e-08	1.252058131807039803e-08	3.086343676595592780e-09	2.673958343387249826e-07
2.352798309487394945e+01	7.108230495757065932e-08	1.115836383180484298e-08	2.712350481440437548e-09	2.430271353539143566e-07
2.402659166623228870e+01	6.423369727530563036e-08	9.943709458605034609e-09	2.383431417571554086e-09	2.208700823088618009e-07
2.453576682574353285e+01	5.805526651109583379e-08	8.862318362182826851e-09	2.094501718369943787e-09	2.007947130079745077e-07
2.505573250213976877e+01	5.227572252375423525e-08	7.866828156969669205e-09	1.832715289776486868e-09	1.824911454979292570e-07
2.558671736968459953e+01	4.722935305282062614e-08	7.008244986962775065e-09	1.609785905722308109e-09	1.658086693675597463e-07
2.612895494874115698e+01	4.266923272137609686e-08	6.242673273446794404e-09	1.413671036463955517e-09	1.506475025497964403e-07
2.668268370847132687e+01	3.855661020292752180e-08	5.561582958400420147e-09	1.241592398180563707e-09	1.370623479860604898e-07
2.724814717171165412e+01	3.470993232573849342e-08	4.934998517002007990e-09	1.085860948147252848e-09	1.244247539913095860e-07
2.782559402207125743e+01	3.135227659392329358e-08	4.394549658386690946e-09	9.531849944715778243e-10	1.130062295920539905e-07
2.841527821329990999e+01	2.831892472477571816e-08	3.913037145333633749e-09	8.366255182996661792e-10	1.027773039087584964e-07
2.901745908097360527e+01	2.558403749005041322e-08	3.484871750416290143e-09	7.344228586775767955e-10	9.349377127101420648e-08
2.963240145654703639e+01	2.302621973224928334e-08	3.090874584488969215e-09	6.418749529887551375e-10	8.473935689240470015e-08
3.026037578382308624e+01	2.079423780760075468e-08	2.751374433534970273e-09	5.631600312899825574e-10	7.705527831520250614e-08
3.090165823789054755e+01	1.877831293098717831e-08	2.448994665916800086e-09	4.940351272242998125e-10	7.006844268966305773e-08
3.155653084658241525e+01	1.696124145557470153e-08	2.180158155971307526e-09	4.334263498185889479e-10	6.372720802385249969e-08
3.222528161450811979e+01	1.526191601091366976e-08	1.932922736062209781e-09	3.786047597585698879e-10	5.774864496066040096e-08
3.290820464971425707e+01	1.377948725545360126e-08	1.719987546104333780e-09	3.320088585943137854e-10	5.250189572373017468e-08
3.360560029302952501e+01	1.244085325885900914e-08	1.530338490252100048e-09	2.910826085415246426e-10	4.773151876858322273e-08
3.431777525015100849e+01	1.123457603342508793e-08	1.361842783188481719e-09	2.552380130266478292e-10	4.340309535215331465e-08
3.504504272652905428e+01	1.010650383643889889e-08	1.206963099531804289e-09	2.228465884228446022e-10	3.932274228859098538e-08
3.578772256511129513e+01	9.122683924243676285e-09	1.073552794367423368e-09	1.953006559948680722e-10	3.574180861713767871e-08
3.654614138700539883e+01	8.234475099736278662e-09	9.548071409850916791e-10	1.711318316528358179e-10	3.248682898457337945e-08
3.732063273512289925e+01	7.434282778160854973e-09	8.493865901518466917e-10	1.499908340102053606e-10	2.953428890818810809e-08
3.811153722086707774e+01	6.685975326457354372e-09	7.524528824194386991e-10	1.308733727661302802e-10	2.675008692675111784e-08
3.891920267392951160e+01	6.033527840075317941e-09	6.690018005296526597e-10	1.146293838492871390e-10	2.430742835466064057e-08
3.974398429526115706e+01	5.444597793948169744e-09	5.947744566099006788e-10	1.003934074586742450e-10	2.208773884882078716e-08
4.058624481328516254e+01	4.914148806133260171e-09	5.288889660152495976e-10	8.794265870388372492e-11	2.007453593931559877e-08
4.144635464342010778e+01	4.418086590302814176e-09	4.683097314551388543e-10	7.668455006239567151e-11	1.817567323565893083e-08
4.232469205098434628e+01	3.985677885411925420e-09	4.161878818177323982e-10	6.712764706614602489e-11	1.651033213346198224e-08
4.322164331755172384e+01	3.595431251158409627e-09	3.698573485408151276e-10	5.876150359352409471e-11	1.499734929292319431e-08
4.413760291083362119e+01	3.244010675986994447e-09	3.287291376207496495e-10	5.144140773306396056e-11	1.362518585979296490e-08
4.507297365816076251e+01	2.915357142634300828e-09	2.909258013658519521e-10	4.482702391844001387e-11	1.233077744810524758e-08
4.602816692364147144e+01	2.628941197951067204e-09	2.584222343098924711e-10	3.921836833198234997e-11	1.119598643122505443e-08
4.700360278907441369e+01	2.370490157867669456e-09	2.295289056316064641e-10	3.430738396232474498e-11	1.016486953577514141e-08
4.799971023869517950e+01	2.137796693434256352e-09	2.038883431400653942e-10	3.001243893198454495e-11	9.229884956101363095e-09
4.901692734783804895e+01	1.920162153690560579e-09	1.803290093988566192e-10	2.613446874679232031e-11	8.347856551025734870e-09
5.005570147559598126e+01	1.730535545797564454e-09	1.600830729238193940e-10	2.284887488137279467e-11	7.574779645499709059e-09
5.111648946156338980e+01	1.559443139512259437e-09	1.420887414347230786e-10	1.997252559344664282e-11	6.872313522964172553e-09
5.219975782674825382e+01	1.405425838729997814e-09	1.261250854168943836e-10	1.745810968837462398e-11	6.235429714029162430e-09
5.330598297874255564e+01	1.261358845737745844e-09	1.114600701594550223e-10	1.518891546014790716e-11	5.634513362318755062e-09
5.443565142123959077e+01	1.135851372314146190e-09	9.886328771369024261e-11	1.326773362337686255e-11	5.107941290484285918e-09
5.558925996799251124e+01	1.022617896634688969e-09	8.766992784473601786e-11	1.158648364934053814e-11	4.629443205737620319e-09
5.676731596130657209e+01	9.206946849160466856e-10	7.774270499564369085e-11	1.011748420123541830e-11	4.195652512355083186e-09
5.797033749516177181e+01	8.253383931553744652e-10	6.862394417013721611e-11	8.792208973356880806e-12	3.786264159212171301e-09
5.919885364306400533e+01	7.422712333930933850e-10	6.079317004561987547e-11	7.670656133344689439e-12	3.427521327930828479e-09
6.045340469072480261e+01	6.673244371198746248e-10	5.383715445278838910e-11	6.689816330824319817e-12	3.101535604730769036e-09
6.173454237367209174e+01	5.998617013160951835e-10	4.766921882339196659e-11	5.833158555510460881e-12	2.805965689611946425e-09
6.304283011989645757e+01	5.367256743855633475e-10	4.200321251713319183e-11	5.060418959761287151e-12	2.526923047833864133e-09
6.437884329763940627e+01	4.817184106981361119e-10	3.713675435524883838e-11	4.406341227613803781e-12	2.282305093994380729e-09
6.574316946843353549e+01	4.320755157629193788e-10	3.281791868901699313e-11	3.835468167493241601e-12	2.060079893692592891e-09
6.713640864550379206e+01	3.873765510138137518e-10	2.898811591963238173e-11	3.336924857054023250e-12	1.858482372621415792e-09
6.855917355764610477e+01	3.455195666642011981e-10	2.546818320480181745e-11	2.887010368223504230e-12	1.668015953227206641e-09
7.001208991869765441e+01	3.090293478527199004e-10	2.244387976451031601e-11	2.506121613110275065e-12	1.500910562886278574e-09
7.149579670271769771e+01	2.760721536723177760e-10	1.975787524002551155e-11	2.173423476749131394e-12	1.348952446795168886e-09
7.301094642500031284e+01	2.463688843585808311e-10	1.737830715440359218e-11	1.883656912569573955e-12	1.211006319507158020e-09
7.455820542904223203e+01	2.185186016380488663e-10	1.518851655911504852e-11	1.621815895143195004e-12	1.080502456585260850e-09
7.613825417959219521e+01	1.941952709440076816e-10	1.330444743919737063e-11	1.399904467762249491e-12	9.657557576888171628e-10
7.775178756191070306e+01	1.721797608972223480e-10	1.162813195994113775e-11	1.205774003366521198e-12	8.611453103100717163e-10
7.939951518737163383e+01	1.522828961388630304e-10	1.013983554368037121e-11	1.036404105327846345e-12	7.658846647737046268e-10
8.108216170554010205e+01	1.335657449403807021e-10	8.769284161690504362e-12	8.836085627014467382e-13	6.755530439101489362e-10
8.280046712286477373e+01	1.171307074827254299e-10	7.584468168003560623e-12	7.535547811781666425e-13	5.956235698332392898e-10
8.455518712812224180e+01	1.021571805017843419e-10	6.524406058301050077e-12	6.392349019772281297e-13	5.222378316966473172e-10
8.634709342475994731e+01	8.850216043855462787e-11	5.575858055416553253e-12	5.388130370808673613e-13	4.547654476190123773e-10
8.817697407028136070e+01	7.551395458688831607e-11	4.693598636905608262e-12	4.473965825261825567e-13	3.900206625424081207e-10
9.004563382282356088e+01	6.388256124724267127e-11	3.919115437813234635e-12	3.686865814361830004e-13	3.315970079592540675e-10
9.195389449507966617e+01	5.299456398692861469e-11	3.209756510805823694e-12	2.980905576582019008e-13	2.764386583125220879e-10
9.390259531572145590e+01	4.262804165023637769e-11	2.549202426207622977e-12	2.337406029039747215e-13	2.234209233907585563e-10
9.589259329848152902e+01	3.207800017602127779e-11	1.894259894025241711e-12	1.715150962972330800e-13	1.689043510010303996e-10
9.792476361905691817e+01	2.103301495394311292e-11	1.226856577507446694e-12	1.097358922679719372e-13	1.112404954386217512e-10
