# Data associated with arXiv:2110.09653
# 
# Scale-free velocity distribution, f(E), of a nfw0-8 dark matter distribution (see Eq. 13 and the surrounding discussion)
# 
# Published: 3/29/22, Jack Runburg, contact: runburg@hawaii.edu
# 
# 
# -----------------------------------------------------------------
# 
# 	 tilde E 		 | 		 tilde f
# 
# -----------------------------------------------------------------
3.787906808180173017e-07	2.147217363145764648e+12
3.864864776001312544e-07	2.066885610648191895e+12
3.943386295183268028e-07	1.986869109941805664e+12
4.023503131971739410e-07	1.907519130409164795e+12
4.105247697985546982e-07	1.830040910354850098e+12
4.188653063327656388e-07	1.752972120172889648e+12
4.273752969962714593e-07	1.678219991320134521e+12
4.360581845366169501e-07	1.606655534705274902e+12
4.449174816450809803e-07	1.538142867712320557e+12
4.539567723776112185e-07	1.472551751197864014e+12
4.631797136046226662e-07	1.409757650921550781e+12
4.725900364902590668e-07	1.349641292875325684e+12
4.821915480016861868e-07	1.292088489599017334e+12
4.919881324490631465e-07	1.236989921750187256e+12
5.019837530567779495e-07	1.184240932936563965e+12
5.121824535666174247e-07	1.133741329521387939e+12
5.225883598734926677e-07	1.085395190398726318e+12
5.332056816943896670e-07	1.039110684822159302e+12
5.440387142712373538e-07	9.947998977162855225e+11
5.550918401083444413e-07	9.523786628500826416e+11
5.663695307451531985e-07	9.117664032159393311e+11
5.778763485649803702e-07	8.728859806279904785e+11
5.896169486405202811e-07	8.356635411432806396e+11
6.015960806168226882e-07	8.000283839261082764e+11
6.138185906325184062e-07	7.659128219108173828e+11
6.262894232800863761e-07	7.332520547938658447e+11
6.390136236059169879e-07	7.019840451834117432e+11
6.519963391510258912e-07	6.720494013094853516e+11
6.652428220331963986e-07	6.433912642798005371e+11
6.787584310714416677e-07	6.159551996114924316e+11
6.925486339535921887e-07	5.896890940524879150e+11
7.066190094479394665e-07	5.645430570105750732e+11
7.209752496597865326e-07	5.404693249021983643e+11
7.356231623338323613e-07	5.174221712833946533e+11
7.505686732033436336e-07	4.953578194814434204e+11
7.658178283870137148e-07	4.742343594216599121e+11
7.813767968345379910e-07	4.540116687890734863e+11
7.972518728218329593e-07	4.346513357034543457e+11
8.134494784969679222e-07	4.161165864852587891e+11
8.299761664777880319e-07	3.983722156172947388e+11
8.468386225023012403e-07	3.813845187689771118e+11
8.640436681329190748e-07	3.651212289994185181e+11
8.815982635155928776e-07	3.495514551782974243e+11
8.995095101950272270e-07	3.346456236339888916e+11
9.177846539870391763e-07	3.203754216675529785e+11
9.364310879092917224e-07	3.067137441660410767e+11
9.554563551715319738e-07	2.936346415254296875e+11
9.748681522265646509e-07	2.811132709606053467e+11
9.946743318832155874e-07	2.691258491271288147e+11
1.014882906482489077e-06	2.576496066142557983e+11
1.035502051138272414e-06	2.466627451760341797e+11
1.056540107043822177e-06	2.361443960222952271e+11
1.078005584845444997e-06	2.260745802709413757e+11
1.099907168084675135e-06	2.164341711846070557e+11
1.122253716710360436e-06	2.072048573577658081e+11
1.145054270662110386e-06	1.983691085145930786e+11
1.168318053526479734e-06	1.899101417597776794e+11
1.192054476267455968e-06	1.818118899513701477e+11
1.216273141032666656e-06	1.740589710046514587e+11
1.240983845036933188e-06	1.666366589475001831e+11
1.266196584524667817e-06	1.595308556440203247e+11
1.291921558812746672e-06	1.527280641339014893e+11
1.318169174415518496e-06	1.462153631177124023e+11
1.344950049253546186e-06	1.399803822009048462e+11
1.372275016947871772e-06	1.340112785594165955e+11
1.400155131201443207e-06	1.282967143507225189e+11
1.428601670269571297e-06	1.228258352259678345e+11
1.457626141521143467e-06	1.175882497788885956e+11
1.487240286092466299e-06	1.125740095461279755e+11
1.517456083635659173e-06	1.077735904999638367e+11
1.548285757163421206e-06	1.031778745955634766e+11
1.579741777992248405e-06	9.877813268259706116e+10
1.611836870785974247e-06	9.456600785106529236e+10
1.644584018701793204e-06	9.053349950658262634e+10
1.677996468640748412e-06	8.667294832009532166e+10
1.712087736604840466e-06	8.297702147387577820e+10
1.746871613162968291e-06	7.943869879117671204e+10
1.782362169027805723e-06	7.605125988946905518e+10
1.818573760745990115e-06	7.280827031720162964e+10
1.855521036503797337e-06	6.970357043241075134e+10
1.893218942050772672e-06	6.673126314711276245e+10
1.931682726743605445e-06	6.388570284699520111e+10
1.970927949712733020e-06	6.116148467575915527e+10
2.010970486154205501e-06	5.855343423614681244e+10
2.051826533749250187e-06	5.605659780142543793e+10
2.093512619214258342e-06	5.366623289803530121e+10
2.136045604983697274e-06	5.137779924999654388e+10
2.179442696028796710e-06	4.918695021906802368e+10
2.223721446814636545e-06	4.708952451349140167e+10
2.268899768398496391e-06	4.508153828990009308e+10
2.314995935672390042e-06	4.315917760360165405e+10
2.362028594752572856e-06	4.131879111774211121e+10
2.410016770519175570e-06	3.955688323651267242e+10
2.458979874308833433e-06	3.787010740363294983e+10
2.508937711763589958e-06	3.625525977518647766e+10
2.559910490839104701e-06	3.470927312594231415e+10
2.611918829975451128e-06	3.322921103893678665e+10
2.664983766433871115e-06	3.181226229964225388e+10
2.719126764802692080e-06	3.045573558390663910e+10
2.774369725676043083e-06	2.915705432670086670e+10
2.830734994508661020e-06	2.791375183299822235e+10
2.888245370650568504e-06	2.672346661054155731e+10
2.946924116565107694e-06	2.558393788545730209e+10
3.006794967234109542e-06	2.449300115337638855e+10
3.067882139754074889e-06	2.344858442952096558e+10
3.130210343127061344e-06	2.244870394266769791e+10
3.193804788250443743e-06	2.149146054854108047e+10
3.258691198109360288e-06	2.057503608722864914e+10
3.324895818176176075e-06	1.969768992022372818e+10
3.392445427020978943e-06	1.885775566070527267e+10
3.461367347137466078e-06	1.805363795869135284e+10
3.531689455988669108e-06	1.728380949998827744e+10
3.603440197276771939e-06	1.654680810731523132e+10
3.676648592441825261e-06	1.584123394861040688e+10
3.751344252393735634e-06	1.516574688170640564e+10
3.827557389482513068e-06	1.451906392084086990e+10
3.905318829711409546e-06	1.389995678620513153e+10
3.984660025197945974e-06	1.330724956546264076e+10
4.065613066887955067e-06	1.273981651345853806e+10
4.148210697527540265e-06	1.219657986680295563e+10
4.232486324898472910e-06	1.167650783601896286e+10
4.318474035322053966e-06	1.117861262347702599e+10
4.406208607437200969e-06	1.070194855144930458e+10
4.495725526258066011e-06	1.024561027681241608e+10
4.587060997516947131e-06	9.808731058775152206e+09
4.680251962298394376e-06	9.390481115268014908e+09
4.775336111970137392e-06	8.990066047811727524e+09
4.872351903417202530e-06	8.606725337241697311e+09
4.971338574584993678e-06	8.239730895351058960e+09
5.072336160337968267e-06	7.888385676794276237e+09
5.175385508640009605e-06	7.552022360833193779e+09
5.280528297063131205e-06	7.230002089408226013e+09
5.387807049631298689e-06	6.921713239424599648e+09
5.497265154005848221e-06	6.626570272975896835e+09
5.608946879019814751e-06	6.344012622086339951e+09
5.722897392567831984e-06	6.073503619013030052e+09
5.839162779859239234e-06	5.814529484639319420e+09
5.957790062041303551e-06	5.566598347021549225e+09
6.078827215200524331e-06	5.329239308333408356e+09
6.202323189749250665e-06	5.102001553587804794e+09
6.328327930205726864e-06	4.884453489160868645e+09
6.456892395375437622e-06	4.676181926827960968e+09
6.588068578941753063e-06	4.476791297881510735e+09
6.721909530474486277e-06	4.285902900329345226e+09
6.858469376864433905e-06	4.103154183745542526e+09
6.997803344192863051e-06	3.928198055285572052e+09
7.139967780044564782e-06	3.760702223802522659e+09
7.285020176273527318e-06	3.600348568150643826e+09
7.433019192230430208e-06	3.446832532599225521e+09
7.584024678461137112e-06	3.299862548195713520e+09
7.738097700886082219e-06	3.159159480138537407e+09
7.895300565469844797e-06	3.024456093954512596e+09
8.055696843391202478e-06	2.895496553485402107e+09
8.219351396723622688e-06	2.772035931554450989e+09
8.386330404636548050e-06	2.653839744663240910e+09
8.556701390128096710e-06	2.540683507757129669e+09
8.730533247299750242e-06	2.432352309691091537e+09
8.907896269184343801e-06	2.328640402680989742e+09
9.088862176138126018e-06	2.229350813824465752e+09
9.273504144808686093e-06	2.134294966303947687e+09
9.461896837690186431e-06	2.043292328693609476e+09
9.654116433277849072e-06	1.956170064864712954e+09
9.850240656833915195e-06	1.872762711873170853e+09
1.005034881177716826e-05	1.792911858862569094e+09
1.025452181170913795e-05	1.716465852247590303e+09
1.046284221308923464e-05	1.643279504490207434e+09
1.067539424857262116e-05	1.573213819647901535e+09
1.089226386102358814e-05	1.506135728676490784e+09
1.111353873821860745e-05	1.441917836565561295e+09
1.133930834825278873e-05	1.380438181092568874e+09
1.156966397566382039e-05	1.321580001050841570e+09
1.180469875828841956e-05	1.265231513056849957e+09
1.204450772486533490e-05	1.211285701245884895e+09
1.228918783340089754e-05	1.159640113274965048e+09
1.253883801031169938e-05	1.110196664992713213e+09
1.279355919036068884e-05	1.062861455012236953e+09
1.305345435740257609e-05	1.017544586016941905e+09
1.331862858595460410e-05	9.741599945485496521e+08
1.358918908361006505e-05	9.326252861879636049e+08
1.386524523431065549e-05	8.928615805537881851e+08
1.414690864249608500e-05	8.547933607558310032e+08
1.443429317814764678e-05	8.183483301583446264e+08
1.472751502274461024e-05	7.834572748371398449e+08
1.502669271615146548e-05	7.500539323317509890e+08
1.533194720445490861e-05	7.180748654864184856e+08
1.564340188876991238e-05	6.874593428275103569e+08
1.596118267503405380e-05	6.581492219863837957e+08
1.628541802481075465e-05	6.300888399197628498e+08
1.661623900712098762e-05	6.032249075268355608e+08
1.695377935132488833e-05	5.775064077737638950e+08
1.729817550107413550e-05	5.528844990935567617e+08
1.764956666935677671e-05	5.293124225865836143e+08
1.800809489465674267e-05	5.067454133011420369e+08
1.837390509825000858e-05	4.851406149296422601e+08
1.874714514266131261e-05	4.644569988951514363e+08
1.912796589130372538e-05	4.446552859506586790e+08
1.951652126932582754e-05	4.256978717974972725e+08
1.991296832569041904e-05	4.075487556509993672e+08
2.031746729650969342e-05	3.901734717495304346e+08
2.073018166966242683e-05	3.735390243661932349e+08
2.115127825071846766e-05	3.576138242530602217e+08
2.158092723019790270e-05	3.423676293465083838e+08
2.201930225219060904e-05	3.277714872307230830e+08
2.246658048436459782e-05	3.137976799349480271e+08
2.292294268939064789e-05	3.004196715785708427e+08
2.338857329781190311e-05	2.876120576246672869e+08
2.386366048238774745e-05	2.753505168157298565e+08
2.434839623394099420e-05	2.636117650547017753e+08
2.484297643873996657e-05	2.523735111222729981e+08
2.534760095744479074e-05	2.416144142010539770e+08
2.586247370565083041e-05	2.313140435871912539e+08
2.638780273606047792e-05	2.214528395129795074e+08
2.692380032231664097e-05	2.120120764370483756e+08
2.747068304453124737e-05	2.029738277246817648e+08
2.802867187654242199e-05	1.943209302047879994e+08
2.859799227493628414e-05	1.860369531710108817e+08
2.917887426986742950e-05	1.781061664407336712e+08
2.977155255771550511e-05	1.705135105279564857e+08
3.037626659561410997e-05	1.632445680665877461e+08
3.099326069788995830e-05	1.562855364760013819e+08
3.162278413445091641e-05	1.496232017661437392e+08
3.226509123116122647e-05	1.432449134289492071e+08
3.292044147224550279e-05	1.371385599823173285e+08
3.358909960476035250e-05	1.312925470088723451e+08
3.427133574517674821e-05	1.256957740570179671e+08
3.496742548811471803e-05	1.203376141046767086e+08
3.567765001727383648e-05	1.152078932633838356e+08
3.640229621860390066e-05	1.102968714410174191e+08
3.714165679575981031e-05	1.055952239700690210e+08
3.789603038788828896e-05	1.010940234605611116e+08
3.866572168979116945e-05	9.678472365317502618e+07
3.945104157451461568e-05	9.265914233615559340e+07
4.025230721841205328e-05	8.870944638573420048e+07
4.106984222873083154e-05	8.492813653171680868e+07
4.190397677377321500e-05	8.130803334853516519e+07
4.275504771568266213e-05	7.784226354081663489e+07
4.362339874590979787e-05	7.452424683195257187e+07
4.450938052340909154e-05	7.134768360356360674e+07
4.541335081562400790e-05	6.830654276754926145e+07
4.633567464231381149e-05	6.539505044213628769e+07
4.727672442228070661e-05	6.260767891235743463e+07
4.823688012305507383e-05	5.993913619837776572e+07
4.921652941359663173e-05	5.738435591046445072e+07
5.021606782007488189e-05	5.493848771919080615e+07
5.123589888478656404e-05	5.259688810573790967e+07
5.227643432827690164e-05	5.035511151740581542e+07
5.333809421472514967e-05	4.820890198118006438e+07
5.442130712066235666e-05	4.615418498635708541e+07
5.552651030708686706e-05	4.418705974905645102e+07
5.665414989504449344e-05	4.230379179119247198e+07
5.780468104474557970e-05	4.050080589813230932e+07
5.897856813828531542e-05	3.877467928149358183e+07
6.017628496604397460e-05	3.712213507570361346e+07
6.139831491683605451e-05	3.554003616721072793e+07
6.264515117188671595e-05	3.402537915539903194e+07
6.391729690270963021e-05	3.257528875470475480e+07
6.521526547296509473e-05	3.118701222788802162e+07
6.653958064437774742e-05	2.985791423730611801e+07
6.789077678679343272e-05	2.858547181043474376e+07
6.926939909246078344e-05	2.736726947673911974e+07
7.067600379461743765e-05	2.620099487462055683e+07
7.211115839047060817e-05	2.508443414742020145e+07
7.357544186865672175e-05	2.401546785728288814e+07
7.506944494127055015e-05	2.299206692695712671e+07
7.659377028055486573e-05	2.201228879902828485e+07
7.814903276034132831e-05	2.107427374134462699e+07
7.973585970234092714e-05	2.017624129366334900e+07
8.135489112737548443e-05	1.931648695145728439e+07
8.300678001165242030e-05	1.849337884085755795e+07
8.469219254818064163e-05	1.770535467019465566e+07
8.641180841343032394e-05	1.695091878034039214e+07
8.816632103934087276e-05	1.622863927098694257e+07
8.995643789078136489e-05	1.553714528433859535e+07
9.178288074857533199e-05	1.487512441461552307e+07
9.364638599819512200e-05	1.424132021523432247e+07
9.554770492424229512e-05	1.363452980126663856e+07
9.748760401082647270e-05	1.305360157894076407e+07
9.946686524795978694e-05	1.249743305222143419e+07
1.014862864440859499e-04	1.196496872438909300e+07
1.035466815448656702e-04	1.145519810773421079e+07
1.056488809583403231e-04	1.096715378486059606e+07
1.077937318866023920e-04	1.049990959376744553e+07
1.099820986640989094e-04	1.005257887282653525e+07
1.122148631027000622e-04	9.624312727529473603e+06
1.144929248436653155e-04	9.214298471932563931e+06
1.168172017166441238e-04	8.821758076345626265e+06
1.191886301058492500e-04	8.445946672205440700e+06
1.216081653235428112e-04	8.086151149884097278e+06
1.240767819909812828e-04	7.741688801973483525e+06
1.265954744269640129e-04	7.411906024052374996e+06
1.291652570441356924e-04	7.096177086025931872e+06
1.317871647531949637e-04	6.793902923134913668e+06
1.344622533751638010e-04	6.504510015228815377e+06
1.371916000618767287e-04	6.227449292121972889e+06
1.399763037248507604e-04	5.962195094631593674e+06
1.428174854726987420e-04	5.708244170419655740e+06
1.457162890572562112e-04	5.465114722951329313e+06
1.486738813285898514e-04	5.232345494094313122e+06
1.516914526990625033e-04	5.009494889715182595e+06
1.547702176166310790e-04	4.796140147478381172e+06
1.579114150475577642e-04	4.591876518006849103e+06
1.611163089687194720e-04	4.396316514975756407e+06
1.643861888696995918e-04	4.209089165630561300e+06
1.677223702648565401e-04	4.029839312730060890e+06
1.711261952155607180e-04	3.858226945613667835e+06
1.745990328627984199e-04	3.693926538919344079e+06
1.781422799703448706e-04	3.536626450350165367e+06
1.817573614787104371e-04	3.386028321865584701e+06
1.854457310700712990e-04	3.241846513032500632e+06
1.892088717443941815e-04	3.103807560771073215e+06
1.930482964069758398e-04	2.971649659187114798e+06
1.969655484676166015e-04	2.845122163260161411e+06
2.009622024516517747e-04	2.723985112288920674e+06
2.050398646230732109e-04	2.608008774043179117e+06
2.092001736199709284e-04	2.496973210365335923e+06
2.134448011025371966e-04	2.390667857457961421e+06
2.177754524138685152e-04	2.288891128388070501e+06
2.221938672538194097e-04	2.191450028306562454e+06
2.267018203661538573e-04	2.098159789939915296e+06
2.313011222392527912e-04	2.008843520787168527e+06
2.359936198206354790e-04	1.923331870730612427e+06
2.407811972455633858e-04	1.841462705937676365e+06
2.456657765799932910e-04	1.763080803910048911e+06
2.506493185781544491e-04	1.688037562826648820e+06
2.557338234550319851e-04	1.616190708318651654e+06
2.609213316740389868e-04	1.547404034150988329e+06
2.662139247501681583e-04	1.481547138873751741e+06
2.716137260689176387e-04	1.418495188876145054e+06
2.771229017212908236e-04	1.358128640471278224e+06
2.827436613551772334e-04	1.300333086660436820e+06
2.884782590434253804e-04	1.244998971246426925e+06
2.943289941689211826e-04	1.192021413579596207e+06
3.002982123269990313e-04	1.141300003201252781e+06
3.063883062455102281e-04	1.092738609360727482e+06
3.126017167228828907e-04	1.046245199747756124e+06
3.189409335845133316e-04	1.001731662282684701e+06
3.254084966578346628e-04	9.591136420037057251e+05
3.320069967664139609e-04	9.183103785464009270e+05
3.387390767434336671e-04	8.792445541024712147e+05
3.456074324649253612e-04	8.418421449703646358e+05
3.526148139031205818e-04	8.060322843874146929e+05
3.597640262003015243e-04	7.717471236747598741e+05
3.670579307635273470e-04	7.389217069989796728e+05
3.744994463806311687e-04	7.074938464591279626e+05
3.820915503578839792e-04	6.774040051429637242e+05
3.898372796797204380e-04	6.485951844615042210e+05
3.977397321909486401e-04	6.210128117435242748e+05
4.058020678018501551e-04	5.946046214954303578e+05
4.140275098835660044e-04	5.693206079590026056e+05
4.224193458752105207e-04	5.451129181647917721e+05
4.309809294964580704e-04	5.219356798597625457e+05
4.397156814436810248e-04	4.997449856913671247e+05
4.486270908627475011e-04	4.784988245858310256e+05
4.577187167006372846e-04	4.581569647790471208e+05
4.669941890830666765e-04	4.386808889100329834e+05
4.764572107185988288e-04	4.200337209776457166e+05
4.861115583297244760e-04	4.021801561767757521e+05
4.959610841113991104e-04	3.850863942909339094e+05
5.060097172175424905e-04	3.687200751911380794e+05
5.162614652759955295e-04	3.530502184040747234e+05
5.267204159324605098e-04	3.380471608463824959e+05
5.373907384239400530e-04	3.236825072730751708e+05
5.482766851822077313e-04	3.099290697302632034e+05
5.593825934678484102e-04	2.967608193311982322e+05
5.707128870354163854e-04	2.841528361926570651e+05
5.822720778302665351e-04	2.720812622751023737e+05
5.940647677176258499e-04	2.605232558644663368e+05
6.060956502444679334e-04	2.494569486552798480e+05
6.183695124347871096e-04	2.388614038497411238e+05
6.308912366188515345e-04	2.287165767926937842e+05
6.436658022970358521e-04	2.190032765120539989e+05
6.566982880388443425e-04	2.097031302478400758e+05
6.699938734177383285e-04	2.007985477220332541e+05
6.835578409823990639e-04	1.922726864962028631e+05
6.973955782650480013e-04	1.841094245241382159e+05
7.115125798274864535e-04	1.762933244296061166e+05
7.259144493454915094e-04	1.688096072015367099e+05
7.406069017322409499e-04	1.616441231767311692e+05
7.555957653014323252e-04	1.547833255644748861e+05
7.708869839707793454e-04	1.482142445723316632e+05
7.864866195065785010e-04	1.419244629478210409e+05
8.024008538100350311e-04	1.359020922464857576e+05
8.186359912460705341e-04	1.301357504656744422e+05
8.351984610153208571e-04	1.246145404396369995e+05
8.520948195700540385e-04	1.193280291213485325e+05
8.693317530747445877e-04	1.142662278261247702e+05
8.869160799120515484e-04	1.094195734875669004e+05
9.048547532349590725e-04	1.047789099837527756e+05
9.231548635658299879e-04	1.003354697191326559e+05
9.418236416259302820e-04	9.608086108368908754e+04
9.608684603239735222e-04	9.200705159142796765e+04
9.802968385271466651e-04	8.810634622895096254e+04
1.000116443192044591e-03	8.437137828938729945e+04
1.020335092371254344e-03	8.079509688683296554e+04
1.040960758110540769e-03	7.737075064756840584e+04
1.062001569398578985e-03	7.409187547931482550e+04
1.083465815170044783e-03	7.095228273093790631e+04
1.105361947362948957e-03	6.794604713622313284e+04
1.127698584031035667e-03	6.506749579408499267e+04
1.150484512512136475e-03	6.231119736586156796e+04
1.173728692653335263e-03	5.967195165220135823e+04
1.197440260093835711e-03	5.714477987835638487e+04
1.221628529606424898e-03	5.472491544527372025e+04
1.246302998498411254e-03	5.240779448432589561e+04
1.271473350072973825e-03	5.018904748399534583e+04
1.297149457151809291e-03	4.806449097186348081e+04
1.323341385660016089e-03	4.603011951200726617e+04
1.350059398274135267e-03	4.408209823912849242e+04
1.377313958134285688e-03	4.221675548491746304e+04
1.405115732621347018e-03	4.043057592575556919e+04
1.433475597200115775e-03	3.872019381194543530e+04
1.462404639329416929e-03	3.708238669540088449e+04
1.491914162440120383e-03	3.551406926488347381e+04
1.522015689982026201e-03	3.401228753287302243e+04
1.552720969540597601e-03	3.257421323750233205e+04
1.584041977024518806e-03	3.119713847979476850e+04
1.615990920925063730e-03	2.987847060526335190e+04
1.648580246648238910e-03	2.861572727794386810e+04
1.681822640920730902e-03	2.740653182823659154e+04
1.715731036270613536e-03	2.624860868231649147e+04
1.750318615583833746e-03	2.513977912872756133e+04
1.785598816737464121e-03	2.407795714002727254e+04
1.821585337310719852e-03	2.306114545464220646e+04
1.858292139374762703e-03	2.208743178051404175e+04
1.895733454362245884e-03	2.115498518169899035e+04
1.933923788017660392e-03	2.026205260122658365e+04
1.972877925429436258e-03	1.940695537742300803e+04
2.012610936144822865e-03	1.858808700759530257e+04
2.053138179368529936e-03	1.780391082611100501e+04
2.094475305891608640e-03	1.705294943129862440e+04
2.136638280420190272e-03	1.633378990588678062e+04
2.179643352762935388e-03	1.564508915716322008e+04
2.223507097970717477e-03	1.498555266441477761e+04
2.268246404516694251e-03	1.435393873533702208e+04
2.313878483537803229e-03	1.374906348424832322e+04
2.360420874647304029e-03	1.316979184488459214e+04
2.407891451838888898e-03	1.261503701452936002e+04
2.456308429483270491e-03	1.208375836709315990e+04
2.505690368418207921e-03	1.157495958541688015e+04
2.556056182132828477e-03	1.108768667409390218e+04
2.607425143047190433e-03	1.062102620105640744e+04
2.659816888887953437e-03	1.017410357132192621e+04
2.713251429161009105e-03	9.746081371434498578e+03
2.767749151721929195e-03	9.336157782287025839e+03
2.823330829445051034e-03	8.943565066550325355e+03
2.880017626992029817e-03	8.567568122500228128e+03
2.937831107680576818e-03	8.207463083883043510e+03
2.996793240454223572e-03	7.862576009026953216e+03
3.056926406953782045e-03	7.532261589173133871e+03
3.118253408691218972e-03	7.215901941063736558e+03
3.180797474326637394e-03	6.912905433902220466e+03
3.244582267048970372e-03	6.622705578079058796e+03
3.309631892061036963e-03	6.344759948276758223e+03
3.375970904169476976e-03	6.078549169079847161e+03
3.443624315480154317e-03	5.823575922284313492e+03
3.512617603199486016e-03	5.579364021692676033e+03
3.582976717542157505e-03	5.345457503606427053e+03
3.654728089745625744e-03	5.121419772489022762e+03
3.727898640191769711e-03	4.906832774826304558e+03
3.802515786636024350e-03	4.701296209017765250e+03
3.878607452544167566e-03	4.504426776613242509e+03
3.956202075537084209e-03	4.315857448402458431e+03
4.035328615943541315e-03	4.135236783830633613e+03
4.116016565461127694e-03	3.962228257066566130e+03
4.198295955925321864e-03	3.796509644479483995e+03
4.282197368186686608e-03	3.637772374153159944e+03
4.367751941096028809e-03	3.485720997298763905e+03
4.454991380597390568e-03	3.340072588567396451e+03
4.543947968928497769e-03	3.200556237078001232e+03
4.634654573928448373e-03	3.066912526174336108e+03
4.727144658452102702e-03	2.938893036385978121e+03
4.821452290075722499e-03	2.816259905479140798e+03
4.917612150007451798e-03	2.698785372851974444e+03
5.015659543858587942e-03	2.586251310837591063e+03
5.115630410806086548e-03	2.478448849295367836e+03
5.217561333694316870e-03	2.375177997136894646e+03
5.321489549075688122e-03	2.276247212118982134e+03
5.427452957352280928e-03	2.181473113901352463e+03
5.535490133017283501e-03	2.090680072902528536e+03
5.645640334994877704e-03	2.003699911430807560e+03
5.757943517077053659e-03	1.920371582144269951e+03
5.872440338455800317e-03	1.840540864281501626e+03
5.989172174348793287e-03	1.764060073711770883e+03
6.108181126716835663e-03	1.690787786015324855e+03
6.229510035070919861e-03	1.620588569440280708e+03
6.353202487366729073e-03	1.553332731205712662e+03
6.479302830984273731e-03	1.488896072890715459e+03
6.607856183790096483e-03	1.427159658181914210e+03
6.738908445279485210e-03	1.368009588556526751e+03
6.872506307795667874e-03	1.311336789717435295e+03
7.008697267823165919e-03	1.257036806330311265e+03
7.147529637351967766e-03	1.205009606729713596e+03
7.289052555309184778e-03	1.155159394169972302e+03
7.433315999054556332e-03	1.107394427184850201e+03
7.580370795936076933e-03	1.061626848420401757e+03
7.730268634901676580e-03	1.017772518570225770e+03
7.883062078162734673e-03	9.757508590213969910e+02
8.038804572905077633e-03	9.354847009669513227e+02
8.197550463042675012e-03	8.969001402461669841e+02
8.359355001009226294e-03	8.599263993712339698e+02
8.524274359582431626e-03	8.244956940088675310e+02
8.692365643735596586e-03	7.905431069360702168e+02
8.863686902510879359e-03	7.580064659680062960e+02
9.038297140908370733e-03	7.268262274555684144e+02
9.216256331784624875e-03	6.969453647277738355e+02
9.397625427754444441e-03	6.683092620440943392e+02
9.582466373088989811e-03	6.408656104039696402e+02
9.770842115603233652e-03	6.145643130337335833e+02
9.962816618525474968e-03	5.893573883963817934e+02
1.015845487234121221e-02	5.651988822256859066e+02
1.035782290660351539e-02	5.420447809097818208e+02
1.056098780170148556e-02	5.198529287190746118e+02
1.076801770075845599e-02	4.985829515126813476e+02
1.097898182059406716e-02	4.781961797906621428e+02
1.119395046432684893e-02	4.586555741643410897e+02
1.141299503223126496e-02	4.399256586992916027e+02
1.163618803332043886e-02	4.219724553739412158e+02
1.186360309667135182e-02	4.047634190972660235e+02
1.209531498264066092e-02	3.882673774356813396e+02
1.233139959396030438e-02	3.724544724412147616e+02
1.257193398670124369e-02	3.572961050566904078e+02
1.281699638109356533e-02	3.427648819623088343e+02
1.306666617219059967e-02	3.288345643083568461e+02
1.332102394036456874e-02	3.154800194363303376e+02
1.358015146127142074e-02	3.026771733810548994e+02
1.384413171694523492e-02	2.904029651469958253e+02
1.411304890472296278e-02	2.786353055208014666e+02
1.438698844737854206e-02	2.673530344154794989e+02
1.466603700342748381e-02	2.565358841635284648e+02
1.495028247270127619e-02	2.461644407745406227e+02
1.523981401155205355e-02	2.362201050718628892e+02
1.553472203398358932e-02	2.266850609861298835e+02
1.583509822811145218e-02	2.175422421804418889e+02
1.614103555545193247e-02	2.087752993902237222e+02
1.645262826795091532e-02	2.003685698957613397e+02
1.676997190673517463e-02	1.923070520966789729e+02
1.709316331276758069e-02	1.845763737234529742e+02
1.742230063750209446e-02	1.771627634531966748e+02
1.775748333947134439e-02	1.700530311613344168e+02
1.809881220139757108e-02	1.632345387473413325e+02
1.844638932512036172e-02	1.566951818722368728e+02
1.880031814088242020e-02	1.504233620469537129e+02
1.916070341640437047e-02	1.444079646685315197e+02
1.952765125119117900e-02	1.386383467308114348e+02
1.990126908456287327e-02	1.331043089122875358e+02
2.028166570329505147e-02	1.277960770341325087e+02
2.066895123386010627e-02	1.227042912402049524e+02
2.106323714894302659e-02	1.178199816989566671e+02
2.146463627335205501e-02	1.131345519531073052e+02
2.187326277415588965e-02	1.086397697608258710e+02
2.228923216539409682e-02	1.043277455508046927e+02
2.271266131191811838e-02	1.001909180513429902e+02
2.314366841743453404e-02	9.622204542059182586e+01
2.358237302781522257e-02	9.241418769640384312e+01
2.402889602963725543e-02	8.876069374597523165e+01
2.448335964033846249e-02	8.525519242370906170e+01
2.494588740561384105e-02	8.189157770892973076e+01
2.541660419853484024e-02	7.866399774356784746e+01
2.589563620371468713e-02	7.556684694582642692e+01
2.638311091442433268e-02	7.259475293394179118e+01
2.687915712772693741e-02	6.974256667549315125e+01
2.738390492580044036e-02	6.700535486918141714e+01
2.789748567520087055e-02	6.437838959041634723e+01
2.842003200632180551e-02	6.185714012089740521e+01
2.895167780812176600e-02	5.943726430360897695e+01
2.949255820991581942e-02	5.711460095081562116e+01
3.004280956709164813e-02	5.488516229660954338e+01
3.060256944766167816e-02	5.274512594506315111e+01
3.117197661328157191e-02	5.069082907501745439e+01
3.175117099809827981e-02	4.871876138340057594e+01
3.234029369505319468e-02	4.682555771553139579e+01
3.293948693283412638e-02	4.500799306590209881e+01
3.354889404826516541e-02	4.326297677343806924e+01
3.416865947403906895e-02	4.158754604594899007e+01
3.479892870073519190e-02	3.997886112585356244e+01
3.543984826488187634e-02	3.843419990754265569e+01
3.609156570845516165e-02	3.695095365101259688e+01
3.675422955556562760e-02	3.552662137650740704e+01
3.742798928831001654e-02	3.415880525763626707e+01
3.811299530266005348e-02	3.284520761031458846e+01
3.880939888125679860e-02	3.158362546465765419e+01
3.951735216519163679e-02	3.037194665429161944e+01
4.023700810211146284e-02	2.920814670536110569e+01
4.096852042665211774e-02	2.809028454033775901e+01
4.171204360428679841e-02	2.701649965656578800e+01
4.246773279741022922e-02	2.598500794672471415e+01
4.323574383006110328e-02	2.499409884268918347e+01
4.401623312852376985e-02	2.404213431954117652e+01
4.480935765445229896e-02	2.312754129483490573e+01
4.561527497174049095e-02	2.224880940782202643e+01
4.643414303283886074e-02	2.140449500719961762e+01
4.726612022551168052e-02	2.059321364532510401e+01
4.811136530006978468e-02	1.981363541712312326e+01
4.897003732203279724e-02	1.906448571209520182e+01
4.984229560164393086e-02	1.834454276691062447e+01
5.072829964064172470e-02	1.765263478484533977e+01
5.162820908331786085e-02	1.698763775692738065e+01
5.254218363795511854e-02	1.634847413312917652e+01
5.347038302150866618e-02	1.573411040872317201e+01
5.441296690079321791e-02	1.514355521582788988e+01
5.537009481023326407e-02	1.457585793993531809e+01
5.634192610011719282e-02	1.403010673068685144e+01
5.732861985175100039e-02	1.350542711048450428e+01
5.833033481175652069e-02	1.300098025637725030e+01
5.934722932261227851e-02	1.251596148473120707e+01
6.037946123582847713e-02	1.204959904941965831e+01
6.142718784509362817e-02	1.160115257316692094e+01
6.249056580159032676e-02	1.116991184354940714e+01
6.356975103365485047e-02	1.075519562653254368e+01
6.466489866249294782e-02	1.035635022786636839e+01
6.577616293326221664e-02	9.972748498981932386e+00
6.690369710004746839e-02	9.603788994454243166e+00
6.804765336321599856e-02	9.248894540043997026e+00
6.920818277416893038e-02	8.907511186837142603e+00
7.038543514478227958e-02	8.579107557031456111e+00
7.157955895052127426e-02	8.263173839836435164e+00
7.279070124141354126e-02	7.959220752499468254e+00
7.401900755410502353e-02	7.666778744204535201e+00
7.526462180073735520e-02	7.385397268042305896e+00
7.652768619013516904e-02	7.114643904254021045e+00
7.780834111281315080e-02	6.854103715926584073e+00
7.910672504872517941e-02	6.603378424897635490e+00
8.042297447453447545e-02	6.362085716525281320e+00
8.175722374650293278e-02	6.129858737216107301e+00
8.310960500572082965e-02	5.906345312172577522e+00
8.448024808292117771e-02	5.691207302473933360e+00
8.586928037781926815e-02	5.484120246695310286e+00
8.727682676240193504e-02	5.284772618333944294e+00
8.870300948384592099e-02	5.092865462216107808e+00
9.014794801154699111e-02	4.908111564322060083e+00
9.161175905402883790e-02	4.730234943131009118e+00
9.309455629328236559e-02	4.558971091979317158e+00
9.459645036828942533e-02	4.394066002886212630e+00
9.611754875000341758e-02	4.235275518943953266e+00
9.765795564229144687e-02	4.082365242826103469e+00
9.921777185677675692e-02	3.935110136776505119e+00
1.007970947150275409e-01	3.793294052663800819e+00
1.023960179464857984e-01	3.656709374818402303e+00
1.040146315687920792e-01	3.525156738445140991e+00
1.056530217872037603e-01	3.398444626943952773e+00
1.073112708967312728e-01	3.276389058912227981e+00
1.089894571610062340e-01	3.158813336705735608e+00
1.106876547159472007e-01	3.045547700256151291e+00
1.124059334724965137e-01	2.936429041440706378e+00
1.141443589981344375e-01	2.831300672398675999e+00
1.159029924323261435e-01	2.730012039049939165e+00
1.176818903706903507e-01	2.632418481577293079e+00
1.194811047788286867e-01	2.538380989922093711e+00
1.213006828867042586e-01	2.447765981358101861e+00
1.231406670964462491e-01	2.360445088625303889e+00
1.250010948836697555e-01	2.276294929836387926e+00
1.268819987180446751e-01	2.195196908207046604e+00
1.287834059576218604e-01	2.117037052282770393e+00
1.307053387648982878e-01	2.041705807419638141e+00
1.326478140301742270e-01	1.969097845870516839e+00
1.346108432740872884e-01	1.899111914898661935e+00
1.365944325819736516e-01	1.831650671879299752e+00
1.385985825092547197e-01	1.766620521908018882e+00
1.406232880234846161e-01	1.703931471682219367e+00
1.426685384130787770e-01	1.643496985081442485e+00
1.447343172375117892e-01	1.585233843055553260e+00
1.468206022427394064e-01	1.529062020307747849e+00
1.489273653057194280e-01	1.474904548045822938e+00
1.510545723829563869e-01	1.422687386218994821e+00
1.532021834371644353e-01	1.372339333087722713e+00
1.553701523927292494e-01	1.323791888181051313e+00
1.575584270953475086e-01	1.276979147853495311e+00
1.597669492486715748e-01	1.231837720491404387e+00
1.619956543815574135e-01	1.188306609720914064e+00
1.642444718195630038e-01	1.146327118648772236e+00
1.665133246326667704e-01	1.105842776862801413e+00
1.688021296150096773e-01	1.066799238432171837e+00
1.711107972688697410e-01	1.029144195389082084e+00
1.734392317645127579e-01	9.928273142706984800e-01
1.757873309329893163e-01	9.578001447819067815e-01
1.781549862630107672e-01	9.240160445989867855e-01
1.805420828739806305e-01	8.914301241370543583e-01
1.829484995229555544e-01	8.599991646614063567e-01
1.853741086117863257e-01	8.296815524828998756e-01
1.878187761785205245e-01	8.004372285457673764e-01
1.902823619145326828e-01	7.722276182172373993e-01
1.927647191882469746e-01	7.450155712989382506e-01
1.952656950476943654e-01	7.187653196796643940e-01
1.977851302537844136e-01	6.934424130257489383e-01
2.003228593163327576e-01	6.690136458465970604e-01
2.028787105106773792e-01	6.454471075272760761e-01
2.054525059345604365e-01	6.227119895937502925e-01
2.080440615344445188e-01	6.007786373865640073e-01
2.106531871671563916e-01	5.796184816720497679e-01
2.132796866440187789e-01	5.592039985545786962e-01
2.159233577892584466e-01	5.395086704063339900e-01
2.185839925021810515e-01	5.205069432276464569e-01
2.212613768322439778e-01	5.021741933892732712e-01
2.239552910299330291e-01	4.844866950306460640e-01
2.266655096400274905e-01	4.674215807128090372e-01
2.293918015757789308e-01	4.509568111972158122e-01
2.321339301957293932e-01	4.350711455387911153e-01
2.348916534063151818e-01	4.197441089545937976e-01
2.376647237371354304e-01	4.049559651463858212e-01
2.404528884557544655e-01	3.906876880648709749e-01
2.432558896513814795e-01	3.769209371388898000e-01
2.460734643465181115e-01	3.636380292927558489e-01
2.489053446132108993e-01	3.508219142803483681e-01
2.517512576690958959e-01	3.384561547454837394e-01
2.546109260008337372e-01	3.265248999060119117e-01
2.574840674916887284e-01	3.150128642290055958e-01
2.603703955238381162e-01	3.039053082749597068e-01
2.632696191277658082e-01	2.931880169208617715e-01
2.661814430894985928e-01	2.828472819793101944e-01
2.691055680916629722e-01	2.728698814672191331e-01
2.720416908577376613e-01	2.632430615083991010e-01
2.749895042699387337e-01	2.539545221923377172e-01
2.779486975221006073e-01	2.449923991761466247e-01
2.809189562555274300e-01	2.363452463754935062e-01
2.838999627162173134e-01	2.280020221994525642e-01
2.868913958823495203e-01	2.199520763419897940e-01
2.898929316226928066e-01	2.121851331382066386e-01
2.929042428564973544e-01	2.046912781243784285e-01
2.959249996871504695e-01	1.974609475404116854e-01
2.989548695629632435e-01	1.904849132332139261e-01
3.019935174451373050e-01	1.837542704630786006e-01
3.050406059428380501e-01	1.772604285311298600e-01
3.080957954807079791e-01	1.709950976531496858e-01
3.111587444652230694e-01	1.649502782041075699e-01
3.142291094237247839e-01	1.591182514033922801e-01
3.173065451857711161e-01	1.534915684518828038e-01
3.203907050243461896e-01	1.480630415945613232e-01
3.234812408243493698e-01	1.428257342558503229e-01
3.265778032485824323e-01	1.377729519739696318e-01
3.296800418834375801e-01	1.328982346768694534e-01
3.327876054124457306e-01	1.281953476181315055e-01
3.359001417686494073e-01	1.236582737919237479e-01
3.390172982912629807e-01	1.192812059965153437e-01
3.421387218995530222e-01	1.150585397079414568e-01
3.452640592190994173e-01	1.109848660145640736e-01
3.483929567809678218e-01	1.070549640001347141e-01
3.515250611367173872e-01	1.032637951175179453e-01
3.546600190409718856e-01	9.960649648631980657e-02
3.577974775860203183e-01	9.607837433411139938e-02
3.609370843699987730e-01	9.267489847789289747e-02
3.640784876290132921e-01	8.939169652562903301e-02
3.672213364045245343e-01	8.622454833134808594e-02
3.703652806694460731e-01	8.316938068977187959e-02
3.735099714942456406e-01	8.022226214061708993e-02
3.766550611697123130e-01	7.737939841828297971e-02
3.798002033557608681e-01	7.463712716902683175e-02
3.829450532287532183e-01	7.199191333778391655e-02
3.860892675988616962e-01	6.944034549218278118e-02
3.892325050525071717e-01	6.697913074938954825e-02
3.923744260928709315e-01	6.460509071709874540e-02
3.955146932486219291e-01	6.231515821350916418e-02
3.986529712091336219e-01	6.010637269226621476e-02
4.017889269572994526e-01	5.797587659238518515e-02
4.049222298691917410e-01	5.592091240106925737e-02
4.080525518412743136e-01	5.393881854887064287e-02
4.111795674147160629e-01	5.202702610978091752e-02
4.143029538657622690e-01	5.018305618643515570e-02
4.174223913242375850e-01	4.840451620982134939e-02
4.205375628886235395e-01	4.668909695102096968e-02
4.236481547071478393e-01	4.503457018661941036e-02
4.267538560877239817e-01	4.343878538881254525e-02
4.298543596001251355e-01	4.189966705168699651e-02
4.329493611523821950e-01	4.041521251068258547e-02
4.360385600872785372e-01	3.898348900842436154e-02
4.391216592775066818e-01	3.760263130705651657e-02
4.421983651893939826e-01	3.627083971997025619e-02
4.452683879716647919e-01	3.498637748378986140e-02
4.483314415387861795e-01	3.374756860268494918e-02
4.513872436246805231e-01	3.255279594793730746e-02
4.544355158718856313e-01	3.140049908468737355e-02
4.574759838789619337e-01	3.028917233870997289e-02
4.605083772779888784e-01	2.921736287043011013e-02
4.635324297840646701e-01	2.818366888144402393e-02
4.665478792552554821e-01	2.718673790060573831e-02
4.695544677403858946e-01	2.622526492756886707e-02
4.725519415411780777e-01	2.529799080630115021e-02
4.755400512430196236e-01	2.440370084013098254e-02
4.785185517611895145e-01	2.354122310065410659e-02
4.814872023909184673e-01	2.270942686176016453e-02
4.844457668284405938e-01	2.190722129811052687e-02
4.873940132212744580e-01	2.113355405499716538e-02
4.903317141805790258e-01	2.038740990421105542e-02
4.932586468278792324e-01	1.966780944147269658e-02
4.961745928017394225e-01	1.897380792718213888e-02
4.990793382868709549e-01	1.830449396466335421e-02
5.019726740411976085e-01	1.765898834987316909e-02
5.048543953917759008e-01	1.703644302755743731e-02
5.077243022712925047e-01	1.643603992711709788e-02
5.105821992068682036e-01	1.585699001251487245e-02
5.134278953368056619e-01	1.529853215715699065e-02
5.162612044253176435e-01	1.475993215737355160e-02
5.190819448451690077e-01	1.424048196688471914e-02
5.218899395872694802e-01	1.373949860135758975e-02
5.246850162681719887e-01	1.325632326511895498e-02
5.274670071044866848e-01	1.279032067168945491e-02
5.302357489157082382e-01	1.234087804827157728e-02
5.329910831248116931e-01	1.190740435986197519e-02
5.357328557253312473e-01	1.148932968732514943e-02
5.384609172777853336e-01	1.108610433722049919e-02
5.411751229036615429e-01	1.069719813528996824e-02
5.438753322461810091e-01	1.032209985580677045e-02
5.465614094646997767e-01	9.960316495202662171e-03
5.492332232028860339e-01	9.611372566513376112e-03
5.518906465816363349e-01	9.274809532401383574e-03
5.545335571477963965e-01	8.950185235211247439e-03
5.571618368727101478e-01	8.637073278659670311e-03
5.597753721007709959e-01	8.335062508885304408e-03
5.623740535283192621e-01	8.043756433498725628e-03
5.649577761788696639e-01	7.762772700831519802e-03
5.675264393502299498e-01	7.491742645347668553e-03
5.700799465993880988e-01	7.230310765052290825e-03
5.726182056871511605e-01	6.978134269368286777e-03
5.751411285562928466e-01	6.734882623556552941e-03
5.776486312776956122e-01	6.500237120633230690e-03
5.801406340217257762e-01	6.273890455822249586e-03
5.826170610066691014e-01	6.055546294245787650e-03
5.850778404697597468e-01	5.844918927076414063e-03
5.875229046021958057e-01	5.641732895052776683e-03
5.899521895227722856e-01	5.445722574183256559e-03
5.923656352264832226e-01	5.256631860446988290e-03
5.947631855302737414e-01	5.074213834440137808e-03
5.971447880409386233e-01	4.898230410677580429e-03
5.995103940886371552e-01	4.728452040845330766e-03
6.018599586974950899e-01	4.564657396525726926e-03
6.041934405180855450e-01	4.406633102152563396e-03
6.065108017849216715e-01	4.254173416548581201e-03
6.088120082742789485e-01	4.107079960283629982e-03
6.110970292359427791e-01	3.965161501711278458e-03
6.133658373498767080e-01	3.828233648458699828e-03
6.156184086832044988e-01	3.696118608716426196e-03
6.178547226162051098e-01	3.568644985731860876e-03
6.200747618147753881e-01	3.445647513464156209e-03
6.222785121543152886e-01	3.326966869498754892e-03
6.244659626796073004e-01	3.212449451320460638e-03
6.266371055445204563e-01	3.101947141438109352e-03
6.287919359714260192e-01	2.995317135691522199e-03
6.309304521771732510e-01	2.892421779603508540e-03
6.330526553291246916e-01	2.793128336844671270e-03
6.351585495011656812e-01	2.697308818618532160e-03
6.372481415990272069e-01	2.604839854423302795e-03
6.393214413165219101e-01	2.515602484333769734e-03
6.413784610914670115e-01	2.429482002856971339e-03
6.434192160277660832e-01	2.346367830446578935e-03
6.454437238694809009e-01	2.266153341994979562e-03
6.474520049200189753e-01	2.188735745687464714e-03
6.494440820065593423e-01	2.114015935716269130e-03
6.514199804171699748e-01	2.041898342089738805e-03
6.533797278602895275e-01	1.972290820312764138e-03
6.553233543905830905e-01	1.905104537774307419e-03
6.572508923793916047e-01	1.840253833242044617e-03
6.591623764423696352e-01	1.777656123182935711e-03
6.610578433962663869e-01	1.717231774577763310e-03
6.629373322127601886e-01	1.658904000614830994e-03
6.648008839521932778e-01	1.602598768012965290e-03
6.666485417263378066e-01	1.548244690544710441e-03
6.684803506389895844e-01	1.495772936202282829e-03
6.702963577357464731e-01	1.445117128674047865e-03
6.720966119668922989e-01	1.396213270714692948e-03
6.738811641072400827e-01	1.348999653094921274e-03
6.756500667499917290e-01	1.303416761469475965e-03
6.774033742165227467e-01	1.259407215444703241e-03
6.791411425366069565e-01	1.216915684666617075e-03
6.808634293827204864e-01	1.175888807986458923e-03
6.825702940382716299e-01	1.136275130582596127e-03
6.842617973332993930e-01	1.098025032710267740e-03
6.859380016189545737e-01	1.061090663178916723e-03
6.875989706973780757e-01	1.025425877725953498e-03
6.892447698010960577e-01	9.909861728843005323e-04
6.908754655306990067e-01	9.577286348568500628e-04
6.924911258116239754e-01	9.256118777619451714e-04
6.940918198680494644e-01	8.945959780948079280e-04
6.956776181573504081e-01	8.646424460759981811e-04
6.972485923368043625e-01	8.357141543275964802e-04
6.988048152318795392e-01	8.077752895313802589e-04
7.003463607767439481e-01	7.807913223040275144e-04
7.018733039794651241e-01	7.547289420987015425e-04
7.033857208998050004e-01	7.295560165379331519e-04
7.048836885757988613e-01	7.052415663422222569e-04
7.063672850103001055e-01	6.817556977190948825e-04
7.078365891390027143e-01	6.590695758963327662e-04
7.092916807562066328e-01	6.371554043635439856e-04
7.107326405099617661e-01	6.159863527488676667e-04
7.121595498717065986e-01	5.955365411279530188e-04
7.135724910588442382e-01	5.757810205430825704e-04
7.149715470374594650e-01	5.566957092678858059e-04
7.163568014852932375e-01	5.382573757486522380e-04
7.177283387286469418e-01	5.204436234489946776e-04
7.190862437333789270e-01	5.032328320314135434e-04
7.204306020827278001e-01	4.866041430600078692e-04
7.217614999041696011e-01	4.705374478117022008e-04
7.230790238711772844e-01	4.550133339759388526e-04
7.243832611753717732e-01	4.400130713495803273e-04
7.256742994598740504e-01	4.255185991724336745e-04
7.269522268303061363e-01	4.115124831848296577e-04
7.282171318031773755e-01	3.979779040512115926e-04
7.294691032751261517e-01	3.848986373289150663e-04
7.307082305063845595e-01	3.722590222245039226e-04
7.319346030916776824e-01	3.600439511175130853e-04
7.331483109132795883e-01	3.482388475809382778e-04
7.343494441474163192e-01	3.368296382870171772e-04
7.355380932194924837e-01	3.258027485845901849e-04
7.367143487609546515e-01	3.151450829620857340e-04
7.378783016260961336e-01	3.048439977932820345e-04
7.390300428251244114e-01	2.948872918530233271e-04
7.401696635394976465e-01	2.852631912378928271e-04
7.412972550595908761e-01	2.759603333112250361e-04
7.424129087980053665e-01	2.669677509688535158e-04
7.435167162392126716e-01	2.582748614687484017e-04
7.446087689297347101e-01	2.498714487037107771e-04
7.456891584676662577e-01	2.417476525754134130e-04
7.467579764506216966e-01	2.338939566915623335e-04
7.478153145004755586e-01	2.263011739291782029e-04
7.488612641940353143e-01	2.189604388684075753e-04
7.498959170853733980e-01	2.118631922544562658e-04
7.509193646619879425e-01	2.050011708004199071e-04
7.519316983393810050e-01	1.983664012515283189e-04
7.529330094257836725e-01	1.919511843741507318e-04
7.539233891386558639e-01	1.857480847368382171e-04
7.549029285497040886e-01	1.797499292879678554e-04
7.558717185840440056e-01	1.739497903250664969e-04
7.568298500266621431e-01	1.683409779436164722e-04
7.577774134539942974e-01	1.629170388015304825e-04
7.587144992719613290e-01	1.576717352154950269e-04
7.596411976843761016e-01	1.525990464488611491e-04
7.605575986496506680e-01	1.476931639099924687e-04
7.614637919142291933e-01	1.429484742184732743e-04
7.623598669634560343e-01	1.383595580183878801e-04
7.632459130246588286e-01	1.339211826322303641e-04
7.641220190547551860e-01	1.296282941034147579e-04
7.649882737200044414e-01	1.254760141480435116e-04
7.658447653830359192e-01	1.214596314910406017e-04
7.666915821080264593e-01	1.175745925653142636e-04
7.675288116361677071e-01	1.138165026316530508e-04
7.683565413684120271e-01	1.101811187255326003e-04
7.691748583712035847e-01	1.066643409003927473e-04
7.699838493540278606e-01	1.032622092028797120e-04
7.707836006710168109e-01	9.997089976762763952e-05
7.715741982941244359e-01	9.678671932172697070e-05
7.723557278257040526e-01	9.370609963496066906e-05
7.731282744717898892e-01	9.072559386483156085e-05
7.738919230473368938e-01	8.784187291372235851e-05
7.746467579574953799e-01	8.505172136450524841e-05
7.753928631898892032e-01	8.235203315894577716e-05
7.761303223225370918e-01	7.973980646081099027e-05
7.768592184917753052e-01	7.721214215915650871e-05
7.775796344147501982e-01	7.476623944432711348e-05
7.782916523466930636e-01	7.239939277486753062e-05
7.789953541175483887e-01	7.010898644941954496e-05
7.796908210867494748e-01	6.789249545929826974e-05
7.803781341573629016e-01	6.574747960460057387e-05
7.810573737726360655e-01	6.367157940814321656e-05
7.817286199032337235e-01	6.166251653335790884e-05
7.823919520401431127e-01	5.971808997908942572e-05
7.830474491960623951e-01	5.783617136217180749e-05
7.836951899075957906e-01	5.601470479498466508e-05
7.843352522009449102e-01	5.425170426762812879e-05
7.849677136360363461e-01	5.254524820444803513e-05
7.855926512577946497e-01	5.089348231317206243e-05
7.862101416082581951e-01	4.929461305991340121e-05
7.868202607484825473e-01	4.774690632310724830e-05
7.874230842024281252e-01	4.624868852432443666e-05
7.880186870017954481e-01	4.479834009936830522e-05
7.886071436658051992e-01	4.339429565890910338e-05
7.891885281891884985e-01	4.203504346792878699e-05
7.897629140549817794e-01	4.071912123651786903e-05
7.903303742274212507e-01	3.944511531751408875e-05
7.908909811446516169e-01	3.821166029494186905e-05
7.914448067197981107e-01	3.701743539536692411e-05
7.919919223492323246e-01	3.586116360280488852e-05
7.925323988926347152e-01	3.474161148129845545e-05
7.930663066817476015e-01	3.365758570485556010e-05
7.935937155299065404e-01	3.260793238005537997e-05
7.941146947070052420e-01	3.159153738855992387e-05
7.946293129489603313e-01	3.060732158521042655e-05
7.951376384909430994e-01	2.965424179093379957e-05
7.956397389878187010e-01	2.873129204265328457e-05
7.961356815940914267e-01	2.783749665532421553e-05
7.966255329299061216e-01	2.697191259592793063e-05
7.971093590626154857e-01	2.613363024042601477e-05
7.975872255400822119e-01	2.532176742262077536e-05
7.980591973838583320e-01	2.453547114253895150e-05
7.985253390678018759e-01	2.377391888687669481e-05
7.989857145306353825e-01	2.303631376689784747e-05
7.994403871987183496e-01	2.232188412049754514e-05
7.998894199457343701e-01	2.162988478570081682e-05
8.003328751342886349e-01	2.095959498022510921e-05
8.007708145728288374e-01	2.031031795356180177e-05
8.012032995631214183e-01	1.968137911903598990e-05
8.016303908616912999e-01	1.907212606611635375e-05
8.020521487126197613e-01	1.848192795576902704e-05
8.024686328197457863e-01	1.791017475584286646e-05
8.028799023727081208e-01	1.735627584242033797e-05
8.032860160367224500e-01	1.681966045164121144e-05
8.036870319436164589e-01	1.629977636817693166e-05
8.040830077240989082e-01	1.579608862805234842e-05
8.044740004757141572e-01	1.530808079633071240e-05
8.048600667790392071e-01	1.483525305686815545e-05
8.052412627074279072e-01	1.437712066250333636e-05
8.056176438256222871e-01	1.393321579632286183e-05
8.059892651608271397e-01	1.350308599546183758e-05
8.063561812659549854e-01	1.308629264889753811e-05
8.067184461546295093e-01	1.268241228196297046e-05
8.070761133514974262e-01	1.229103400157393399e-05
8.074292358903891742e-01	1.191176051313418976e-05
8.077778662730785708e-01	1.154420885867271705e-05
8.081220565210832651e-01	1.118800648111242539e-05
8.084618581740582455e-01	1.084279332272892087e-05
8.087973222436078968e-01	1.050822231708918324e-05
8.091284992712871604e-01	1.018395590620951970e-05
8.094554393196277120e-01	9.869667637292012013e-06
8.097781919362642133e-01	9.565043071091524420e-06
8.100968062002562586e-01	9.269776115302907058e-06
8.104113307247237108e-01	8.983570698381302110e-06
8.107218136139633380e-01	8.706141712742429534e-06
8.110283025116177269e-01	8.437211730971704623e-06
8.113308446008608010e-01	8.176512428069863448e-06
8.116294865650204304e-01	7.923784868944977916e-06
8.119242746449050196e-01	7.678777452681751425e-06
8.122152546107295201e-01	7.441246990092456609e-06
8.125024717584153899e-01	7.210958540309693910e-06
8.127859709384365194e-01	6.987683732249624731e-06
8.130657965469040294e-01	6.771202042299621030e-06
8.133419925070440870e-01	6.561300253701937197e-06
8.136146023144678052e-01	6.357770817072468591e-06
8.138836690162096765e-01	6.160413548912503450e-06
8.141492351916923553e-01	5.969035051418149812e-06
8.144113430076183047e-01	5.783447391558362466e-06
8.146700341651903488e-01	5.603468601444020318e-06
8.149253499607550522e-01	5.428922488968908352e-06
8.151773312302387220e-01	5.259638727449508514e-06
8.154260183988524258e-01	5.095452010942255487e-06
8.156714514614041844e-01	4.936202378979134730e-06
8.159136699814142357e-01	4.781734967329631126e-06
8.161527131183395900e-01	4.631899762064347665e-06
8.163886195935653456e-01	4.486551280075982920e-06
8.166214277448147207e-01	4.345548512517898761e-06
8.168511754686338389e-01	4.208755234481773995e-06
8.170779002766036525e-01	4.076039243456732628e-06
8.173016392636288652e-01	3.947272270990527830e-06
8.175224291343134997e-01	3.822330423842962691e-06
8.177403061772796633e-01	3.701093462940463456e-06
8.179553063119101575e-01	3.583444525264214049e-06
8.181674650486209233e-01	3.469270844200471186e-06
8.183768175073573570e-01	3.358462894110697023e-06
8.185833984469133018e-01	3.250914375659003729e-06
8.187872422070372469e-01	3.146522679578053894e-06
8.189883827816589745e-01	3.045187714384850040e-06
8.191868537760814695e-01	2.946812706580119767e-06
8.193826884173083247e-01	2.851303957713114050e-06
8.195759195774462436e-01	2.758570199345109749e-06
8.197665797518637332e-01	2.668523245860331246e-06
8.199547010719788753e-01	2.581077370949646347e-06
8.201403153199973151e-01	2.496149136493600890e-06
8.203234539146658788e-01	2.413658007351016910e-06
8.205041479123914572e-01	2.333525622444487486e-06
8.206824280366947777e-01	2.255675465803406197e-06
8.208583246582976667e-01	2.180033473237444159e-06
8.210318677982306745e-01	2.106527964271789874e-06
8.212030871348503513e-01	2.035088932229250616e-06
8.213720120182441686e-01	1.965648096795448910e-06
8.215386714611748742e-01	1.898139274642889790e-06
8.217030941345628836e-01	1.832498070320193719e-06
8.218653083933176173e-01	1.768661521359727873e-06
8.220253422587548986e-01	1.706568208452478197e-06
8.221832234389048200e-01	1.646158371497952549e-06
8.223389793065032372e-01	1.587373710221921326e-06
8.224926369289523587e-01	1.530156886788221615e-06
8.226442230647255105e-01	1.474451897791223346e-06
8.227937641459570628e-01	1.420203922455490073e-06
8.229412863161433833e-01	1.367359076502825459e-06
8.230868153929850051e-01	1.315864524634174869e-06
8.232303769046438457e-01	1.265667829282468855e-06
8.233719960878015387e-01	1.216717297345002337e-06
8.235116978650330877e-01	1.168961888172211089e-06
8.236495068792258900e-01	1.122350596902783577e-06
8.237854474858598008e-01	1.076832626591667957e-06
8.239195437363268093e-01	1.032357342021007589e-06
8.240518194073187530e-01	9.888733326084964024e-07
8.241822980057841308e-01	9.463286433539045318e-07
8.243110027315385668e-01	9.046704935247237839e-07
8.244379565408819222e-01	8.638443265279675547e-07
8.245631820955603430e-01	8.237939548503363128e-07
8.246867017862765659e-01	7.844603548036461578e-07
8.248085377575591348e-01	7.457810131916949582e-07
8.249287118593038315e-01	7.076891515140939916e-07
8.250472456986310821e-01	6.701118248449157443e-07
8.251641606217262614e-01	6.329683614478348091e-07
8.252794777089031975e-01	5.961680468161316268e-07
8.253932177938138048e-01	5.596062196512933893e-07
8.255054014585093691e-01	5.231596012496133198e-07
8.256160490319112144e-01	4.866789812157991370e-07
8.257251805967428249e-01	4.494805019938192469e-07
8.258328159996538576e-01	4.123316675323206605e-07
8.259389748363699102e-01	3.743929141955768257e-07
8.260436764651518660e-01	3.351934718684934969e-07
8.261469400182976930e-01	2.940161364482559179e-07
8.262487843834697143e-01	2.496841754554785212e-07
8.263492282126181365e-01	1.998750084568419367e-07
8.264482899588762033e-01	1.384976697884775770e-07
8.265459878077788813e-01	0.000000000000000000e+00
