# Data associated with arXiv:2110.09653
# 
# Scale-free J-factor angular distribution, J_S(theta), of a nfw0-8 dark matter distribution (see Eq. 8 and the surrounding discussion)
# 
# Published: 3/29/22, Jack Runburg, contact: runburg@hawaii.edu
# 
# 
# -----------------------------------------------------------------
# 
# 	 tilde theta 		 | 	 tilde J s-wave 		 | 	 tilde J p-wave 		 | 	 tilde J d-wave 		 | 	 tilde J sommerfeld 
# 
# -----------------------------------------------------------------
1.000000000000000021e-03	1.354221317925545804e+02	5.887978047824139693e+00	2.058752307965291184e+00	2.700264601024104195e+03
1.021192151037671062e-03	1.336293564534850589e+02	5.871641019244039583e+00	2.055632286670052267e+00	2.633506756409630725e+03
1.042833409340945643e-03	1.318595811859778735e+02	5.855247630369304623e+00	2.052498495440898019e+00	2.568424372416854567e+03
1.064933292458827233e-03	1.301115750728582441e+02	5.838792797238168575e+00	2.049349928217183425e+00	2.504935810559343736e+03
1.087501519637659123e-03	1.283852786130839263e+02	5.822277499730763139e+00	2.046186694485944368e+00	2.443007094344622146e+03
1.110548016095517111e-03	1.266808550482636804e+02	5.805703971232780702e+00	2.043009138749920961e+00	2.382626087181678940e+03
1.134082917387199208e-03	1.249982792112078869e+02	5.789073523329614446e+00	2.039817429888036049e+00	2.323760153731922401e+03
1.158116573861711456e-03	1.233364100471917908e+02	5.772381103775154010e+00	2.036610569796221348e+00	2.266332232212746931e+03
1.182659555214217667e-03	1.216951924511658234e+02	5.755627741614758541e+00	2.033388669139870153e+00	2.210316214213825788e+03
1.207722655134462354e-03	1.200747946472583294e+02	5.738815858041438567e+00	2.030152091904259937e+00	2.155702597435272764e+03
1.233316896053688856e-03	1.184751504390994654e+02	5.721946439603056156e+00	2.026900958088756255e+00	2.102456750974662555e+03
1.259453533992170365e-03	1.168952025454898234e+02	5.705014640422623629e+00	2.023634283023216351e+00	2.050512144117214120e+03
1.286144063509461061e-03	1.153348999961413455e+02	5.688021481312956595e+00	2.020352176495343599e+00	1.999843742510761331e+03
1.313400222759557485e-03	1.137944147607796452e+02	5.670969427880838687e+00	2.017055016580380666e+00	1.950442251259722525e+03
1.341233998653187541e-03	1.122736442605375800e+02	5.653859323269435855e+00	2.013742877214235616e+00	1.902279245333981180e+03
1.369657632129505243e-03	1.107716092893081736e+02	5.636686350553763880e+00	2.010414781290870589e+00	1.855293227526869032e+03
1.398683623539492566e-03	1.092882627665892556e+02	5.619451606754222617e+00	2.007070840270984036e+00	1.809462231059549140e+03
1.428324738143458596e-03	1.078237792928361358e+02	5.602157626846250515e+00	2.003711447907158938e+00	1.764773956864358979e+03
1.458594011725036863e-03	1.063780241782275624e+02	5.584805137820905152e+00	2.000336633082779869e+00	1.721207642358780276e+03
1.489504756324154782e-03	1.049500909537900384e+02	5.567389344802768036e+00	1.996945425281282605e+00	1.678704755687660054e+03
1.521070566091505720e-03	1.035399362021562979e+02	5.549911375575364403e+00	1.993537935520334203e+00	1.637248050959203056e+03
1.553305323267072666e-03	1.021477361484738395e+02	5.532373917127593188e+00	1.990114575720917545e+00	1.596824396642387910e+03
1.586223204285366938e-03	1.007733279128090089e+02	5.514777434350426333e+00	1.986675324200708914e+00	1.557413471128665151e+03
1.619838686010041055e-03	9.941587277414363655e+01	5.497117295595536746e+00	1.983219222146105798e+00	1.518964848503202802e+03
1.654166552100628336e-03	9.807533075988678206e+01	5.479394582911517375e+00	1.979746377292626702e+00	1.481463428922221055e+03
1.689221899514206692e-03	9.675187882008249574e+01	5.461612199765034426e+00	1.976257221345819381e+00	1.444896577570438694e+03
1.725020145144853453e-03	9.544532947674210277e+01	5.443770289165207998e+00	1.972751677660727454e+00	1.409244491177647660e+03
1.761577032603788440e-03	9.415490709262883229e+01	5.425864320509337091e+00	1.969228796709261431e+00	1.374461922814589343e+03
1.798908639143220224e-03	9.288057493272691545e+01	5.407895504058616964e+00	1.965688689162889302e+00	1.340537385579511010e+03
1.837031382726912916e-03	9.162250986719098478e+01	5.389866823907364157e+00	1.962131802029862815e+00	1.307458042144843148e+03
1.875962029250603357e-03	9.038050311070507803e+01	5.371778125517975511e+00	1.958558002709713364e+00	1.275206100482466127e+03
1.915717699915417882e-03	8.915383774556788410e+01	5.353625091003048730e+00	1.954966356890039503e+00	1.243739884069969094e+03
1.956315878757565116e-03	8.794248008172776565e+01	5.335408940027864588e+00	1.951356973334287703e+00	1.213048194819494483e+03
1.997774420337589726e-03	8.674660618968077586e+01	5.317132730075652347e+00	1.947730310202182125e+00	1.183123163096667440e+03
2.040111557592579582e-03	8.556598898966554145e+01	5.298796106920732996e+00	1.944086183008128410e+00	1.153945622131637947e+03
2.083345909854779961e-03	8.439996620229206314e+01	5.280394889742294318e+00	1.940423668095856424e+00	1.125479307899888681e+03
2.127496491040134757e-03	8.324850699847910107e+01	5.261930216100839885e+00	1.936742867179142014e+00	1.097712130095131897e+03
2.172582718010372237e-03	8.211178601255831211e+01	5.243405423132044163e+00	1.933044262495690502e+00	1.070639113384809207e+03
2.218624419112281976e-03	8.098956061953661845e+01	5.224819892206527427e+00	1.929327613019627741e+00	1.044241763997363705e+03
2.265641842897974604e-03	7.988121936588380834e+01	5.206169446493118969e+00	1.925591999897067419e+00	1.018488209273285747e+03
2.313655667029933423e-03	7.878673411123732251e+01	5.187455415264711434e+00	1.921837529073261663e+00	9.933668039533727097e+02
2.362687007374795686e-03	7.770627749055321942e+01	5.168681126183864549e+00	1.918064692244298763e+00	9.688731346403045563e+02
2.412757427289825233e-03	7.663959383989238461e+01	5.149845769506184112e+00	1.914273192570699722e+00	9.449893626926120760e+02
2.463888947106213784e-03	7.558611896945517117e+01	5.130945364634915684e+00	1.910462124628211633e+00	9.216892567021575360e+02
2.516104053813336943e-03	7.454582726257551428e+01	5.111981170019641141e+00	1.906631588750101969e+00	8.989601788127138207e+02
2.569425710948245768e-03	7.351888886030603487e+01	5.092956705082299251e+00	1.902782095117272254e+00	8.768001581516942906e+02
2.623877368694733318e-03	7.250503734700394887e+01	5.073870913161064422e+00	1.898913288528381704e+00	8.551899485575929702e+02
2.679482974196439188e-03	7.150375246268318108e+01	5.054719941445485532e+00	1.895024272246687236e+00	8.341079593578209597e+02
2.736266982088478034e-03	7.051501096408235014e+01	5.035505064479374404e+00	1.891115140055226629e+00	8.135429973689784902e+02
2.794254365252289707e-03	6.953898006392893194e+01	5.016229950228951573e+00	1.887186417957335216e+00	7.934930539993304137e+02
2.853470625798387814e-03	6.857538467061827703e+01	4.996893274241979377e+00	1.883237691139286296e+00	7.739398263114704832e+02
2.913941806281861776e-03	6.762374534752284205e+01	4.977491282645068793e+00	1.879268070768124410e+00	7.548637069986240249e+02
2.975694501155571117e-03	6.668404107620899879e+01	4.958025393371028322e+00	1.875277652915120941e+00	7.362556263398874989e+02
3.038755868466027146e-03	6.575643576418427472e+01	4.938499342210182164e+00	1.871266973685361101e+00	7.181140297138141477e+02
3.103153641797168783e-03	6.484064753385769109e+01	4.918911581094150165e+00	1.867235558768009840e+00	7.004214058872076976e+02
3.168916142467233243e-03	6.393623486398134048e+01	4.899258457599502847e+00	1.863182526610719592e+00	6.831600024896155219e+02
3.236072291984112663e-03	6.304317882414250818e+01	4.879541415386665193e+00	1.859107970385594166e+00	6.663217028528353012e+02
3.304651624764658874e-03	6.216163969477194229e+01	4.859764435608565414e+00	1.855012447748746629e+00	6.499053645141003699e+02
3.374684301123556836e-03	6.129133051843233915e+01	4.839925634397477694e+00	1.850895412660479744e+00	6.338956824233190446e+02
3.446201120537424525e-03	6.043184497879647665e+01	4.820021506866933869e+00	1.846755996117037446e+00	6.182755198607153488e+02
3.519233535190044709e-03	5.958316610477447028e+01	4.800053583211558283e+00	1.842594292261129585e+00	6.030387656491325288e+02
3.593813663804625805e-03	5.874545026922776003e+01	4.780025903915964491e+00	1.838410864750492868e+00	5.881826703765531192e+02
3.669974305769219299e-03	5.791840698391185072e+01	4.759936356175278327e+00	1.834205102191957648e+00	5.736945208626593740e+02
3.747748955561452412e-03	5.710166260461128473e+01	4.739781627821332499e+00	1.829976148410211723e+00	5.595591867260744721e+02
3.827171817478984984e-03	5.629520199762367128e+01	4.719563248774961473e+00	1.825724091672271454e+00	5.457707266643822095e+02
3.908277820682117681e-03	5.549917739444986609e+01	4.699285407580829244e+00	1.821449509829020652e+00	5.323262057461580525e+02
3.991102634555192957e-03	5.471329617094698250e+01	4.678945744583455024e+00	1.817151725450057320e+00	5.192143809933924103e+02
4.075682684393532908e-03	5.393721499189681623e+01	4.658541058995869122e+00	1.812829887200041679e+00	5.064214865236882019e+02
4.162055167422817371e-03	5.317092044554668462e+01	4.638073030963242083e+00	1.808484082861253395e+00	4.939430800183567953e+02
4.250258069157961290e-03	5.241456042754477807e+01	4.617545878398222392e+00	1.804114898585472249e+00	4.817756967980086529e+02
4.340330180108637088e-03	5.166784143371789639e+01	4.596957039269240930e+00	1.799721594105208933e+00	4.699089661263005837e+02
4.432311112838861061e-03	5.093044823253473652e+01	4.576303448295091059e+00	1.795303327405683991e+00	4.583303657488283989e+02
4.526241319388085715e-03	5.020236902699031845e+01	4.555586860145876216e+00	1.790860182674902878e+00	4.470364468494569223e+02
4.622162109061505458e-03	4.948374721657221187e+01	4.534811642652313068e+00	1.786392755962351364e+00	4.360243399186244915e+02
4.720115666597336779e-03	4.877428954445469600e+01	4.513974969094929790e+00	1.781900244430017599e+00	4.252838100187049122e+02
4.820145070719144588e-03	4.807370682735813716e+01	4.493073938753226138e+00	1.777381815335508319e+00	4.148042635763019916e+02
4.922294313081310678e-03	4.738198877900360628e+01	4.472110277532955536e+00	1.772837536882968301e+00	4.045815002040579884e+02
5.026608317615998724e-03	4.669927417775605250e+01	4.451088621290772096e+00	1.768268031029810228e+00	3.946139837944858755e+02
5.133132960290130720e-03	4.602527102251801949e+01	4.430005869433734311e+00	1.763672418342619341e+00	3.848923907821613284e+02
5.241915089281041530e-03	4.535971425829952608e+01	4.408859211675626888e+00	1.759049872104327505e+00	3.754068583809254278e+02
5.353002545579732367e-03	4.470259501592973095e+01	4.387650508126700544e+00	1.754400467380780260e+00	3.661532541168973580e+02
5.466444184030696055e-03	4.405404735399308436e+01	4.366384459282176778e+00	1.749724825637012593e+00	3.571309820998524174e+02
5.582289894817666839e-03	4.341378142646559013e+01	4.345057742613235519e+00	1.745021997600029851e+00	3.483305113506101520e+02
5.700590625404708227e-03	4.278155452063938213e+01	4.323667788110880927e+00	1.740291168211718587e+00	3.397442713015985305e+02
5.821398402942216249e-03	4.215735909207862875e+01	4.302216463063218477e+00	1.735532402527359741e+00	3.313677716881616107e+02
5.944766357147824969e-03	4.154132440721888742e+01	4.280708520255923411e+00	1.730746326910292954e+00	3.232004695136207602e+02
6.070748743672167193e-03	4.093316357707184494e+01	4.259140497840454564e+00	1.725931929607926962e+00	3.152335145564277923e+02
6.199400967959818945e-03	4.033265456338016719e+01	4.237509888701400662e+00	1.721088399425198867e+00	3.074603762463763701e+02
6.330779609615908021e-03	3.973979106142778761e+01	4.215818827727248141e+00	1.716215814701181452e+00	2.998771917121848105e+02
6.464942447289089879e-03	3.915469749879110850e+01	4.194072120709842366e+00	1.711314806258934507e+00	2.924836939903535153e+02
6.601948484081890736e-03	3.857709065031202300e+01	4.172265965563209278e+00	1.706384286297548236e+00	2.852709948031297245e+02
6.741857973499477616e-03	3.800676759896609269e+01	4.150398141984860345e+00	1.701423463040550921e+00	2.782334104594652331e+02
6.884732445948405985e-03	3.744372319942764449e+01	4.128470846799363159e+00	1.696432411522232675e+00	2.713678884856719833e+02
7.030634735796891313e-03	3.688807701486602753e+01	4.106488983863659570e+00	1.691411761303956984e+00	2.646739915873068298e+02
7.179629009008595825e-03	3.633955010649540185e+01	4.084448488106548147e+00	1.686360327682007165e+00	2.581439317556182118e+02
7.331780791361950343e-03	3.579795723250693840e+01	4.062347012030420146e+00	1.681277278344368797e+00	2.517720896775979611e+02
7.487156997267587974e-03	3.526329433062717555e+01	4.040186785532550395e+00	1.676162680700525653e+00	2.455558510659140552e+02
7.645825959196438613e-03	3.473567609277271373e+01	4.017973065637282737e+00	1.671017204430973901e+00	2.394948034928411289e+02
7.807857457731475631e-03	3.421482841218180937e+01	3.995701454269316333e+00	1.665839579091843436e+00	2.335821013316713106e+02
7.973322752256328111e-03	3.370058237453530836e+01	3.973370113590989572e+00	1.660629041406641582e+00	2.278125844475586064e+02
8.142294612294233985e-03	3.319293493069618251e+01	3.950981259927067502e+00	1.655385640810810299e+00	2.221841970651387328e+02
8.314847349511189298e-03	3.269199590915343379e+01	3.928540217866624218e+00	1.650110053079054673e+00	2.166957072515358504e+02
8.491056850397209546e-03	3.219749651123838419e+01	3.906042465457336910e+00	1.644800944124013231e+00	2.113415210711313250e+02
8.671000609640279119e-03	3.170928289647804021e+01	3.883486293241405818e+00	1.639457552202485680e+00	2.061169354113369820e+02
8.854757764207504128e-03	3.122735295898410257e+01	3.860874086193885724e+00	1.634079937234278468e+00	2.010201747902848126e+02
9.042409128148579806e-03	3.075181169189666974e+01	3.838211233620173246e+00	1.628668774822738419e+00	1.960501368938230087e+02
9.234037228136720080e-03	3.028239601333567066e+01	3.815492973424842837e+00	1.623222654711789170e+00	1.912013964957334622e+02
9.429726339762870002e-03	2.981896598707663415e+01	3.792717739422025502e+00	1.617740822274647439e+00	1.864697793615254113e+02
9.629562524599030379e-03	2.936152039091449595e+01	3.769888258956763050e+00	1.612223370454284099e+00	1.818540403200447315e+02
9.833633668047030499e-03	2.891015941870250572e+01	3.747009832969849352e+00	1.606670956335418676e+00	1.773530382870442565e+02
1.004202951798940403e-02	2.846462605500973098e+01	3.724077574771137655e+00	1.601082119964847061e+00	1.729618018809730415e+02
1.025484172425938229e-02	2.802479318430286170e+01	3.701090187587348534e+00	1.595456124996471381e+00	1.686766976139494716e+02
1.047216387894729824e-02	2.759066040534963449e+01	3.678050155751869443e+00	1.589793005470878429e+00	1.644959808849158378e+02
1.069409155756119272e-02	2.716232316525519863e+01	3.654963265272270778e+00	1.584093487820675383e+00	1.604193861864297332e+02
1.092072236105970547e-02	2.673953081118911967e+01	3.631824414494477793e+00	1.578356025752284175e+00	1.564420885695465699e+02
1.115215595877575537e-02	2.632216803554430840e+01	3.608632413405771455e+00	1.572579897188581377e+00	1.525610293088367939e+02
1.138849413224978825e-02	2.591023520360689147e+01	3.585389868508115807e+00	1.566765169466130869e+00	1.487743274245106022e+02
1.162984081999205582e-02	2.550382307479508270e+01	3.562102970520101053e+00	1.560912646956074568e+00	1.450819498426764653e+02
1.187630216319339981e-02	2.510268760641019981e+01	3.538766009677664304e+00	1.555020635485253377e+00	1.414791375682580963e+02
1.212798655240480798e-02	2.470672435941833811e+01	3.515378265467273611e+00	1.549088449599140382e+00	1.379635697213280139e+02
1.238500467520621366e-02	2.431593441257141208e+01	3.491942542183612552e+00	1.543116172350708304e+00	1.345335601336499849e+02
1.264746956488544717e-02	2.393040390723550814e+01	3.468464815654110023e+00	1.537104543124462319e+00	1.311890065743986611e+02
1.291549665014883955e-02	2.354989561152500599e+01	3.444939328190754324e+00	1.531051824462965616e+00	1.279254027570731580e+02
1.318920380588532899e-02	2.317431508148818864e+01	3.421365624276968109e+00	1.524957386493139611e+00	1.247406365229949188e+02
1.346871140500627631e-02	2.280366405951725639e+01	3.397746590273791334e+00	1.518821305299457247e+00	1.216333547040810998e+02
1.375414237138396570e-02	2.243802414474461315e+01	3.374088309033091093e+00	1.512644337215298895e+00	1.186034763846008673e+02
1.404562223391196511e-02	2.207716507880817147e+01	3.350384739976980164e+00	1.506424604669823974e+00	1.156470520978383831e+02
1.434327918171109106e-02	2.172100160012587011e+01	3.326634895404341652e+00	1.500161327251296361e+00	1.127618634173933003e+02
1.464724412050539583e-02	2.136953606597322164e+01	3.302841874031640756e+00	1.493854602453002389e+00	1.099469135230239942e+02
1.495765073019278586e-02	2.102284561938280305e+01	3.279011987869172806e+00	1.487505237940647707e+00	1.072017738624157914e+02
1.527463552363575450e-02	2.068070709664678830e+01	3.255139293616878149e+00	1.481111399133960393e+00	1.045232073089320721e+02
1.559833790669801906e-02	2.034304366517142881e+01	3.231223560668830874e+00	1.474672433353485523e+00	1.019091729394663446e+02
1.592890023955338338e-02	2.000985825232667992e+01	3.207267969634497451e+00	1.468188453238608249e+00	9.935891014680723288e+01
1.626646789929399317e-02	1.968122363214176218e+01	3.183278905095829003e+00	1.461660256570862071e+00	9.687181241015863975e+01
1.661118934386526108e-02	1.935692382801142131e+01	3.159250113946058480e+00	1.455085908966942343e+00	9.444485011201996372e+01
1.696321617735579643e-02	1.903688973376701910e+01	3.135181693124589497e+00	1.448464858856136406e+00	9.207632131477951987e+01
1.732270321667098503e-02	1.872112480538193680e+01	3.111077281315638654e+00	1.441797319804812405e+00	8.976552061372612457e+01
1.768980855961942850e-02	1.840969753841489620e+01	3.086943244344785953e+00	1.435084121578448002e+00	8.751206327889613590e+01
1.806469365444235767e-02	1.810239920537878433e+01	3.062773257886061362e+00	1.428323274891603045e+00	8.531305253503940378e+01
1.844752337081655841e-02	1.779916777471605727e+01	3.038567760913056137e+00	1.421514288995222586e+00	8.316704963910844128e+01
1.883846607236187159e-02	1.750000718861925364e+01	3.014330208677011846e+00	1.414657313706981112e+00	8.107313949456670343e+01
1.923769369068539445e-02	1.720498176560499459e+01	2.990067163998973321e+00	1.407753210900585028e+00	7.903120561695151025e+01
1.964538180099485026e-02	1.691389005520126076e+01	2.965772218711509645e+00	1.400799950500322133e+00	7.703852382778497088e+01
2.006170969931423895e-02	1.662667649592410513e+01	2.941446239951763797e+00	1.393797153484473972e+00	7.509399796629730872e+01
2.048686048133601528e-02	1.634334547889837808e+01	2.917092775913785019e+00	1.386745030419723967e+00	7.319667956499311856e+01
2.092102112294418406e-02	1.606395724191740371e+01	2.892717590037923614e+00	1.379644188384665515e+00	7.134645599293014584e+01
2.136438256244391209e-02	1.578831762168023900e+01	2.868313786532561860e+00	1.372492383729580157e+00	6.954076684244961370e+01
2.181713978453380873e-02	1.551637696471928329e+01	2.843882425789891144e+00	1.365289261266515508e+00	6.777857879417904030e+01
2.227949190605761978e-02	1.524814007295505114e+01	2.819427226171553613e+00	1.358035059608811990e+00	6.605921907098540657e+01
2.275164226357336353e-02	1.498366320408596764e+01	2.794955053902180353e+00	1.350730730004612301e+00	6.438252462654460828e+01
2.323379850277806913e-02	1.472275946782945510e+01	2.770459317052525794e+00	1.343374149272121398e+00	6.274628279128853592e+01
2.372617266982774559e-02	1.446538459609052119e+01	2.745941250139385836e+00	1.335965021680030951e+00	6.114939888168406412e+01
2.422898130459259780e-02	1.421154376660031460e+01	2.721404955402960901e+00	1.328503772236549807e+00	5.959139026898467506e+01
2.474244553588843265e-02	1.396128935778871671e+01	2.696857227885229857e+00	1.320991317517391073e+00	5.807193092198781414e+01
2.526679117872631872e-02	1.371444171856975736e+01	2.672291576253079892e+00	1.313425560592541119e+00	5.658913369624021072e+01
2.580224883362318075e-02	1.347096148121222647e+01	2.647709534665624975e+00	1.305806331600102288e+00	5.514202980705810830e+01
2.634905398801689475e-02	1.323085416359342759e+01	2.623115390323323304e+00	1.298134082774526687e+00	5.373021136772784700e+01
2.690744711983068457e-02	1.299416836707188239e+01	2.598516307776482126e+00	1.290409946700049604e+00	5.235338608850619124e+01
2.747767380323228384e-02	1.276073162791375104e+01	2.573904591551913423e+00	1.282631404039348055e+00	5.100972532921594649e+01
2.805998481663422514e-02	1.253050902766017138e+01	2.549280998011865140e+00	1.274797886104453548e+00	4.969844544408734066e+01
2.865463625298309350e-02	1.230350639104895372e+01	2.524650060556803410e+00	1.266909947864484076e+00	4.841903676559291370e+01
2.926188963238583740e-02	1.207976864235638281e+01	2.500019179463687458e+00	1.258968890021023634e+00	4.717139718746232546e+01
2.988201201712300387e-02	1.185913043777960318e+01	2.475381317284656824e+00	1.250972352699796231e+00	4.595376759821177615e+01
3.051527612909937445e-02	1.164156088942769607e+01	2.450738446057346032e+00	1.242920221071368125e+00	4.476554324066718493e+01
3.116196046978347151e-02	1.142706609517934702e+01	2.426095384008513101e+00	1.234813153152596987e+00	4.360623509516668150e+01
3.182234944268905880e-02	1.121568740215553461e+01	2.401459549119008496e+00	1.226652501796402284e+00	4.247577004946711554e+01
3.249673347845206950e-02	1.100726650498769743e+01	2.376824124280135120e+00	1.218436101112529091e+00	4.137251551391705107e+01
3.318540916255835471e-02	1.080177615577831141e+01	2.352191516617241351e+00	1.210164074611912666e+00	4.029587663985023482e+01
3.388867936577820428e-02	1.059922269300861153e+01	2.327566626569016695e+00	1.201837186527774826e+00	3.924554048660311878e+01
3.460685337736497946e-02	1.039964398467512297e+01	2.302955449985615743e+00	1.193456211587008653e+00	3.822127970813200193e+01
3.534024704107661952e-02	1.020288866905712943e+01	2.278350426909259152e+00	1.185018662453099170e+00	3.722171093583153123e+01
3.608918289407971741e-02	1.000893277593366193e+01	2.253754159419401493e+00	1.176524681278264151e+00	3.624626547521169329e+01
3.685399030879719234e-02	9.817782851267082833e+00	2.229171921447020921e+00	1.167975195891481466e+00	3.529470267820092744e+01
3.763500563776207147e-02	9.629473378696427943e+00	2.204611419349427948e+00	1.159371837614003420e+00	3.436676654491287053e+01
3.843257236154112161e-02	9.443859836326925716e+00	2.180065868958750208e+00	1.150712513914586177e+00	3.346124276634103722e+01
3.924704123979310538e-02	9.260921192043245043e+00	2.155538438981336569e+00	1.141997686986755189e+00	3.257767592693294745e+01
4.007877046552850431e-02	9.080664167629432626e+00	2.131034523539520276e+00	1.133228411368206512e+00	3.171572162360628866e+01
4.092812582263813392e-02	8.903119954136423431e+00	2.106561617151336829e+00	1.124406361322050074e+00	3.087526946751260581e+01
4.179548084676026898e-02	8.728150754078900064e+00	2.082111045352961209e+00	1.115528576556154450e+00	3.005510219055012300e+01
4.268121698955689575e-02	8.555738159008601684e+00	2.057685528057287883e+00	1.106595293476268838e+00	2.925483355244228534e+01
4.358572378647117967e-02	8.385889032324609360e+00	2.033290774315144933e+00	1.097607765187510909e+00	2.847416168556958027e+01
4.450939902804028347e-02	8.218631361286362846e+00	2.008934558728548758e+00	1.088567752650464016e+00	2.771301203278026293e+01
4.545264893483848267e-02	8.053833950515571161e+00	1.984610378749063875e+00	1.079473307662122128e+00	2.697031550692124924e+01
4.641588833612779463e-02	7.891480719845804792e+00	1.960322035440762667e+00	1.070325354912794902e+00	2.624568001138450413e+01
4.739954085229469011e-02	7.731578640921356715e+00	1.936075337845896582e+00	1.061125257464669902e+00	2.553891951448601461e+01
4.840403908115278181e-02	7.574152580909519372e+00	1.911877319651744012e+00	1.051874709389969631e+00	2.484983313311748887e+01
4.942982478819387543e-02	7.419077817163954869e+00	1.887719102937066129e+00	1.042570569189328999e+00	2.417746359367506415e+01
5.047734910087089966e-02	7.266340321184746820e+00	1.863604529487821848e+00	1.033213728225164774e+00	2.352149437858957270e+01
5.154707270699779992e-02	7.115947139576784153e+00	1.839540134107881864e+00	1.023806088675206505e+00	2.288170491411436913e+01
5.263946605735428386e-02	6.967920097508560673e+00	1.815534163815114788e+00	1.014350106861482859e+00	2.225799645552294592e+01
5.375500957258409762e-02	6.822140810301009495e+00	1.791580372410483291e+00	1.004844153592902911e+00	2.164948282416293424e+01
5.489419385447772554e-02	6.678597041953633351e+00	1.767682913468532790e+00	9.952894295255895196e-01	2.105589757294385933e+01
5.605751990173300781e-02	6.537295879000919463e+00	1.743846050866859620e+00	9.856866853785767324e-01	2.047701579949474393e+01
5.724549933028778848e-02	6.398256178374461811e+00	1.720076769633559266e+00	9.760378367137743094e-01	1.991274062999433525e+01
5.845865459832211286e-02	6.261365753180655247e+00	1.696368307427930544e+00	9.663407897296764082e-01	1.936226923638209385e+01
5.969751923602879817e-02	6.126613916437959162e+00	1.672725478717271841e+00	9.565971590069179964e-01	1.882533183805325905e+01
6.096263808025296355e-02	5.994007759910440214e+00	1.649155496829815437e+00	9.468095219148231489e-01	1.830180141905556113e+01
6.225456751410456124e-02	5.863563237697991148e+00	1.625666256293291090e+00	9.369805242735215201e-01	1.779152797436828592e+01
6.357387571164835327e-02	5.735174219355727132e+00	1.602248808245432699e+00	9.271069743309030553e-01	1.729379230897039932e+01
6.492114288777969811e-02	5.608831336506779230e+00	1.578907130373308210e+00	9.171902877591111558e-01	1.680836494669573256e+01
6.629696155339574737e-02	5.484541651058586709e+00	1.555648514108882718e+00	9.072332524914242802e-01	1.633507991348728794e+01
6.770193677597398374e-02	5.362318272009773068e+00	1.532481334482641344e+00	8.972390045304969863e-01	1.587386319788798161e+01
6.913668644567325106e-02	5.242060983120103934e+00	1.509399677775480786e+00	8.872062137165762641e-01	1.542405658470210561e+01
7.060184154707406512e-02	5.123761516580593423e+00	1.486407092948813569e+00	8.771359557287669029e-01	1.498544574469416624e+01
7.209804643667737378e-02	5.007426869722295670e+00	1.463508453171001866e+00	8.670295835344230539e-01	1.455789791814501655e+01
7.362595912628441819e-02	4.893067354211756204e+00	1.440711651549644978e+00	8.568902737695041072e-01	1.414128962237986009e+01
7.518625157238204015e-02	4.780588527763669937e+00	1.418010859931133627e+00	8.467167767249569321e-01	1.373505003408357794e+01
7.677960997166025092e-02	4.669983015313982300e+00	1.395411885276817587e+00	8.365118179177806201e-01	1.333901349884653698e+01
7.840673506279315086e-02	4.561257716937660689e+00	1.372921300902454789e+00	8.262781373359444625e-01	1.295304394903299894e+01
8.006834243461452560e-02	4.454420181056440775e+00	1.350544217956520576e+00	8.160175149215639356e-01	1.257702595801156775e+01
8.176516284082480102e-02	4.349381605537046447e+00	1.328274697806044680e+00	8.057286126669404025e-01	1.221042890242937773e+01
8.349794252136732986e-02	4.246135308600614167e+00	1.306118938291589204e+00	7.954146029862653178e-01	1.185309929257375927e+01
8.526744353061486981e-02	4.144688064683048623e+00	1.284084666909701467e+00	7.850789762851732023e-01	1.150495066270459610e+01
8.707444407251174745e-02	4.045044672475869518e+00	1.262176765894814201e+00	7.747235610162326314e-01	1.116584697189287567e+01
8.891973884281766105e-02	3.947121850809091725e+00	1.240388131495847368e+00	7.643463754402853860e-01	1.083531240716352606e+01
9.080413937860487561e-02	3.850913417212310286e+00	1.218725391150826676e+00	7.539511934706399909e-01	1.051321493754042180e+01
9.272847441516200717e-02	3.756426001580232654e+00	1.197196966173229127e+00	7.435423678308885620e-01	1.019946688487942588e+01
9.469359025046093781e-02	3.663661630839894823e+00	1.175808463046239538e+00	7.331224549015429304e-01	9.893959949688277078e+00
9.670035111734798239e-02	3.572542456411011980e+00	1.154552005834858397e+00	7.226890760900622768e-01	9.596247509806701714e+00
9.874963956362264872e-02	3.483062600777504514e+00	1.133433738052338935e+00	7.122456681272399948e-01	9.306207400131613738e+00
1.008423568401705106e-01	3.395228576215338023e+00	1.112462027212860916e+00	7.017966568067554034e-01	9.023775761841372756e+00
1.029794232973221257e-01	3.309039474348513199e+00	1.091642652415115267e+00	6.913453325919786119e-01	8.748832461604880706e+00
1.051617787896111378e-01	3.224422929217702904e+00	1.070967806486472718e+00	6.808893430477501729e-01	8.480979596797125097e+00
1.073903830891107247e-01	3.141373137451579201e+00	1.050444305205516127e+00	6.704329421287943402e-01	8.220123499668130052e+00
1.096662163075285135e-01	3.059896494076807638e+00	1.030080833847490718e+00	6.599811777607564878e-01	7.966189247117420713e+00
1.119902793272475605e-01	2.979989070348362024e+00	1.009880767683544178e+00	6.495357206321685783e-01	7.719064479886928787e+00
1.143635942415015677e-01	2.901583952908129760e+00	9.898379586350591897e-01	6.390953457506755031e-01	7.478400024014552727e+00
1.167872048038782751e-01	2.824675218778864405e+00	9.699594815570584672e-01	6.286650042577239805e-01	7.244094840264709845e+00
1.192621768873494831e-01	2.749269015004868422e+00	9.502531156418532188e-01	6.182491989961242940e-01	7.016110909851854593e+00
1.217895989530276418e-01	2.675358702231077856e+00	9.307216664075964596e-01	6.078498514440457967e-01	6.794300570904836967e+00
1.243705825288575900e-01	2.602882395405781590e+00	9.113606452719226203e-01	5.974668322995749792e-01	6.578378305128180337e+00
1.270062626984522769e-01	2.531834000456743006e+00	8.921765390569841303e-01	5.871048421159595909e-01	6.368264828107456310e+00
1.296977986002878502e-01	2.462219295510316819e+00	8.731747552529921519e-01	5.767669617831461260e-01	6.163873807663893700e+00
1.324463739374786009e-01	2.394029216991112818e+00	8.543598136427300593e-01	5.664567264278189684e-01	5.965113245682126752e+00
1.352531974983535168e-01	2.327206509927183031e+00	8.357287424666856035e-01	5.561754834213408216e-01	5.771717347697503442e+00
1.381195036880665805e-01	2.261744860804418167e+00	8.172842230902018779e-01	5.459250392808338015e-01	5.583587519934594567e+00
1.410465530714722360e-01	2.197649567879087051e+00	7.990333652010641607e-01	5.357100612808675111e-01	5.400674499919575489e+00
1.440356329275057634e-01	2.134909409835595628e+00	7.809818141991963225e-01	5.255354958507769680e-01	5.222883447407373758e+00
1.470880578153118678e-01	2.073471389047916613e+00	7.631238908882984617e-01	5.154006000987878533e-01	5.049968538533441631e+00
1.502051701523716420e-01	2.013328928271371776e+00	7.454629043288509838e-01	5.053078305101293966e-01	4.881841638843769537e+00
1.533883408048797858e-01	1.954486746603099290e+00	7.280078255188701108e-01	4.952637588435169214e-01	4.718477084578545977e+00
1.566389696906345663e-01	1.896931713746055959e+00	7.107609868206095083e-01	4.852710650951023719e-01	4.559758043947420347e+00
1.599584863947036695e-01	1.840614742104254908e+00	6.937172472157342451e-01	4.753293945437762624e-01	4.405471409588558984e+00
1.633483507981373095e-01	1.785528952218986998e+00	6.768821583157185184e-01	4.654433744889688862e-01	4.255549430434211189e+00
1.668100537200059019e-01	1.731678396676051390e+00	6.602607108696899596e-01	4.556165915160319546e-01	4.109941661082688213e+00
1.703451175730422984e-01	1.679048270819507138e+00	6.438567979495989357e-01	4.458535790317199599e-01	3.968554217362111558e+00
1.739550970331800450e-01	1.627593075050309146e+00	6.276659902020130799e-01	4.361542901223442459e-01	3.831202128131935503e+00
1.776415797232799298e-01	1.577305596255052400e+00	6.116905626224965475e-01	4.265209930916406544e-01	3.697810734663629084e+00
1.814061869113461622e-01	1.528189146503887486e+00	5.959387612753990204e-01	4.169604582290080130e-01	3.568344126513244952e+00
1.852505742235391883e-01	1.480227470046385996e+00	5.804122594385845435e-01	4.074756803186918575e-01	3.442710733985199223e+00
1.891764323722997243e-01	1.433378358393812002e+00	5.651048967055989358e-01	3.980648737158848927e-01	3.320728386160725965e+00
1.931854878999012814e-01	1.387634241963976667e+00	5.500221011972454832e-01	3.887335853208854219e-01	3.202351126723961272e+00
1.972795039377621684e-01	1.342997633189878970e+00	5.351686284751625555e-01	3.794858728010035986e-01	3.087527422045690084e+00
2.014602809818480389e-01	1.299451039463305646e+00	5.205466484210704570e-01	3.703251208965170349e-01	2.976185516035406042e+00
2.057296576845067948e-01	1.256955271849666378e+00	5.061506070964760795e-01	3.612504689700086757e-01	2.868156799667728851e+00
2.100895116630852322e-01	1.215502391852806729e+00	4.919838834098942404e-01	3.522658423725999466e-01	2.763387057334040442e+00
2.145417603256798700e-01	1.175094068846945117e+00	4.780527607132902812e-01	3.433767204720969968e-01	2.661847350885373498e+00
2.190883617143895290e-01	1.135711781211335758e+00	4.643565670578387872e-01	3.345845611008679832e-01	2.563449069664910152e+00
2.237313153664367560e-01	1.097319113532409407e+00	4.508916693108477314e-01	3.258900585330432031e-01	2.468060120458785089e+00
2.284726631935388719e-01	1.059907757201452805e+00	4.376593633976453845e-01	3.172953519783907050e-01	2.375617335288583210e+00
2.333144903799153069e-01	1.023478512648519745e+00	4.246664606755027327e-01	3.088069137922186957e-01	2.286099564277821017e+00
2.382589262993237145e-01	9.880120322964377477e-01	4.119112204132030497e-01	3.004254531130259309e-01	2.199418753652401026e+00
2.433081454515323150e-01	9.534744536169856843e-01	3.993896961045876326e-01	2.921511410550473031e-01	2.115458090408156799e+00
2.484643684186368384e-01	9.198571094254418545e-01	3.871032960462412187e-01	2.839866632051623041e-01	2.034160592774480136e+00
2.537298628416438939e-01	8.871599233768758808e-01	3.750572213905948860e-01	2.759370608990804885e-01	1.955503578924111086e+00
2.591069444177515613e-01	8.553629219881765389e-01	3.632498773764913924e-01	2.680034659926311402e-01	1.879406676737634063e+00
2.645979779187619951e-01	8.244346001045171901e-01	3.516768029703410403e-01	2.601855583163162344e-01	1.805761819538284518e+00
2.702053782310787078e-01	7.943659569002334830e-01	3.403387940673345269e-01	2.524854340343017367e-01	1.734518758360144020e+00
2.759316114177428059e-01	7.651560503216687792e-01	3.292408317489017300e-01	2.449084262793603528e-01	1.665655639311480973e+00
2.817791958029755572e-01	7.367844788088649954e-01	3.183801503569456681e-01	2.374545051383772920e-01	1.599096395309884677e+00
2.877507030797054055e-01	7.092219235999736027e-01	3.077523521009600249e-01	2.301234427580436115e-01	1.534741591484243273e+00
2.938487594405665426e-01	6.824590889251727077e-01	2.973576974366639591e-01	2.229168768091444042e-01	1.472548759920249140e+00
3.000760467328633108e-01	6.564941970949728089e-01	2.872006791799397996e-01	2.158399072235538119e-01	1.412495603092202900e+00
3.064353036380134121e-01	6.313066144305682359e-01	2.772774397663071988e-01	2.088915928016646384e-01	1.354506864157885460e+00
3.129293268759847368e-01	6.068690611247948841e-01	2.675834315925721407e-01	2.020713242934715770e-01	1.298497159535907608e+00
3.195609724352570513e-01	5.831719986196929328e-01	2.581188234754641653e-01	1.953808318233851149e-01	1.244426511330877672e+00
3.263331568288500573e-01	5.602128624895525988e-01	2.488868065248118489e-01	1.888240870218369782e-01	1.192271842302089491e+00
3.332488583769670498e-01	5.379709803403559532e-01	2.398835863342596575e-01	1.824003344646241698e-01	1.141964503618297266e+00
3.403111185168231634e-01	5.164209860481103753e-01	2.311039291618851577e-01	1.761080392213202617e-01	1.093428965327473357e+00
3.475230431402304698e-01	4.955531631567256512e-01	2.225479534453619068e-01	1.699489776597331581e-01	1.046624850078203162e+00
3.548878039595292910e-01	4.753642269272295717e-01	2.142174314202283103e-01	1.639258869969362209e-01	1.001531814092016193e+00
3.624086399024666338e-01	4.558336560989872388e-01	2.061085685162228620e-01	1.580379710833425821e-01	9.580854742220363818e-01
3.700888585366366446e-01	4.369378930871214428e-01	1.982159483671486200e-01	1.522832864104983475e-01	9.162186245522637718e-01
3.779318375241043637e-01	4.186671195547794766e-01	1.905386520200959832e-01	1.466626681027471402e-01	8.758922492493219636e-01
3.859410261068597081e-01	4.010174129207995652e-01	1.830785519435430553e-01	1.411789403941255128e-01	8.370882082581674322e-01
3.941199466237500504e-01	3.839685873030033170e-01	1.758307725633467544e-01	1.358303075491582856e-01	7.997474850025715343e-01
4.024721960595590287e-01	3.674988060952976143e-01	1.687898496084553057e-01	1.306144846249350233e-01	7.638055350279955302e-01
4.110014476269163164e-01	3.515982342002001437e-01	1.619550072013231645e-01	1.255324552216138534e-01	7.292337247787816779e-01
4.197114523817274123e-01	3.362624071909806056e-01	1.553265397712770002e-01	1.205855212869560850e-01	6.960078521848509503e-01
4.286060408728412652e-01	3.214716505780435551e-01	1.488998614846128721e-01	1.157720597976566179e-01	6.640753885718463367e-01
4.376891248266767120e-01	3.072057760234793156e-01	1.426692240070200346e-01	1.110892450688033967e-01	6.333807354052523042e-01
4.469646988675492483e-01	2.934550229779831487e-01	1.366331948195572965e-01	1.065373503120785603e-01	6.038931398290537933e-01
4.564368422744575216e-01	2.802144916782359219e-01	1.307918405923048921e-01	1.021174775358896641e-01	5.755933289203710723e-01
4.661097207750954374e-01	2.674651838009411420e-01	1.251399405813712618e-01	9.782723962145448149e-02	5.484316635166752718e-01
4.759875883778879602e-01	2.551884980202530073e-01	1.196720780235814713e-01	9.366386808244904494e-02	5.223577890064662332e-01
4.860747892428489703e-01	2.433748427445842077e-01	1.143860415629373295e-01	8.962670743383603644e-02	4.973443944945706852e-01
4.963757595920870180e-01	2.320189962254781690e-01	1.092819137658570666e-01	8.571698718711059928e-02	4.733739204591965177e-01
5.068950296608012440e-01	2.211027865023249273e-01	1.043536836161173820e-01	8.193120391817909631e-02	4.503980179712971932e-01
5.176372256896176749e-01	2.106091460143830474e-01	9.959628618307776737e-02	7.826676359811379768e-02	4.283750935979596663e-01
5.286070719591531297e-01	2.005287460113060471e-01	9.500709799559123314e-02	7.472244404162389775e-02	4.072775813057639693e-01
5.398093928676924724e-01	1.908561590656896734e-01	9.058579903741019457e-02	7.129903620956172527e-02	3.870896925288985768e-01
5.512491150528981976e-01	1.815741717615948214e-01	8.632626562057771347e-02	6.799272448146183312e-02	3.677682381835319370e-01
5.629312695584811621e-01	1.726672015461165610e-01	8.222352992377501835e-02	6.480070507947043035e-02	3.492753972762102643e-01
5.748609940467923618e-01	1.641262723259259426e-01	7.827485051560495455e-02	6.172157716137288003e-02	3.315862329926083651e-01
5.870435350582976497e-01	1.559458659896609534e-01	7.447925383864650861e-02	5.875534886157232628e-02	3.146859185814990800e-01
5.994842503189414806e-01	1.481098387992080267e-01	7.083093186038739997e-02	5.589833730284504698e-02	2.985358904923205992e-01
6.121886110964055439e-01	1.406040456024299501e-01	6.732477953571136542e-02	5.314725264052569398e-02	2.831013075102808418e-01
6.251622046063020077e-01	1.334199450648964613e-01	6.395821912706897705e-02	5.050081882908499797e-02	2.683612031470881121e-01
6.384107364693620834e-01	1.265520381605369504e-01	6.072970170072906904e-02	4.795834502638049446e-02	2.543008824101291587e-01
6.519400332206916060e-01	1.199853382203778240e-01	5.763369312144173140e-02	4.551617492882534255e-02	2.408854838625466843e-01
6.657560448722088520e-01	1.137070880123185468e-01	5.466526559430340271e-02	4.317099871410445822e-02	2.280844801961779134e-01
6.798648475293831428e-01	1.077092523161548437e-01	5.182171500280400439e-02	4.092118711134404979e-02	2.158797643842660374e-01
6.942726460634290886e-01	1.019864519337502218e-01	4.910138929385082091e-02	3.876590690786663879e-02	2.042568728808731027e-01
7.089857768401280902e-01	9.652491904265511624e-02	4.649878230616813490e-02	3.670130647815725983e-02	1.931842882556941976e-01
7.240107105064845783e-01	9.131323063341884039e-02	4.400947206997800343e-02	3.472434410657277565e-02	1.826368096453257484e-01
7.393540548364295750e-01	8.634391549007998379e-02	4.163054858356291660e-02	3.283303233840826479e-02	1.725968042108046996e-01
7.550225576368376768e-01	8.161180287912084275e-02	3.936028942125105456e-02	3.102638387852709595e-02	1.630513696118038591e-01
7.710231097151263313e-01	7.710437908822201369e-02	3.719360009654364835e-02	2.930074724977418943e-02	1.539734042168361960e-01
7.873627479097432547e-01	7.281149558140205535e-02	3.512609898380503193e-02	2.765285821437574523e-02	1.453398002905596786e-01
8.040486581848822478e-01	6.872628786713924631e-02	3.315512607782369198e-02	2.608089315595872940e-02	1.371354833466494338e-01
8.210881787907730045e-01	6.484386769723539390e-02	3.127895655564608829e-02	2.458377163404301333e-02	1.293492333186400667e-01
8.384888034909533383e-01	6.115298438695884742e-02	2.949263762417634119e-02	2.315775154705403821e-02	1.219562609586287150e-01
8.562581848579297050e-01	5.764469714386086935e-02	2.779228098922525633e-02	2.179990026009924822e-02	1.149370931568700072e-01
8.744041376386801900e-01	5.431277470229335658e-02	2.617537975399279043e-02	2.050842902067330498e-02	1.082785265170542327e-01
8.929346421914835519e-01	5.115266924658615211e-02	2.464006902688216719e-02	1.928199748399285832e-02	1.019702638699453989e-01
9.118578479955742333e-01	4.815437687650352128e-02	2.318183936794196431e-02	1.811713103435897906e-02	9.599070028741331362e-02
9.311820772351820930e-01	4.531009065837592747e-02	2.179725912334900748e-02	1.701121582651167127e-02	9.032338289159293210e-02
9.509158284595223831e-01	4.261422278908977984e-02	2.048394729887052443e-02	1.596247487788364505e-02	8.495651471360257667e-02
9.710677803203476843e-01	4.006260710452796969e-02	1.924005770213972621e-02	1.496949259800102114e-02	7.988088283371697074e-02
9.916467953887124764e-01	3.764644736680178988e-02	1.806153797916861328e-02	1.402908543282923443e-02	7.507817039048494956e-02
1.012661924052612461e+00	3.535899003338115881e-02	1.694530077315447095e-02	1.313884291340412097e-02	7.053407699489271099e-02
1.034122408497234025e+00	3.319528549522383215e-02	1.588915126622352306e-02	1.229707358352251714e-02	6.623839590376794095e-02
1.056037686769547568e+00	3.115157405370856322e-02	1.489140113353644608e-02	1.150245634652421849e-02	6.218309508224924287e-02
1.078417396929040706e+00	2.922020821368082055e-02	1.394843448107067549e-02	1.075211383259638137e-02	5.835235402846895847e-02
1.101271381286411888e+00	2.739540199520355476e-02	1.305754045014308543e-02	1.004388820088182935e-02	5.473435060870950053e-02
1.124609690732098155e+00	2.567282474399022393e-02	1.221669388380497434e-02	9.376160135349545510e-03	5.132010759873718853e-02
1.148442589156521310e+00	2.404913272260927187e-02	1.142435116428956905e-02	8.747699990528282066e-03	4.810266972160712889e-02
1.172780557964020254e+00	2.251775221594922577e-02	1.067739339275150870e-02	8.156013703689266731e-03	4.506874913250869669e-02
1.197634300682437924e+00	2.107377531709343776e-02	9.973457839869043912e-03	7.599186266211641234e-03	4.220832234442959546e-02
1.223014747670394531e+00	1.971345921763428127e-02	9.310733736728646695e-03	7.075741593631564887e-03	3.951370097287805472e-02
1.248933060924324545e+00	1.843387208052860507e-02	8.687829776171530904e-03	6.584556929815033217e-03	3.697893393618419816e-02
1.275400638987373769e+00	1.722942708242693882e-02	8.102028132562810389e-03	6.123421118427493058e-03	3.459281360904076230e-02
1.302429121962336289e+00	1.609600322097706065e-02	7.551327862851966131e-03	5.690705404259744499e-03	3.234709204802819343e-02
1.330030396630823342e+00	1.503040506237372266e-02	7.034178411885002105e-03	5.285146477460976253e-03	3.023531225025534105e-02
1.358216601680917401e+00	1.403009726280847816e-02	6.549330937569050951e-03	4.905706909630287021e-03	2.825234038360515537e-02
1.387000133045610317e+00	1.309038528247075117e-02	6.094488274655457567e-03	4.550519350781230717e-03	2.638886107603621509e-02
1.416393649354382722e+00	1.220784428794028688e-02	5.667957250215416472e-03	4.218191637194778319e-03	2.463804111904468672e-02
1.446410077500298819e+00	1.137977904208190873e-02	5.268399292117578389e-03	3.907616235007366039e-03	2.299451313730728474e-02
1.477062618325094778e+00	1.060402642156112532e-02	4.894744209881820608e-03	3.617909088275412903e-03	2.145399318202026451e-02
1.508364752424737887e+00	9.876685881562942068e-03	4.545055149771139169e-03	3.347483626192872784e-03	2.000874240748218291e-02
1.540330246078020826e+00	9.194940480299850644e-03	4.217930622560995754e-03	3.095187277874611887e-03	1.865318436652450493e-02
1.572973157300799230e+00	8.556543935680413146e-03	3.912248141850964249e-03	2.860092281707228134e-03	1.738289043835532233e-02
1.606307842028519950e+00	7.959674737449221396e-03	3.627083587894046508e-03	2.641421488738914924e-03	1.619426187763205877e-02
1.640348960429783842e+00	7.401128021540972005e-03	3.360847710174477958e-03	2.437881367909293124e-03	1.508101347129972916e-02
1.675111483353698638e+00	6.878610713742557524e-03	3.112392293364013053e-03	2.248526659961323261e-03	1.403863557949260044e-02
1.710610698913865635e+00	6.390272642527829346e-03	2.880782259611066286e-03	2.072581052400434675e-03	1.306348349906152548e-02
1.746862219211904321e+00	5.934599368279588720e-03	2.665249577943726040e-03	1.909404737516132112e-03	1.215258618396761192e-02
1.783881987203444153e+00	5.508986475405310175e-03	2.464494031193085674e-03	1.757937299077530968e-03	1.130084217041021390e-02
1.821686283709640364e+00	5.111586462340845724e-03	2.277589114051382490e-03	1.617420152245778973e-03	1.050464062477482301e-02
1.860291734577268707e+00	4.740892937905368844e-03	2.103769905424428266e-03	1.487218753977884037e-03	9.761031023440461252e-03
1.899715317990559260e+00	4.395662222177181000e-03	1.942405732579679557e-03	1.366809977507732173e-03	9.067592622625545926e-03
1.939974371937992492e+00	4.073800646188203457e-03	1.792452810266460198e-03	1.255348796961662993e-03	8.420228112992349939e-03
1.981086601837313665e+00	3.773834792731740276e-03	1.653165959011197771e-03	1.152223952333368594e-03	7.816054422824699963e-03
2.023070088322156401e+00	3.494551964067584265e-03	1.523934974374594039e-03	1.056936406648420305e-03	7.252711810265989947e-03
2.065943295193674256e+00	3.234942965801414737e-03	1.404242791530578485e-03	9.690566666015802905e-04	6.728228428295290019e-03
2.109725077540682392e+00	2.993342479519262370e-03	1.293263353124446575e-03	8.879224429829949859e-04	6.239348366517931919e-03
2.154434690031884259e+00	2.768587157531689821e-03	1.190411361743819521e-03	8.130576276835817110e-04	5.783803973215847875e-03
2.200091795383838367e+00	2.559711436433831453e-03	1.095202253511057830e-03	7.440693485044957501e-04	5.359720906591810413e-03
2.246716473008353532e+00	2.365905795613213944e-03	1.007224320934245682e-03	6.806189507840771421e-04	4.965527785650285242e-03
2.294329227843169949e+00	2.185859285523271758e-03	9.258286192453427880e-04	6.221903291520838484e-04	4.598650593271689721e-03
2.342950999369765697e+00	2.018662362812660618e-03	8.505627924265707785e-04	5.684207948383745166e-04	4.257323461276729844e-03
2.392603170822269476e+00	1.863554425286481284e-03	7.810446980702333980e-04	5.190022917032257720e-04	3.940063072155169585e-03
2.443307578591545681e+00	1.719893301925959177e-03	7.169487796690193629e-04	4.736702729652510257e-04	3.645611011308938151e-03
2.495086521828544068e+00	1.586657363109666031e-03	6.577741459769753749e-04	4.320315748217217269e-04	3.371963962964657623e-03
2.547962772251191943e+00	1.463142288715046403e-03	6.031720124217396532e-04	3.938093798108461955e-04	3.117746616739251048e-03
2.601959584159102334e+00	1.348755114413269316e-03	5.528482511414725166e-04	3.587700539532673186e-04	2.881804756705526327e-03
2.657100704660517732e+00	1.242991840583990582e-03	5.065510797436171414e-04	3.267122070550784849e-04	2.663161071180906048e-03
2.713410384115983121e+00	1.145064064024217459e-03	4.638975321030195851e-04	2.973395710533717246e-04	2.460254450219331260e-03
2.770913386803353973e+00	1.054431444407147138e-03	4.246210103272751398e-04	2.704430236539580095e-04	2.272018591399311681e-03
2.829635001808795014e+00	9.706363181478832366e-04	3.884979472560115489e-04	2.458482862433227813e-04	2.097564552990264369e-03
2.889601054148607684e+00	8.932871620876986106e-04	3.553336565029610377e-04	2.234012468977055116e-04	1.936127320364672234e-03
2.950837916126738403e+00	8.217812946293516756e-04	3.248407886094860494e-04	2.028839101563681077e-04	1.786515246907881315e-03
3.013372518932980082e+00	7.557079033105006116e-04	2.968192151917086147e-04	1.841419373865920111e-04	1.647915919591121147e-03
3.077232364486974792e+00	6.947171468729884582e-04	2.710990501362404428e-04	1.670446778560371248e-04	1.519640487176324292e-03
3.142445537533192557e+00	6.385078455074612086e-04	2.475335853365305777e-04	1.514786804804765482e-04	1.401099278332809108e-03
3.209040717992251324e+00	5.866234838365724617e-04	2.259079833687192352e-04	1.372837236150134294e-04	1.291384294719106996e-03
3.277047193573979555e+00	5.387544357671496991e-04	2.060735012874638809e-04	1.243471073914049531e-04	1.189879548186739732e-03
3.346494872657771680e+00	4.946357495244538922e-04	1.879033768013414372e-04	1.125731252756130113e-04	1.096059344457150225e-03
3.417414297445926952e+00	4.540378998355655061e-04	1.712880393595006209e-04	1.018789451394714230e-04	1.009474857085228966e-03
3.489836657395697816e+00	4.166181193582804763e-04	1.560683320710909319e-04	9.214802352684160704e-05	9.294358930814995354e-04
3.563793802936028321e+00	3.821449912767975769e-04	1.421353890924604202e-04	8.329988991986452809e-05	8.554780607149894706e-04
3.639318259474964901e+00	3.504196308641509380e-04	1.293955654492253966e-04	7.526507252816055243e-05	7.872060658856502727e-04
3.716443241703908829e+00	3.212686702393396021e-04	1.177678999545790520e-04	6.798394344461149955e-05	7.242781071878383239e-04
3.795202668205029717e+00	2.944369152253924053e-04	1.071355173301733116e-04	6.137253964236926427e-05	6.661750505044700425e-04
3.875631176368202979e+00	2.697527853775450097e-04	9.741949545689709096e-05	5.537386493362118510e-05	6.125518142740269192e-04
3.957764137624104617e+00	2.470682524726875860e-04	8.855181715344255403e-05	4.993877404048661554e-05	5.631125929497261557e-04
4.041637673000112230e+00	2.262534681229108407e-04	8.047233112853630457e-05	4.502372823710841895e-05	5.175961203144344635e-04
4.127288669005872102e+00	2.071199709784257487e-04	7.309703813987219610e-05	4.057006042963970561e-05	4.756164332098616410e-04
4.214754793855508552e+00	1.895415165778541894e-04	6.636918606151862379e-05	3.653772902012098324e-05	4.369185508826216443e-04
4.304074514033643162e+00	1.734088186008338509e-04	6.023929737408002198e-05	3.289183168924344233e-05	4.012798588651076597e-04
4.395287111212434539e+00	1.586253985705918072e-04	5.466375418574781080e-05	2.960158545398699340e-05	3.685055059880467461e-04
4.488432699527177050e+00	1.450531523039881555e-04	4.958258657169846754e-05	2.662622651385036947e-05	3.383110727795173782e-04
4.583552243217979161e+00	1.325998678726418979e-04	4.495496210185124137e-05	2.393763015874143639e-05	3.105065821467869916e-04
4.680687574645305382e+00	1.211854817508777824e-04	4.074561755371205617e-05	2.151155532609091623e-05	2.849286409165078474e-04
4.779881412687339015e+00	1.107388489899251919e-04	3.692327031283758944e-05	1.932659935959134045e-05	2.614315112108321951e-04
4.881177381527165515e+00	1.011595134935779517e-04	3.344515431840276509e-05	1.735440875441118835e-05	2.398047518126116874e-04
4.984620029838152888e+00	9.238058668298141816e-05	3.028255347781429944e-05	1.557577024309348763e-05	2.199107173158880576e-04
5.090254850375883322e+00	8.434384242411137398e-05	2.741032779238472742e-05	1.397388703351395759e-05	2.016282094594025963e-04
5.198128299985286915e+00	7.699718875969746969e-05	2.480619804400614764e-05	1.253392537614032383e-05	1.848500859035712238e-04
5.308287820031761584e+00	7.026806875116815517e-05	2.244011485723901712e-05	1.123656033952097898e-05	1.694224512856200033e-04
5.420781857265304815e+00	6.410828012502758845e-05	2.029182342644028975e-05	1.006860970732473570e-05	1.552438929085187208e-04
5.535659885126738011e+00	5.847577158929608910e-05	1.834383495894869511e-05	9.018760590706184421e-06	1.422271660831644522e-04
5.652972425505520704e+00	5.333265528908244009e-05	1.658020672499654392e-05	8.076692668746584348e-06	1.302920030448654449e-04
5.772771070958623518e+00	4.862687653741426449e-05	1.498004643188912129e-05	7.229375931079202468e-06	1.193277020579379529e-04
5.895108507400270703e+00	4.432391357607040052e-05	1.352931328596695928e-05	6.467989360248267155e-06	1.092603925865053721e-04
6.020038537272556667e+00	4.039359619303987394e-05	1.221566865307952739e-05	5.784734646356641069e-06	1.000262007358024047e-04
6.147616103207036886e+00	3.680853887594258390e-05	1.102805942918488911e-05	5.172733505412599417e-06	9.156693787642228711e-05
6.277897312187818990e+00	3.353163449784243800e-05	9.951970431099000958e-06	4.623197959856470543e-06	8.380205884398404228e-05
6.410939460226692255e+00	3.053830278406234697e-05	8.977647228794616042e-06	4.130170571183715455e-06	7.667859315475698747e-05
6.546801057561175696e+00	2.780703231453372564e-05	8.096633577352446015e-06	3.688521237750728886e-06	7.015036293787258348e-05
6.685541854386596761e+00	2.531814335641374599e-05	7.301163658371847213e-06	3.293541365110859161e-06	6.417463088855954645e-05
6.827222867133428963e+00	2.304534513305343037e-05	6.581322723073881964e-06	2.939453348161863492e-06	5.869379288692581567e-05
6.971906405301561804e+00	2.097123138638435665e-05	5.930396236243853490e-06	2.622282151418831978e-06	5.366971626236101769e-05
7.119656098863218929e+00	1.908055466563218059e-05	5.342606205676250623e-06	2.338230534211359627e-06	4.906927731304678057e-05
7.270536926246596643e+00	1.735924846748466581e-05	4.812528232757729424e-06	2.085369186058091429e-06	4.486132538740625152e-05
7.424615242912579127e+00	1.578879384123669185e-05	4.333424465945992659e-06	1.858648771790121094e-06	4.100467939513634995e-05
7.581958810536977289e+00	1.435692752982466868e-05	3.900723147605259236e-06	1.655881313336378145e-06	3.747203930074779918e-05
7.742636826811277295e+00	1.305290201476917865e-05	3.510451657916446417e-06	1.474484469334344568e-06	3.423972720637537362e-05
7.906719955874896399e+00	1.186671290615487007e-05	3.158929717967137623e-06	1.313373979521210020e-06	3.128529721355184797e-05
8.074280359392364659e+00	1.078538780838183391e-05	2.841575237390060676e-06	1.169073652728675007e-06	2.857931746097278465e-05
8.245391728289099831e+00	9.800327980062396114e-06	2.555293861736022487e-06	1.039705121217309499e-06	2.610248392120819813e-05
8.420129315159766037e+00	8.903997759420954861e-06	2.296984618280868173e-06	9.249620354930923578e-07	2.383780682836219347e-05
8.598569967363353328e+00	8.089313476960796211e-06	2.065340288593474881e-06	8.229946315242278475e-07	2.176913857531075980e-05
8.780792160819700598e+00	7.347236908138348630e-06	1.856069240120103891e-06	7.311686133333789859e-07	1.987567200527498259e-05
8.966876034522190508e+00	6.671765176289272872e-06	1.667503539628090120e-06	6.497834970220136108e-07	1.814364629215792593e-05
9.156903425781846906e+00	6.057283335364153667e-06	1.497545392680055622e-06	5.775550112177341066e-07	1.656101312606533832e-05
9.350957906218383187e+00	5.499868967098138335e-06	1.345295231269620984e-06	5.127980745137659159e-07	1.511625677274032703e-05
9.549124818513869073e+00	4.992184489981506406e-06	1.207887505851311735e-06	4.552986213949055877e-07	1.379459671583296381e-05
9.751491313945386707e+00	4.530413799973911327e-06	1.083710788087156151e-06	4.041538383323433048e-07	1.258642338958429977e-05
9.958146390713055851e+00	4.110698034424004098e-06	9.729672795304497637e-07	3.589942435433381247e-07	1.148271255309710077e-05
1.016918093308028581e+01	3.730152489760953021e-06	8.731859077383643125e-07	3.182091997054663668e-07	1.047644838570060789e-05
1.038468775134352740e+01	3.383831456969523097e-06	7.828237406831097106e-07	2.821998379705516493e-07	9.556108736527273991e-06
1.060476162264905220e+01	3.069052113519130199e-06	7.020743975613847457e-07	2.500838595484657937e-07	8.715220722890545455e-06
1.082949933267470577e+01	2.783292869912428088e-06	6.299611385548742998e-07	2.216965987237054009e-07	7.947793019037432648e-06
1.105899971819510696e+01	2.524090100926514056e-06	5.644157268281665871e-07	1.964344287332520319e-07	7.247924210739532646e-06
1.129336371054865928e+01	2.288483965491116848e-06	5.058655222447828584e-07	1.739915444575159004e-07	6.608402579744354184e-06
1.153269438002595848e+01	2.074476630575075585e-06	4.533254174068028146e-07	1.541182592808324937e-07	6.024408019545511081e-06
1.177709698119876869e+01	1.880332471274368550e-06	4.061794462109080840e-07	1.364811483166047663e-07	5.491697399690782330e-06
1.202667899920963279e+01	1.704330915116719604e-06	3.638494351790696282e-07	1.207839756254824207e-07	5.006110558302238076e-06
1.228155019704247053e+01	1.544450297088199855e-06	3.258398680762491737e-07	1.068605926458823510e-07	4.562617502950254407e-06
1.254182266379493349e+01	1.399315555783402861e-06	2.917784388094089427e-07	9.466766703609618411e-08	4.157790610597471477e-06
1.280761086397376225e+01	1.267736234729952128e-06	2.610993462909904253e-07	8.352217187966171184e-08	3.788753007556512019e-06
1.307903168783481007e+01	1.148515578546505092e-06	2.338232703713220011e-07	7.394444252078517674e-08	3.452467110980779340e-06
1.335620450278989146e+01	1.040277236496580716e-06	2.092322973341043068e-07	6.544976544263542500e-08	3.145471219972771696e-06
1.363925120590300821e+01	9.416834733927844219e-07	1.870923950592815287e-07	5.792823015881052641e-08	2.865382933724003051e-06
1.392829627749924271e+01	8.531040953135569470e-07	1.673856044814889507e-07	5.105892148610319425e-08	2.610150901981438966e-06
1.422346683590943783e+01	7.725261600407967495e-07	1.496727131150981298e-07	4.516264221947526003e-08	2.377673253246181209e-06
1.452489269337533528e+01	6.989885886857729098e-07	1.338094521586772785e-07	3.993803208221015280e-08	2.165521080234602376e-06
1.483270641313931115e+01	6.327387667310335954e-07	1.197898712449255568e-07	3.531707405166374391e-08	1.972047216419122589e-06
1.514704336774399174e+01	5.725800594776850891e-07	1.069834650087384735e-07	3.110036864500957944e-08	1.795820931615578692e-06
1.546804179856737527e+01	5.183411853839800248e-07	9.557798127169158280e-08	2.748532489293760500e-08	1.635355228531457748e-06
1.579584287661962527e+01	4.690378010327545924e-07	8.550559506993385726e-08	2.428441118428643006e-08	1.488981060447319757e-06
1.613059076462826624e+01	4.242692810802358965e-07	7.649957282628476867e-08	2.145674365884953885e-08	1.355540705977452242e-06
1.647243268043913034e+01	3.838649182787775451e-07	6.817322266913247918e-08	1.887865717453196896e-08	1.234047545392714495e-06
1.682151896176083383e+01	3.473834108507430172e-07	6.096074449601812328e-08	1.667015578766280936e-08	1.123453188628516170e-06
1.717800313228151410e+01	3.142065476086177633e-07	5.450395250173618854e-08	1.471694530901331346e-08	1.022604892007855724e-06
1.754204196918641045e+01	2.840743279231517763e-07	4.873393591444160991e-08	1.299249997346020158e-08	9.303336860717071858e-07
1.791379557210657580e+01	2.569179367483667685e-07	4.340374294305054403e-08	1.142227782795571083e-08	8.470570657472620053e-07
1.829342743352862044e+01	2.322896634127442983e-07	3.878907441624753587e-08	1.007795007127173273e-08	7.709370647395204156e-07
1.868110451069663469e+01	2.099988986622482369e-07	3.466070265142764805e-08	8.890104731838045280e-09	7.011410048071423867e-07
1.907699729903783492e+01	1.898947252173861643e-07	3.097438507977873476e-08	7.842558409540758429e-09	6.378329791406002112e-07
1.948127990714428748e+01	1.716734899218067180e-07	2.757030730248085203e-08	6.889072617077858921e-09	5.803349160621165272e-07
1.989413013334363711e+01	1.551401177095279470e-07	2.462573252444352861e-08	6.073807455411015369e-09	5.281123751253642327e-07
2.031572954389253738e+01	1.401894908375570470e-07	2.199278199279524408e-08	5.353861367906499816e-09	4.804133933089013467e-07
2.074626355282718393e+01	1.268539562228831193e-07	1.964315723973360393e-08	4.719422194081918629e-09	4.368928111283370548e-07
2.118592150350598402e+01	1.145272500703312474e-07	1.747525129675291741e-08	4.142758253036824184e-09	3.974087216226113849e-07
2.163489675188052530e+01	1.034421896794028818e-07	1.560045786196341255e-08	3.649723215665235645e-09	3.615786353079495325e-07
2.209338675153079734e+01	9.355986904394483687e-08	1.392544882584962385e-08	3.214881504964688023e-09	3.288329933673041560e-07
2.256159314050291798e+01	8.463477944338401078e-08	1.243157699950973591e-08	2.831984742346490124e-09	2.989461372895852945e-07
2.303972182998693796e+01	7.627726914907080913e-08	1.105351770497259066e-08	2.484001612939988122e-09	2.718535064179036644e-07
2.352798309487394945e+01	6.897267631850637882e-08	9.862928753571818818e-09	2.186943586863419589e-09	2.471618634689268952e-07
2.402659166623228870e+01	6.236530809366165597e-08	8.799535310332561335e-09	1.925009837067896465e-09	2.248480237188057713e-07
2.453576682574353285e+01	5.640024850110412425e-08	7.851706801072774449e-09	1.694553002426880534e-09	2.043378876487964534e-07
2.505573250213976877e+01	5.081569146464627661e-08	6.978037142625813826e-09	1.485390044913017275e-09	1.857681386774044853e-07
2.558671736968459953e+01	4.593654921994063613e-08	6.223349226608911560e-09	1.306826611676507248e-09	1.688341394691171437e-07
2.612895494874115698e+01	4.152457788531225584e-08	5.549758208700775289e-09	1.149544692699472650e-09	1.534402222657010677e-07
2.668268370847132687e+01	3.754294213566341283e-08	4.949819043802049699e-09	1.011320140196606544e-09	1.396421630986214056e-07
2.724814717171165412e+01	3.381594164244945098e-08	4.396800324068067774e-09	8.858329459840457154e-10	1.267995909202077453e-07
2.782559402207125743e+01	3.056088968619177914e-08	3.919530256527842717e-09	7.788619361399331285e-10	1.151933791749002363e-07
2.841527821329990999e+01	2.761840765498443614e-08	3.493747212002608437e-09	6.846992762311328169e-10	1.047933209568927236e-07
2.901745908097360527e+01	2.496383587357503708e-08	3.114599618597891164e-09	6.019511587863417582e-10	9.534953825288328299e-08
2.963240145654703639e+01	2.247938701887596373e-08	2.765361654343980926e-09	5.269273263749718065e-10	8.644266832408097499e-08
3.026037578382308624e+01	2.031028629005816733e-08	2.464120137800708906e-09	4.630201243260716650e-10	7.862198263757692125e-08
3.090165823789054755e+01	1.835003526362564763e-08	2.195415181647499646e-09	4.067641693296482460e-10	7.150810685607957166e-08
3.155653084658241525e+01	1.658215527111318283e-08	1.956328860417897740e-09	3.573896335142420902e-10	6.505027516953447336e-08
3.222528161450811979e+01	1.492776059430006997e-08	1.736234437598854368e-09	3.126714327970274145e-10	5.896089329337826874e-08
3.290820464971425707e+01	1.348382797865259253e-08	1.546364021456642045e-09	2.745569714958661063e-10	5.361408982550585448e-08
3.360560029302952501e+01	1.217926855918848253e-08	1.377143062114171743e-09	2.410529709278808623e-10	4.875224245590459463e-08
3.431777525015100849e+01	1.100308925301907903e-08	1.226699988690723916e-09	2.116871050806568797e-10	4.434026409767787751e-08
3.504504272652905428e+01	9.902505086404138972e-09	1.088142383638672990e-09	1.850627202484369229e-10	4.017830343186247271e-08
3.578772256511129513e+01	8.942229598522933690e-09	9.687165855499540576e-10	1.624030618204599307e-10	3.652571863860347224e-08
3.654614138700539883e+01	8.074855724907888736e-09	8.623710457552093780e-10	1.425135280214812619e-10	3.320548123631992549e-08
3.732063273512289925e+01	7.293061520156968057e-09	7.678002475714620894e-10	1.250660548381361780e-10	3.019257941216461010e-08
3.811153722086707774e+01	6.561555470605732490e-09	6.807505871579147351e-10	1.092643659820539993e-10	2.735032815157132018e-08
3.891920267392951160e+01	5.923494885641093440e-09	6.057856563917259153e-10	9.583486462216014647e-11	2.485712536096041601e-08
3.974398429526115706e+01	5.347293149993049015e-09	5.390240152488261270e-10	8.404198032463899372e-11	2.259039169462204545e-08
4.058624481328516254e+01	4.828080733566360967e-09	4.796832885540470505e-10	7.370416813325939467e-11	2.053410226156814811e-08
4.144635464342010778e+01	4.342279348998097978e-09	4.250940346563248719e-10	6.435216535851406722e-11	1.859434226270562492e-08
4.232469205098434628e+01	3.918654550707169228e-09	3.781004093226366170e-10	5.640762564512580588e-11	1.689332195228843522e-08
4.322164331755172384e+01	3.536177509810858077e-09	3.362523728499312861e-10	4.943090752883262872e-11	1.534671487709611842e-08
4.413760291083362119e+01	3.191614199102427970e-09	2.990809946481572291e-10	4.332166608206692556e-11	1.394416428402534582e-08
4.507297365816076251e+01	2.869222303940853929e-09	2.649009225461715258e-10	3.779966233454705311e-11	1.262103569939529370e-08
4.602816692364147144e+01	2.588165353716441360e-09	2.354879829310476828e-10	3.311111674367570916e-11	1.146105190535383638e-08
4.700360278907441369e+01	2.334453564448248609e-09	2.093014021857492601e-10	2.899473773193827021e-11	1.040641094811936863e-08
4.799971023869517950e+01	2.105941870695661506e-09	1.860540031419175783e-10	2.539333582142177634e-11	9.450209423608038254e-09
4.901692734783804895e+01	1.892125880498180701e-09	1.646846777385804171e-10	2.214030610892814442e-11	8.548120890046957887e-09
5.005570147559598126e+01	1.705766600531603902e-09	1.462963589318166911e-10	1.937783792062881269e-11	7.757253099241808756e-09
5.111648946156338980e+01	1.537563183058946903e-09	1.299339666124068234e-10	1.695473116224967513e-11	7.038353140997067098e-09
5.219975782674825382e+01	1.386094504573652321e-09	1.154151403522063442e-10	1.483637486195106681e-11	6.386691221815115560e-09
5.330598297874255564e+01	1.244354855549213357e-09	1.020720969446327480e-10	1.292387551695684903e-11	5.771795478729113906e-09
5.443565142123959077e+01	1.120838366437718574e-09	9.059381542938285725e-11	1.130042316383649025e-11	5.232793476958338884e-09
5.558925996799251124e+01	1.009365100258382778e-09	8.038354971235678765e-11	9.877212468624914062e-12	4.742842723497585000e-09
5.676731596130657209e+01	9.089944594727846453e-10	7.132666775618926722e-11	8.633639650945579880e-12	4.298757320713919946e-09
5.797033749516177181e+01	8.150560707913240332e-10	6.300489646156877016e-11	7.511477506382976344e-12	3.879650245045309742e-09
5.919885364306400533e+01	7.332017234804162163e-10	5.585055254755286735e-11	6.559985995080531032e-12	3.512347195194599398e-09
6.045340469072480261e+01	6.593270988216123990e-10	4.948670148352599453e-11	5.725880822280585075e-12	3.178406536837434864e-09
6.173454237367209174e+01	5.928099797925046974e-10	4.384282999780676867e-11	4.997325249935087483e-12	2.875690007577576209e-09
6.304283011989645757e+01	5.305377107610383658e-10	3.865693645692513614e-11	4.340029789458821362e-12	2.589909165565320983e-09
6.437884329763940627e+01	4.762692660104785462e-10	3.420062890271641591e-11	3.783252642066053509e-12	2.339433875999658989e-09
6.574316946843353549e+01	4.272795761880380679e-10	3.023711191079083653e-11	3.295363143831643497e-12	2.111642772909456527e-09
6.713640864550379206e+01	3.831567765470562066e-10	2.672180403078062832e-11	2.869255960906578647e-12	1.905064308132875104e-09
6.855917355764610477e+01	3.418262904928811655e-10	2.349023382283891265e-11	2.484669958511893405e-12	1.709905229037073870e-09
7.001208991869765441e+01	3.057865628945069145e-10	2.071373288756522820e-11	2.159159303336123475e-12	1.538738955561395695e-09
7.149579670271769771e+01	2.732278465648738404e-10	1.824510178207110388e-11	1.874297208868482238e-12	1.383002472751711353e-09
7.301094642500031284e+01	2.438762681976971807e-10	1.605382568772680178e-11	1.625313792897099076e-12	1.241587038826152230e-09
7.455820542904223203e+01	2.163476632232167914e-10	1.403751401129901445e-11	1.400432234934816592e-12	1.107805691234475407e-09
7.613825417959219521e+01	1.922999136543280331e-10	1.230229416001056891e-11	1.209794186577493518e-12	9.902003446865113064e-10
7.775178756191070306e+01	1.705285461006067263e-10	1.075800766372925338e-11	1.042972801819362299e-12	8.829970371122965567e-10
7.939951518737163383e+01	1.508476006939340285e-10	9.386574815511747656e-12	8.973873355375478775e-13	7.853883391390107190e-10
8.108216170554010205e+01	1.323284638306787285e-10	8.120514405775502481e-12	7.654560121802619495e-13	6.927235856769960542e-10
8.280046712286477373e+01	1.160637742279217517e-10	7.026086182911239204e-12	6.531948816896089909e-13	6.107694267683978683e-10
8.455518712812224180e+01	1.012419611505436196e-10	6.046611486300256382e-12	5.544821337244460725e-13	5.355306948108029125e-10
8.634709342475994731e+01	8.772211509804171919e-11	5.169799913636478705e-12	4.677176008420324811e-13	4.663544876994538538e-10
8.817697407028136070e+01	7.485906549179069190e-11	4.353995409227779725e-12	3.887035097337501663e-13	3.999897887803886987e-10
9.004563382282356088e+01	6.333716803604149165e-11	3.637240711558016944e-12	3.205753525934980121e-13	3.400829167718458291e-10
9.195389449507966617e+01	5.254904956653462744e-11	2.979663835178921550e-12	2.592877326036944028e-13	2.835062898959230521e-10
9.390259531572145590e+01	4.227504906021814105e-11	2.367174922776103835e-12	2.034095279718867117e-13	2.291279871193336982e-10
9.589259329848152902e+01	3.181627078199534016e-11	1.759578030722700971e-12	1.493375883027297045e-13	1.732208212410409729e-10
9.792476361905691817e+01	2.086384100497403115e-11	1.140003772859109503e-12	9.559785888799031364e-14	1.140844404661977389e-10
