# Data associated with arXiv:2110.09653
# 
# Scale-free velocity distribution, f(E), of a einasto0-17 dark matter distribution (see Eq. 13 and the surrounding discussion)
# 
# Published: 3/29/22, Jack Runburg, contact: runburg@hawaii.edu
# 
# 
# -----------------------------------------------------------------
# 
# 	 tilde E 		 | 		 tilde f
# 
# -----------------------------------------------------------------
5.082169369670902160e-07	6.189534590534620361e+11
5.234040575505257168e-07	5.955807263772644043e+11
5.390388434587835637e-07	5.721329295942550049e+11
5.551342860597148218e-07	5.487284254453810425e+11
5.717037470335378500e-07	5.257386585742114868e+11
5.887609687107370380e-07	5.027811410638354492e+11
6.063200846915983045e-07	4.804731385835590820e+11
6.243956307547638841e-07	4.591575670961450806e+11
6.430025560625079425e-07	4.387901657154350586e+11
6.621562346705175729e-07	4.193286521102200317e+11
6.818724773502261961e-07	4.007326338688470459e+11
7.021675437319654549e-07	3.829635238359106445e+11
7.230581547773188977e-07	3.659844592684351196e+11
7.445615055894141742e-07	3.497602245776969604e+11
7.666952785699530384e-07	3.342571775910894775e+11
7.894776569321617369e-07	3.194431791004320068e+11
8.129273385789345713e-07	3.052875255359205322e+11
8.370635503557603156e-07	2.917608847325979614e+11
8.619060626882789903e-07	2.788352345194267578e+11
8.874752046144494755e-07	2.664838040850815125e+11
9.137918792217358801e-07	2.546810179756239929e+11
9.408775794997835825e-07	2.434024425995722046e+11
9.687544046195172806e-07	2.326247351304229126e+11
9.974450766496937590e-07	2.223255947013751526e+11
1.026972957722320604e-06	2.124837158070615234e+11
1.057362067658652575e-06	2.030787437392942200e+11
1.088637102067637442e-06	1.940912321008152771e+11
1.120823450929182936e-06	1.855026021546332703e+11
1.153947217674695567e-06	1.772951040251368408e+11
1.188035238777891157e-06	1.694517796489758606e+11
1.223115103868946359e-06	1.619564273516418762e+11
1.259215176385651500e-06	1.547935680450318909e+11
1.296364614775318854e-06	1.479484129173610840e+11
1.334593394261689841e-06	1.414068325936961975e+11
1.373932329191454380e-06	1.351553276447770386e+11
1.414413095975171167e-06	1.291810004461348267e+11
1.456068256638030070e-06	1.234715282864942627e+11
1.498931282995954820e-06	1.180151376772428741e+11
1.543036581473254583e-06	1.128005798179073181e+11
1.588419518578127492e-06	1.078171071581391602e+11
1.635116447052920788e-06	1.030544510095157471e+11
1.683164732716455412e-06	9.850280015529446411e+10
1.732602782015952671e-06	9.415278042521235657e+10
1.783470070306858236e-06	8.999543517729673767e+10
1.835807170878920803e-06	8.602220666075424194e+10
1.889655784747723417e-06	8.222491820382789612e+10
1.945058771230979813e-06	7.859575885351498413e+10
2.002060179329599085e-06	7.512726045909490967e+10
2.060705279934010322e-06	7.181229075336453247e+10
2.121040598876501850e-06	6.864403780411917877e+10
2.183113950851212526e-06	6.561598832519029999e+10
2.246974474223498312e-06	6.272192169853519440e+10
2.312672666751364869e-06	5.995588887432138062e+10
2.380260422241815733e-06	5.731221442045594025e+10
2.449791068165733039e-06	5.478546666472060394e+10
2.521319404255540082e-06	5.237046039394110870e+10
2.594901742110130054e-06	5.006223982572432709e+10
2.670595945832651499e-06	4.785606953606223297e+10
2.748461473726775370e-06	4.574742371379566193e+10
2.828559421078257780e-06	4.373198154137018585e+10
2.910952564048736198e-06	4.180560866490503693e+10
2.995705404709668430e-06	3.996435818849849701e+10
3.082884217244980542e-06	3.820445772806401825e+10
3.172557095351338915e-06	3.652230253947668457e+10
3.264794000866196967e-06	3.491444806931378174e+10
3.359666813653833620e-06	3.337760266941894531e+10
3.457249382780989682e-06	3.190862111590434647e+10
3.557617579013846833e-06	3.050449774657447815e+10
3.660849348669202647e-06	2.916236042796438217e+10
3.767024768853529852e-06	2.787946456310693359e+10
3.876226104123911686e-06	2.665318741470339966e+10
3.988537864606392727e-06	2.548102269246154404e+10
4.104046865607267642e-06	2.436057535091769791e+10
4.222842288754529030e-06	2.328955664387156677e+10
4.345015744706781496e-06	2.226577945939216614e+10
4.470661337468273765e-06	2.128715359384163284e+10
4.599875730349653131e-06	2.035168174134891129e+10
4.732758213614395096e-06	1.945745511927666473e+10
4.869410773852647429e-06	1.860264962881430435e+10
5.009938165124257557e-06	1.778552207458189774e+10
5.154447981914658817e-06	1.700440656675707626e+10
5.303050733947431764e-06	1.625771108299285316e+10
5.455859922898925389e-06	1.554391419003264999e+10
5.612992121061382772e-06	1.486156188590960884e+10
5.774567052001462897e-06	1.420926463091369057e+10
5.940707673263126469e-06	1.358569446224888992e+10
6.111540261163818811e-06	1.298958226190441704e+10
6.287194497735187719e-06	1.241971514833398438e+10
6.467803559859669017e-06	1.187493397158436394e+10
6.653504210656104667e-06	1.135413092532654190e+10
6.844436893168817010e-06	1.085624727154246330e+10
7.040745826415009078e-06	1.038027116231529808e+10
7.242579103847853744e-06	9.925235541205354691e+09
7.450088794292502337e-06	9.490216184522367477e+09
7.663431045414989431e-06	9.074329770680797577e+09
7.882766189784046098e-06	8.676732078679368973e+09
8.108258853588006535e-06	8.296616250958794594e+09
8.340078068070437195e-06	7.933211134910960197e+09
8.578397383748555450e-06	7.585779695184775352e+09
8.823394987481546499e-06	7.253617502098517418e+09
9.075253822455523042e-06	6.936051290439421654e+09
9.334161711155233238e-06	6.632437568095597267e+09
9.600311481392542856e-06	6.342161298100923538e+09
9.873901095464223052e-06	6.064634641695965767e+09
1.015513378251332517e-05	5.799295746550028801e+09
1.044421817416885767e-05	5.545607598009748459e+09
1.074136844354193778e-05	5.303056913945585251e+09
1.104680444765631796e-05	5.071153099449032784e+09
1.136075187339488840e-05	4.849427233895888329e+09
1.168344238704374369e-05	4.637431115407491684e+09
1.201511378751831862e-05	4.434736341818066597e+09
1.235601016335803793e-05	4.240933432384245872e+09
1.270638205357637545e-05	4.055630989249031544e+09
1.306648661245739726e-05	3.878454898922191143e+09
1.343658777838925203e-05	3.709047565042424679e+09
1.381695644682959656e-05	3.547067176825161457e+09
1.420787064749773762e-05	3.392187010200250626e+09
1.460961572589165976e-05	3.244094760934907913e+09
1.502248452923039026e-05	3.102491905991418362e+09
1.544677759692261338e-05	2.967093092222029686e+09
1.588280335566724872e-05	2.837625556636882305e+09
1.633087831929089527e-05	2.713828563290709019e+09
1.679132729343249446e-05	2.595452880176132202e+09
1.726448358518498745e-05	2.482260262771120071e+09
1.775068921780782326e-05	2.374022970477170944e+09
1.825029515062681875e-05	2.270523302749821186e+09
1.876366150423811169e-05	2.171553154927198887e+09
1.929115779113881678e-05	2.076913593557967424e+09
1.983316315190572721e-05	1.986414451367773533e+09
2.039006659704985518e-05	1.899873939142455101e+09
2.096226725467374106e-05	1.817118275731398106e+09
2.155017462406331254e-05	1.737981335396588564e+09
2.215420883534892460e-05	1.662304307517594814e+09
2.277480091537053633e-05	1.589935373861235857e+09
2.341239305988872306e-05	1.520729402137673378e+09
2.406743891228155870e-05	1.454547648069818974e+09
2.474040384887519922e-05	1.391257472897150517e+09
2.543176527105387732e-05	1.330732076596052408e+09
2.614201290430327843e-05	1.272850237628032684e+09
2.687164910433936096e-05	1.217496068020945311e+09
2.762118917048190692e-05	1.164558777028879642e+09
2.839116166643306150e-05	1.113932447186282158e+09
2.918210874862411214e-05	1.065515818792360067e+09
2.999458650229983896e-05	1.019212083993124366e+09
3.082916528550874209e-05	9.749286912115556002e+08
3.168643008117537959e-05	9.325771572026695013e+08
3.256698085743134092e-05	8.920728868329182863e+08
3.347143293638645315e-05	8.533350030387413502e+08
3.440041737152532366e-05	8.162861817754230499e+08
3.535458133391661354e-05	7.808524958298556805e+08
3.633458850742947633e-05	7.469632654323853254e+08
3.734111949315054328e-05	7.145509142724821568e+08
3.837487222320353663e-05	6.835508336388161182e+08
3.943656238417433149e-05	6.539012517339053154e+08
4.052692385034943644e-05	6.255431073031994104e+08
4.164670912698026107e-05	5.984199318997678757e+08
4.279668980378800502e-05	5.724777349625167847e+08
4.397765701893161308e-05	5.476648949431082010e+08
4.519042193366056969e-05	5.239320547047728896e+08
4.643581621788355618e-05	5.012320221242258549e+08
4.771469254688517968e-05	4.795196747128405571e+08
4.902792510942851885e-05	4.587518685658997893e+08
5.037641012748652404e-05	4.388873512581033707e+08
5.176106638784713201e-05	4.198866786647865176e+08
5.318283578584720130e-05	4.017121354303913713e+08
5.464268388148695900e-05	3.843276591378309727e+08
5.614160046819104241e-05	3.676987670193378925e+08
5.768060015447763170e-05	3.517924872224896550e+08
5.926072295881023406e-05	3.365772919975838065e+08
6.088303491790662597e-05	3.220230342865268588e+08
6.254862870878533489e-05	3.081008871273626685e+08
6.425862428483951512e-05	2.947832855014218092e+08
6.601416952622466403e-05	2.820438710893305540e+08
6.781644090486361976e-05	2.698574390486084819e+08
6.966664416436534253e-05	2.581998874604143500e+08
7.156601501517005507e-05	2.470481691259816587e+08
7.351581984523284340e-05	2.363802446899531186e+08
7.551735644656348389e-05	2.261750389960311353e+08
7.757195475795216201e-05	2.164123982859000266e+08
7.968097762420592312e-05	2.070730502149538100e+08
8.184582157223979149e-05	1.981385648026800454e+08
8.406791760435879568e-05	1.895913175985021889e+08
8.634873200908535300e-05	1.814144544995581508e+08
8.868976718988432471e-05	1.735918576338596344e+08
9.109256251214806861e-05	1.661081134331794679e+08
9.355869516881060578e-05	1.589484814876279533e+08
9.608978106496164433e-05	1.520988651724699140e+08
9.868747572184754743e-05	1.455457833809181750e+08
1.013534752006394618e-04	1.392763435906685591e+08
1.040895170463687993e-04	1.332782159852523357e+08
1.068973812524276620e-04	1.275396088771726042e+08
1.097788912460431038e-04	1.220492451785760075e+08
1.127359148951409399e-04	1.167963396507349163e+08
1.157703655370174414e-04	1.117705776800958067e+08
1.188842030292543877e-04	1.069620944154726714e+08
1.220794348233057605e-04	1.023614551802136451e+08
1.253581170612060806e-04	9.795963663182601333e+07
1.287223556958476997e-04	9.374800880682551861e+07
1.321743076352862082e-04	8.971831778710421920e+07
1.357161819115415482e-04	8.586266937888358533e+07
1.393502408743634501e-04	8.217351329612620175e+07
1.430788014104510911e-04	7.864362820257845521e+07
1.469042361886057030e-04	7.526610715736594796e+07
1.508289749313218033e-04	7.203434413450989127e+07
1.548555057133171094e-04	6.894202059490838647e+07
1.589863762875162408e-04	6.598309310861934721e+07
1.632241954390097646e-04	6.315178124858680367e+07
1.675716343675135280e-04	6.044255613226179034e+07
1.720314280988764777e-04	5.785012939415117353e+07
1.766063769261693903e-04	5.536944274880582839e+07
1.812993478809216607e-04	5.299565787843443453e+07
1.861132762350611771e-04	5.072414685307955742e+07
1.910511670341335383e-04	4.855048296200722456e+07
1.961160966623810115e-04	4.647043188564171642e+07
2.013112144402654554e-04	4.447994335668547451e+07
2.066397442550449882e-04	4.257514308056896180e+07
2.121049862249974342e-04	4.075232509319291264e+07
2.177103183979194403e-04	3.900794440117909759e+07
2.234591984845186053e-04	3.733860995978096128e+07
2.293551656273382761e-04	3.574107797028563172e+07
2.354018422058573189e-04	3.421224544998838007e+07
2.416029356784136237e-04	3.274914411310619488e+07
2.479622404616272898e-04	3.134893446583671495e+07
2.544836398479772372e-04	3.000890024529183283e+07
2.611711079622296345e-04	2.872644298915323988e+07
2.680287117573998878e-04	2.749907696316380426e+07
2.750606130509516229e-04	2.632442420880083367e+07
2.822710706019476907e-04	2.520020987534291297e+07
2.896644422298612614e-04	2.412425772085836157e+07
2.972451869757985229e-04	2.309448581751004606e+07
3.050178673068493153e-04	2.210890245837894827e+07
3.129871513643338581e-04	2.116560222475089133e+07
3.211578152566980080e-04	2.026276222853590921e+07
3.295347453978282929e-04	1.939863849659692124e+07
3.381229408915700048e-04	1.857156262935361639e+07
3.469275159632291940e-04	1.777993841128905118e+07
3.559537024388796309e-04	1.702223871567463875e+07
3.652068522732559563e-04	1.629700252164330706e+07
3.746924401270866688e-04	1.560283199463363737e+07
3.844160659946703408e-04	1.493838978438986465e+07
3.943834578825537534e-04	1.430239637159196101e+07
4.046004745401610950e-04	1.369362756505838409e+07
4.150731082432244034e-04	1.311091210279496573e+07
4.258074876309135104e-04	1.255312934330177866e+07
4.368098805975122526e-04	1.201920707413146831e+07
4.480866972395758548e-04	1.150811941112397797e+07
4.596444928594330538e-04	1.101888478575244918e+07
4.714899710259759470e-04	1.055056402400220186e+07
4.836299866936526323e-04	1.010225850315404497e+07
4.960715493805828566e-04	9.673108398137973621e+06
5.088218264067761402e-04	9.262290998613871634e+06
5.218881461933614274e-04	8.869019097723778337e+06
5.352780016238424792e-04	8.492539448240278289e+06
5.489990534683108266e-04	8.132131304692791775e+06
5.630591338716331570e-04	7.787105001573972404e+06
5.774662499065948791e-04	7.456800614375874400e+06
5.922285871930069818e-04	7.140586665650677867e+06
6.073545135837998907e-04	6.837858897951611318e+06
6.228525829191107867e-04	6.548039097837464884e+06
6.387315388494348200e-04	6.270573957987878472e+06
6.550003187288453831e-04	6.004934009331574664e+06
6.716680575793681877e-04	5.750612584092583507e+06
6.887440921275640726e-04	5.507124832477809861e+06
7.062379649143931456e-04	5.274006774278362282e+06
7.241594284794511827e-04	5.050814403086944483e+06
7.425184496206539220e-04	4.837122815058886074e+06
7.613252137305088563e-04	4.632525392993330024e+06
7.805901292100355261e-04	4.436633002597435378e+06
8.003238319614997204e-04	4.249073248506562784e+06
8.205371899610651963e-04	4.069489745663516223e+06
8.412413079125087003e-04	3.897541428941927385e+06
8.624475319831506918e-04	3.732901891921586357e+06
8.841674546231302048e-04	3.575258752874365542e+06
9.064129194692382638e-04	3.424313048979232088e+06
9.291960263344160647e-04	3.279778659957794938e+06
9.525291362841476232e-04	3.141381749910004437e+06
9.764248768009092631e-04	3.008860240268052556e+06
1.000896147037871713e-03	2.881963301383513492e+06
1.025956123163056536e-03	2.760450866889387369e+06
1.051618263795161970e-03	2.644093171885464340e+06
1.077896315532245576e-03	2.532670304405301809e+06
1.104804318574522260e-03	2.425971787471568678e+06
1.132356612442466260e-03	2.323796164767632727e+06
1.160567841791478472e-03	2.225950618122852873e+06
1.189452962324327127e-03	2.132250590405469295e+06
1.219027246802630981e-03	2.042519436332542682e+06
1.249306291158619941e-03	1.956588074953112286e+06
1.280306020708407580e-03	1.874294667431889335e+06
1.312042696468065754e-03	1.795484304995191516e+06
1.344532921573729283e-03	1.720008710434976500e+06
1.377793647807012446e-03	1.647725953779626405e+06
1.411842182226984762e-03	1.578500176495217951e+06
1.446696193909989981e-03	1.512201333996969275e+06
1.482373720798568556e-03	1.448704943061293336e+06
1.518893176660762300e-03	1.387891843824721174e+06
1.556273358161055012e-03	1.329647970488567138e+06
1.594533452044248362e-03	1.273864133906489005e+06
1.633693042433529861e-03	1.220435809735448100e+06
1.673772118244009656e-03	1.169262938696485944e+06
1.714791080712995981e-03	1.120249737362357555e+06
1.756770751048282973e-03	1.073304511406827252e+06
1.799732378195731527e-03	1.028339481106031453e+06
1.843697646727373522e-03	9.852706142273237929e+05
1.888688684851351106e-03	9.440174640433909371e+05
1.934728072544917698e-03	9.045030162127994699e+05
1.981838849811765318e-03	8.666535415247532073e+05
2.030044525064934619e-03	8.303984546865271404e+05
2.079369083636542319e-03	7.956701798077599378e+05
2.129836996415589764e-03	7.624040217513294192e+05
2.181473228615031599e-03	7.305380416538352147e+05
2.234303248669404929e-03	7.000129410723343026e+05
2.288353037264168229e-03	6.707719446184370900e+05
2.343649096497994223e-03	6.427606973666172707e+05
2.400218459179205913e-03	6.159271570933536859e+05
2.458088698257531422e-03	5.902214969011557987e+05
2.517287936392387238e-03	5.655960110875378596e+05
2.577844855658785721e-03	5.420050221398493741e+05
2.639788707392109416e-03	5.194047962201740011e+05
2.703149322172795996e-03	4.977534590380967129e+05
2.767957119952135607e-03	4.770109166930263164e+05
2.834243120320207969e-03	4.571387791278758086e+05
2.902038952917126297e-03	4.381002876272167196e+05
2.971376867988608471e-03	4.198602453096807003e+05
3.042289747086915439e-03	4.023849498660572572e+05
3.114811113918250149e-03	3.856421301571372896e+05
3.188975145337574150e-03	3.696008850217955187e+05
3.264816682491854076e-03	3.542316248129536980e+05
3.342371242112708585e-03	3.395060152386810514e+05
3.421675027959378626e-03	3.253969240137371817e+05
3.502764942412966466e-03	3.118783695287882001e+05
3.585678598222835113e-03	2.989254717405956471e+05
3.670454330405979997e-03	2.865144052568026236e+05
3.757131208300292739e-03	2.746223542785964091e+05
3.845749047772469009e-03	2.632274697208264261e+05
3.936348423581339379e-03	2.523088278423966549e+05
4.028970681897386420e-03	2.418463910867757804e+05
4.123657952979146307e-03	2.318209700115825108e+05
4.220453164007187917e-03	2.222141874736337049e+05
4.319400052076250579e-03	2.130084439101356838e+05
4.420543177346233921e-03	2.041868842517659359e+05
4.523927936352525533e-03	1.957333663623463071e+05
4.629600575476231980e-03	1.876324304405345174e+05
4.737608204574767640e-03	1.798692690598170739e+05
4.847998811185773131e-03	1.724297024166662595e+05
4.960821272891605821e-03	1.653001510664588423e+05
5.076125373731451944e-03	1.584676058177967789e+05
5.193961816996837781e-03	1.519196072071188537e+05
5.314382240028007326e-03	1.456442233800896502e+05
5.437439228814329104e-03	1.396300255084431847e+05
5.563186332757165051e-03	1.338660663666975161e+05
5.691678079595271708e-03	1.283418614824627584e+05
5.822969990492805718e-03	1.230473677882249322e+05
5.957118595289833882e-03	1.179729659564970643e+05
6.094181447915378996e-03	1.131094419963939145e+05
6.234217141962801120e-03	1.084479701895069011e+05
6.377285326427293080e-03	1.039800966529455618e+05
6.523446721605283792e-03	9.969772347504581558e+04
6.672763135155360820e-03	9.559309376464720117e+04
6.825297478320394712e-03	9.165877709358431457e+04
6.981113782310246693e-03	8.788765574704224127e+04
7.140277214844703221e-03	8.427291143055309658e+04
7.302854096855905357e-03	8.080801265318517108e+04
7.468911919349611149e-03	7.748670250787373516e+04
7.638519360424531231e-03	7.430298713774270436e+04
7.811746302448902349e-03	7.125112455848876562e+04
7.988663849393350808e-03	6.832561405247794755e+04
8.169344344319097798e-03	6.552118590047074395e+04
8.353861387020263679e-03	6.283279167001189489e+04
8.542289851819309318e-03	6.025559487667709618e+04
8.734705905514183327e-03	5.778496195470391831e+04
8.931187025475836871e-03	5.541645380395612301e+04
9.131812017894742547e-03	5.314581748536386294e+04
9.336661036174736389e-03	5.096897839126673352e+04
9.545815599472717156e-03	4.888203273539055954e+04
9.759358611382195833e-03	4.688124030792644044e+04
9.977374378759151438e-03	4.496301763053169998e+04
1.019994863068802993e-02	4.312393129253497318e+04
1.042716853758591383e-02	4.136069166923757439e+04
1.065912273044267861e-02	3.967014684380991821e+04
1.089590132019488400e-02	3.804927674906299944e+04
1.113759591723104819e-02	3.649518784966564999e+04
1.138429965102564709e-02	3.500510737633284589e+04
1.163610718989944656e-02	3.357637858426544699e+04
1.189311476130527900e-02	3.220645586784094121e+04
1.215542017028379412e-02	3.089290011383180899e+04
1.242312282182791300e-02	2.963337385641853325e+04
1.269632373967393389e-02	2.842563727533653582e+04
1.297512558699956582e-02	2.726754419858026813e+04
1.325963268687984850e-02	2.615703799712367982e+04
1.354995104284761887e-02	2.509214782418330287e+04
1.384618835955483962e-02	2.407098510618406362e+04
1.414845406353099425e-02	2.309173999203889616e+04
1.445685932403467655e-02	2.215267810260768601e+04
1.477151707399436062e-02	2.125213733989189859e+04
1.509254203103410456e-02	2.038852488446578718e+04
1.542005071858000217e-02	1.956031419850643579e+04
1.575416148704261721e-02	1.876604241696539248e+04
1.609499453507112418e-02	1.800430749573764479e+04
1.644267193087418227e-02	1.727376577246766465e+04
1.679731763360263128e-02	1.657312948103042072e+04
1.715905751478890434e-02	1.590116442170285882e+04
1.752801937983805916e-02	1.525668770509425303e+04
1.790433298956487645e-02	1.463856562627806670e+04
1.828813008177140875e-02	1.404571158384248884e+04
1.867954439285953241e-02	1.347708411462732693e+04
1.907871167947226138e-02	1.293168501389603989e+04
1.948576974015807026e-02	1.240855751969825178e+04
1.990085843705176327e-02	1.190678457083790090e+04
2.032411971756557106e-02	1.142548717523856430e+04
2.075569763608408821e-02	1.096382277866962431e+04
2.119573837565577948e-02	1.052098378684640920e+04
2.164439026967483054e-02	1.009619606700178883e+04
2.210180382354564460e-02	9.688717579408019446e+03
2.256813173632307018e-02	9.297837007411138984e+03
2.304352892232063368e-02	8.922872532300974854e+03
2.352815253267932782e-02	8.563170514932240621e+03
2.402216197688911495e-02	8.218104402059985659e+03
2.452571894425475268e-02	7.887073556879349781e+03
2.503898742529838545e-02	7.569502185772468692e+03
2.556213373308986042e-02	7.264838306376615947e+03
2.609532652449661483e-02	6.972552753016550923e+03
2.663873682134412779e-02	6.692138228554878879e+03
2.719253803147793705e-02	6.423108389866139078e+03
2.775690596971842894e-02	6.164996975642491634e+03
2.833201887911357408e-02	5.917356981607272246e+03
2.891805745004947040e-02	5.679759863930847132e+03
2.951520484314420351e-02	5.451794734866810359e+03
3.012364670818128837e-02	5.233067660349928701e+03
3.074357120474428828e-02	5.023200959000883813e+03
3.137516902232274918e-02	4.821832503485471534e+03
3.201863340024069943e-02	4.628615099827993618e+03
3.267416014739735891e-02	4.443215853991775475e+03
3.334194766180858388e-02	4.265315573190789110e+03
3.402219694993845883e-02	4.094608206965162026e+03
3.471511164580929482e-02	3.930800301492467042e+03
3.542089802987856417e-02	3.773610472851403756e+03
3.613976504767105191e-02	3.622768909193082436e+03
3.687192432815420556e-02	3.478016890525099825e+03
3.761759020184463759e-02	3.339106330615551087e+03
3.837697971863306828e-02	3.205799333349446897e+03
3.915031266531564941e-02	3.077867774803128668e+03
3.993781158281852622e-02	2.955092895564495848e+03
4.073970178310272472e-02	2.837264914441019300e+03
4.155621136573636742e-02	2.724182660286910505e+03
4.238757123412061067e-02	2.615653208005581746e+03
4.323401511135620962e-02	2.511491545642934398e+03
4.409577955573597968e-02	2.411520243798547654e+03
4.497310397585051883e-02	2.315569141904034950e+03
4.586623064529207761e-02	2.223475050546337116e+03
4.677540471694254659e-02	2.135081463328711379e+03
4.770087423683112837e-02	2.050238270552797076e+03
4.864289015754691414e-02	1.968801518412589758e+03
4.960170635119155041e-02	1.890633132346571756e+03
5.057757962185666090e-02	1.815600684985788803e+03
5.157076971761109796e-02	1.743577160910138218e+03
5.258153934198262630e-02	1.674440739456169467e+03
5.361015416428316360e-02	1.608074583013151141e+03
5.465688282767763861e-02	1.544366611913005272e+03
5.572199697032580862e-02	1.483209297338724127e+03
5.680577122533665008e-02	1.424499536776845616e+03
5.790848321740492410e-02	1.368138446228805833e+03
5.903041359792739889e-02	1.314031120374446346e+03
6.017184604169770190e-02	1.262086548336346368e+03
6.133306722957684171e-02	1.212217448327867942e+03
6.251436690439381161e-02	1.164340065460394953e+03
6.371603781779966447e-02	1.118374064428013980e+03
6.493837579639510915e-02	1.074242369554365723e+03
6.618167969116348082e-02	1.031871072232321694e+03
6.744625140254924267e-02	9.911892492378378847e+02
6.873239591355131961e-02	9.521288311294528057e+02
7.004042123514991891e-02	9.146245730676807852e+02
7.137063843406500629e-02	8.786138561604453798e+02
7.272336166587234363e-02	8.440365829895441721e+02
7.409890810162918229e-02	8.108351220045616401e+02
7.549759801017948135e-02	7.789541645071827816e+02
7.691975468274854510e-02	7.483406719738584343e+02
7.836570446035476256e-02	7.189437401660568412e+02
7.983577676398630196e-02	6.907145043343773523e+02
8.133030402419472171e-02	6.636061164563867578e+02
8.284962171864596048e-02	6.375736297456362536e+02
8.439406834289371606e-02	6.125738883520996296e+02
8.596398544994636459e-02	5.885654839265612281e+02
8.755971757187930304e-02	5.655087127620529373e+02
8.918161224450195379e-02	5.433654625568327674e+02
9.083002003202124419e-02	5.220991437092167189e+02
9.250529444645437527e-02	5.016746766606457300e+02
9.420779196910446240e-02	4.820583860660543110e+02
9.593787207043875942e-02	4.632179421006539428e+02
9.769589712893123057e-02	4.451223448614380800e+02
9.948223244829457190e-02	4.277418363902966689e+02
1.012972462715238942e-01	4.110478495460170052e+02
1.031413096916083960e-01	3.950129802915045616e+02
1.050147967091309281e-01	3.796109242279298428e+02
1.069180841482513800e-01	3.648164428548689671e+02
1.088515516623009688e-01	3.506053115611923658e+02
1.108155817334608856e-01	3.369542755639591860e+02
1.128105595962998614e-01	3.238410239605898369e+02
1.148368732617579824e-01	3.112441396403385738e+02
1.168949134633114478e-01	2.991430663952142481e+02
1.189850736337098452e-01	2.875180781621306210e+02
1.211077498790436996e-01	2.763502389969812043e+02
1.232633409480511921e-01	2.656213716849227353e+02
1.254522482088643309e-01	2.553140327605843822e+02
1.276748755783145839e-01	2.454114809106924611e+02
1.299316295415334221e-01	2.358976388784102198e+02
1.322229190934076370e-01	2.267570768046100511e+02
1.345491556745275485e-01	2.179749914083758711e+02
1.369107531513980014e-01	2.095371661491905684e+02
1.393081278201882822e-01	2.014299517062755740e+02
1.417416982713771978e-01	1.936402494398872420e+02
1.442118854549120088e-01	1.861554825913374316e+02
1.467191125388263850e-01	1.789635820930408840e+02
1.492638049026471514e-01	1.720529590671135338e+02
1.518463901384095593e-01	1.654124828194326824e+02
1.544672979090645770e-01	1.590314771068523783e+02
1.571269599417376983e-01	1.528996872755583922e+02
1.598258100270017190e-01	1.470072646575381441e+02
1.625642838663619305e-01	1.413447611804724318e+02
1.653428190642987350e-01	1.359031021912024073e+02
1.681618551243664883e-01	1.306735716508930523e+02
1.710218332880963366e-01	1.256478074276303403e+02
1.739231965245331690e-01	1.208177777864927265e+02
1.768663895217404136e-01	1.161757678510012539e+02
1.798518585195607034e-01	1.117143755692652149e+02
1.828800512953121515e-01	1.074264910606561472e+02
1.859514171493021062e-01	1.033052846737037243e+02
1.890664067339052901e-01	9.934420312331580760e+01
1.922254720341127765e-01	9.553695160726263680e+01
1.954290663455953148e-01	9.187748326921766306e+01
1.986776441026872064e-01	8.835999531423703957e+01
2.019716608524092794e-01	8.497891368693071001e+01
2.053115732237083824e-01	8.172888386064484223e+01
2.086978387568696192e-01	7.860476667877048840e+01
2.121309158696424169e-01	7.560162567939175915e+01
2.156112638165313122e-01	7.271471890776855673e+01
2.191393425100669756e-01	6.993949367848192367e+01
2.227156125366810402e-01	6.727157723480695495e+01
2.263405349783976506e-01	6.470677008011443831e+01
2.300145713991300078e-01	6.224103868357295255e+01
2.337381837056433653e-01	5.987050898682825562e+01
2.375118340777034320e-01	5.759146051367870456e+01
2.413359848634378524e-01	5.540031958259423561e+01
2.452110984913508096e-01	5.329365349870201385e+01
2.491376373809994493e-01	5.126816541633600366e+01
2.531160638007390329e-01	4.932068873920665197e+01
2.571468398424075485e-01	4.744818149013035224e+01
2.612304272277638506e-01	4.564772181664894646e+01
2.653672873036812541e-01	4.391650301031469894e+01
2.695578808283397576e-01	4.225182902226160309e+01
2.738026679790235285e-01	4.065110992217505270e+01
2.781021081222903590e-01	3.911185775928671404e+01
2.824566598278128726e-01	3.763168234128671230e+01
2.868667806444556989e-01	3.620828796028029473e+01
2.913329270316785125e-01	3.483946895482695538e+01
2.958555542998178578e-01	3.352310567330896873e+01
3.004351163862833962e-01	3.225716292004882746e+01
3.050720657872323938e-01	3.103968476413842126e+01
3.097668534963612941e-01	2.986879159015459706e+01
3.145199287691676227e-01	2.874267852316378935e+01
3.193317390539359146e-01	2.765961097332598939e+01
3.242027299276736274e-01	2.661792188291667571e+01
3.291333448514305871e-01	2.561601037529627689e+01
3.341240250993901539e-01	2.465233786328722587e+01
3.391752096906291425e-01	2.372542561062498123e+01
3.442873351385917213e-01	2.283385339995617258e+01
3.494608353770702891e-01	2.197625631084618192e+01
3.546961416864846117e-01	2.115132237446505314e+01
3.599936824406618774e-01	2.035779153950320364e+01
3.653538830285315009e-01	1.959445267657391199e+01
3.707771657735588478e-01	1.886014163274264277e+01
3.762639496811542861e-01	1.815374020935552579e+01
3.818146503548147108e-01	1.747417359185008223e+01
3.874296799074893882e-01	1.682040861254392894e+01
3.931094467128470327e-01	1.619145281640514256e+01
3.988543553146426390e-01	1.558635218603082073e+01
4.046648063290772535e-01	1.500418970534595253e+01
4.105411961892572736e-01	1.444408425235367943e+01
4.164839171144699148e-01	1.390518887135217341e+01
4.224933568570472531e-01	1.338668960082218362e+01
4.285698986395896637e-01	1.288780403655117723e+01
4.347139209528200765e-01	1.240778020035376095e+01
4.409257974126366553e-01	1.194589532752172545e+01
4.472058966303955607e-01	1.150145461581334239e+01
4.535545820454010557e-01	1.107379028663554799e+01
4.599722117464364879e-01	1.066226048715314434e+01
4.664591383690943616e-01	1.026624810466855564e+01
4.730157089205316301e-01	9.885159996419879747e+00
4.796422645781922012e-01	9.518426024012550002e+00
4.863391406284518492e-01	9.165498053731349515e+00
4.931066661983701804e-01	8.825849159856042903e+00
4.999451642167566101e-01	8.498972761127808084e+00
5.068549511510168637e-01	8.184381949918201116e+00
5.138363368921048391e-01	7.881608514211658090e+00
5.208896246541458996e-01	7.590202346423907898e+00
5.280151106899432234e-01	7.309730715792565725e+00
5.352130842792656162e-01	7.039777549324656825e+00
5.424838274408472216e-01	6.779942891228087021e+00
5.498276148275225150e-01	6.529842135828325844e+00
5.572447136305774817e-01	6.289105429300102301e+00
5.647353833016504066e-01	6.057377271058944856e+00
5.722998754523316300e-01	5.834315796207074634e+00
5.799384337608028961e-01	5.619592199050663872e+00
5.876512936897553274e-01	5.412890447860157828e+00
5.954386823895765346e-01	5.213906579899737714e+00
6.033008186062717160e-01	5.022348254802087908e+00
6.112379123990885343e-01	4.837934438039346752e+00
6.192501650676328628e-01	4.660394876688762622e+00
6.273377689538122137e-01	4.489469612994685832e+00
6.355009073754699367e-01	4.324908645090416393e+00
6.437397543418919010e-01	4.166471630663696857e+00
6.520544744654352964e-01	4.013927375826616739e+00
6.604452228729602581e-01	3.867053497237260995e+00
6.689121449290824639e-01	3.725636189840474621e+00
6.774553761487920323e-01	3.589469790602784371e+00
6.860750421072371319e-01	3.458356464212880788e+00
6.947712581573689539e-01	3.332105961332044952e+00
7.035441294289397351e-01	3.210535288684174482e+00
7.123937505631823264e-01	3.093468436254338094e+00
7.213202056206863277e-01	2.980736111606377747e+00
7.303235679710398109e-01	2.872175439552278053e+00
7.394039001072689743e-01	2.767629774990153724e+00
7.485612534921021188e-01	2.666948446516056226e+00
7.577956684795811304e-01	2.569986494971653990e+00
7.671071741285053758e-01	2.476604481984548745e+00
7.764957880916794064e-01	2.386668272575636962e+00
7.859615164814096611e-01	2.300048821877515248e+00
7.955043537386682351e-01	2.216621982658261381e+00
8.051242825197191255e-01	2.136268327350629992e+00
8.148212735160184073e-01	2.058872959567179084e+00
8.245952854273810306e-01	1.984325327622129764e+00
8.344462647440668013e-01	1.912519085884136993e+00
8.443741456664334288e-01	1.843351908202838452e+00
8.543788500458697754e-01	1.776725333053854383e+00
8.644602871507334196e-01	1.712544636239378804e+00
8.746183536966339878e-01	1.650718666565996973e+00
8.848529336134295376e-01	1.591159732551744366e+00
8.951638979919661621e-01	1.533783446340805323e+00
9.055511050455404831e-01	1.478508593805323512e+00
9.160143998913277130e-01	1.425257049557189459e+00
9.265536145118560274e-01	1.373953623218724607e+00
9.371685677294387951e-01	1.324525948382470730e+00
9.478590649889682140e-01	1.276904406343634557e+00
9.586248983336146390e-01	1.231021987211469382e+00
9.694658463911846047e-01	1.186814198799951425e+00
9.803816741621733666e-01	1.144218989038746415e+00
9.913721330088161032e-01	1.103176631860273815e+00
1.002436960652349551e+00	1.063629636752483787e+00
1.013575880970292387e+00	1.025522688383214920e+00
1.024788603997882408e+00	9.888025404071292268e-01
1.036074825935229926e+00	9.534179370801212361e-01
1.047434228957736524e+00	9.193195585964056837e-01
1.058866481229006062e+00	8.864599250489416660e-01
1.070371236916692448e+00	8.547933314306019881e-01
1.081948136020144391e+00	8.242757941696489121e-01
1.093596804393683231e+00	7.948649703358319218e-01
1.105316853770046848e+00	7.665200947985933988e-01
1.117107881609198827e+00	7.392019359437349557e-01
1.128969471130811364e+00	7.128727229130067400e-01
1.140901191344500409e+00	6.874960949993201842e-01
1.152902596907973587e+00	6.630370475323220658e-01
1.164973228243973313e+00	6.394618832897949190e-01
1.177112611412538312e+00	6.167381606627895252e-01
1.189320258203275582e+00	5.948346466170234548e-01
1.201595666072768243e+00	5.737212694822311221e-01
1.213938318176583042e+00	5.533690796663770506e-01
1.226347683366040275e+00	5.337502021345166270e-01
1.238823216211556888e+00	5.148377980432667922e-01
1.251364357030756880e+00	4.966060266841570425e-01
1.263970531861682067e+00	4.790300061338569337e-01
1.276641152580034300e+00	4.620857611451243963e-01
1.289375616826138549e+00	4.457502580361464850e-01
1.302173308159769727e+00	4.300012639276102888e-01
1.315033595979156589e+00	4.148173876565672269e-01
1.327955835702568477e+00	4.001780300451894812e-01
1.340939368683152111e+00	3.860633541883548570e-01
1.353983522411589036e+00	3.724542563338235079e-01
1.367087610453129098e+00	3.593323411376979637e-01
1.380250932568320765e+00	3.466798913500358514e-01
1.393472774853895091e+00	3.344798421156548462e-01
1.406752409697973327e+00	3.227157623187978941e-01
1.420089095924392808e+00	3.113718249783664627e-01
1.433482078952255101e+00	3.004327849185356447e-01
1.446930590755529655e+00	2.898839618007734154e-01
1.460433850050593341e+00	2.797112134488896618e-01
1.473991062454754752e+00	2.699009167703918521e-01
1.487601420423873444e+00	2.604399527603386000e-01
1.501264103590684851e+00	2.513156907005796858e-01
1.514978278367800524e+00	2.425159554376475901e-01
1.528743099273574435e+00	2.340290127145424059e-01
1.542557707422116620e+00	2.258435702515294852e-01
1.556421232216741668e+00	2.179487477588307465e-01
1.570332790132019651e+00	2.103340626278528691e-01
1.584291486099778545e+00	2.029894170089791561e-01
1.598296412518549925e+00	1.959050822253736446e-01
1.612346650479814292e+00	1.890716832583514695e-01
1.626441269094984543e+00	1.824801905994581086e-01
1.640579326049787401e+00	1.761219025683410933e-01
1.654759868014373136e+00	1.699884400937167750e-01
1.668981929705582568e+00	1.640717322096781894e-01
1.683244535876718517e+00	1.583639860484861717e-01
1.697546700146948639e+00	1.528577069948976741e-01
1.711887425106942251e+00	1.475456790142725128e-01
1.726265703618657721e+00	1.424209313395227716e-01
1.740680518296078283e+00	1.374767584851289137e-01
1.755130841145157605e+00	1.327067031019376064e-01
1.769615635216343241e+00	1.281045268164921480e-01
1.784133853934940728e+00	1.236642313981120567e-01
1.798684440451441935e+00	1.193800402162441959e-01
1.813266330153010086e+00	1.152463688231770561e-01
1.827878448888045959e+00	1.112578448128477421e-01
1.842519713929668290e+00	1.074092969061680725e-01
1.857189034121305982e+00	1.036957337522130679e-01
1.871885310408595293e+00	1.001123446731954914e-01
1.886607435610662131e+00	9.665449629035477441e-02
1.901354294947919188e+00	9.331772134907899419e-02
1.916124766401543056e+00	9.009771307694920683e-02
1.930917720636644352e+00	8.699032253284702532e-02
1.945732021500683251e+00	8.399154854428349248e-02
1.960566526458395353e+00	8.109753541716213654e-02
1.975420086139147324e+00	7.830456787767708926e-02
1.990291545692054687e+00	7.560906119990325192e-02
2.005179744108693374e+00	7.300756105601148571e-02
2.020083515131685381e+00	7.049674001284154945e-02
2.035001686845166802e+00	6.807338902174944750e-02
2.049933082946012508e+00	6.573441181762004759e-02
2.064876522200775444e+00	6.347682558945805242e-02
2.079830819024515609e+00	6.129775634497799247e-02
2.094794783715755226e+00	5.919443024487185123e-02
2.109767223141899350e+00	5.716417291935788070e-02
2.124746940362123748e+00	5.520440987121312537e-02
2.139732735039540756e+00	5.331265628226539849e-02
2.154723404800292563e+00	5.148651423983224840e-02
2.169717743787095809e+00	4.972367475498835204e-02
2.184714544641758405e+00	4.802191004036534400e-02
2.199712597598410202e+00	4.637907241355483656e-02
2.214710691393626085e+00	4.479309069932110171e-02
2.229707613672770261e+00	4.326196772420249498e-02
2.244702150518087969e+00	4.178377860868203592e-02
2.259693087938965395e+00	4.035666522473213558e-02
2.274679211203542550e+00	3.897883683664491589e-02
2.289659305576838388e+00	3.764856660021080603e-02
2.304632156738372739e+00	3.636418837341813537e-02
2.319596550758735276e+00	3.512409639421173319e-02
2.334551274619886208e+00	3.392674128539484996e-02
2.349495116720354826e+00	3.277062828705606251e-02
2.364426866772664670e+00	3.165431705639785293e-02
2.379345316351674455e+00	3.057641815965370449e-02
2.394249259202545055e+00	2.953558939270114689e-02
2.409137492162883198e+00	2.853053770009445975e-02
2.424008813679488394e+00	2.756001789107365152e-02
2.438862026224790647e+00	2.662282545699543729e-02
2.453695935761134095e+00	2.571779936465254726e-02
2.468509351300278265e+00	2.484382166990706242e-02
2.483301086562478055e+00	2.399981135519718006e-02
2.498069959676791907e+00	2.318472663996107644e-02
2.512814792864775715e+00	2.239756373944944493e-02
2.527534413952933878e+00	2.163735213144591177e-02
2.542227656107472367e+00	2.090315642060116760e-02
2.556893357580505288e+00	2.019407516127000660e-02
2.571530363130595909e+00	1.950923740285078964e-02
2.586137523470521504e+00	1.884780328378462752e-02
2.600713695882118870e+00	1.820896250215313719e-02
2.615257744729071021e+00	1.759193304988018389e-02
2.629768541170228513e+00	1.699596084612184713e-02
2.644244964071745585e+00	1.642031782249157856e-02
2.658685900003245450e+00	1.586430178449562897e-02
2.673090243294278689e+00	1.532723535435301723e-02
2.687456896926763594e+00	1.480846424242828786e-02
2.701784772356406794e+00	1.430735744377618565e-02
2.716072789842695290e+00	1.382330647670440386e-02
2.730319878709469350e+00	1.335572345826533530e-02
2.744524978209599730e+00	1.290404112941219081e-02
2.758687036563674866e+00	1.246771275783521184e-02
2.772805012476411868e+00	1.204621023553768301e-02
2.786877874579747782e+00	1.163902361341791897e-02
2.800904602359953532e+00	1.124566107526052405e-02
2.814884185491408175e+00	1.086564797431885041e-02
2.828815625270972856e+00	1.049852633935458197e-02
2.842697933340654792e+00	1.014385412259716408e-02
2.856530133754979328e+00	9.801203922397317900e-03
2.870311261940096781e+00	9.470163934794436494e-03
2.884040364811319090e+00	9.150337069651620983e-03
2.897716501983693682e+00	8.841338999486149028e-03
2.911338745481583334e+00	8.542799240099438821e-03
2.924906179359127556e+00	8.254360628383968640e-03
2.938417900957599915e+00	7.975677576034552116e-03
2.951873020765717115e+00	7.706416799237441641e-03
2.965270661836647115e+00	7.446256993978505462e-03
2.978609961196176936e+00	7.194887279607251052e-03
2.991890069498821969e+00	6.952007855117610900e-03
3.005110150589505480e+00	6.717329603849736021e-03
3.018269382885589547e+00	6.490572764113728896e-03
3.031366958875258977e+00	6.271467647136054133e-03
3.044402084755922555e+00	6.059754086854452979e-03
3.057373981879944136e+00	5.855180223070566986e-03
3.070281886150801220e+00	5.657503401733242517e-03
3.083125047445447020e+00	5.466489508945907710e-03
3.095902731564096122e+00	5.281911775875578439e-03
3.108614218968736242e+00	5.103551758718147778e-03
3.121258804848738411e+00	4.931198724785798571e-03
3.133835800307302577e+00	4.764648604162613835e-03
3.146344531761269714e+00	4.603704631065489057e-03
3.158784340713060690e+00	4.448176970753231138e-03
3.171154584876877180e+00	4.297882115436590239e-03
3.183454637066803983e+00	4.152642876422618298e-03
3.195683886618883474e+00	4.012288087899377152e-03
3.207841738164322276e+00	3.876652557143010075e-03
3.219927612714224896e+00	3.745576710602887324e-03
3.231940947143212117e+00	3.618906414231160083e-03
3.243881194510489951e+00	3.496492892396049334e-03
3.255747823973129673e+00	3.378192376223222194e-03
3.267540321092806455e+00	3.263865969701095372e-03
3.279258187675847758e+00	3.153379644569270779e-03
3.290900941567619586e+00	3.046603908776303934e-03
3.302468117529624436e+00	2.943413609637157789e-03
3.313959266085617195e+00	2.843687955275847699e-03
3.325373954744761829e+00	2.747310263805881857e-03
3.336711766844763893e+00	2.654167815851849865e-03
3.347972302738619899e+00	2.564151675426456275e-03
3.359155178837065936e+00	2.477156670205528984e-03
3.370260028050366508e+00	2.393081161355554379e-03
3.381286500059124567e+00	2.311827075596141132e-03
3.392234259927731976e+00	2.233299686421848836e-03
3.403102990380185044e+00	2.157407167523144736e-03
3.413892389945252237e+00	2.084061104336162439e-03
3.424602172979245296e+00	2.013176171226831093e-03
3.435232070858427633e+00	1.944669593394128104e-03
3.445781831070774626e+00	1.878461644421837180e-03
3.456251216530417558e+00	1.814475353002064500e-03
3.466640007211146290e+00	1.752636031856018382e-03
3.476947999071508200e+00	1.692871854069926199e-03
3.487175002627363352e+00	1.635113463721806718e-03
3.497320846305810971e+00	1.579293425625091221e-03
3.507385373228308900e+00	1.525346850197463770e-03
3.517368442394706918e+00	1.473211173826784876e-03
3.527269928375226904e+00	1.422825759170732313e-03
3.537089721552951094e+00	1.374132021806985602e-03
3.546827727496530080e+00	1.327073418939338093e-03
3.556483867125448395e+00	1.281595284824273064e-03
3.566058076745573402e+00	1.237644770161435695e-03
3.575550307559037577e+00	1.195170849686079265e-03
3.584960525778055906e+00	1.154124176613477394e-03
3.594288712685296261e+00	1.114457090619069444e-03
3.603534863721733927e+00	1.076123554285922292e-03
3.612698989548329909e+00	1.039079001237054774e-03
3.621781114828203751e+00	1.003280393394827838e-03
3.630781278807791335e+00	9.686862056942940240e-04
3.639699534251104485e+00	9.352562668976198684e-04
3.648535948723170552e+00	9.029516780845694328e-04
3.657290603092722137e+00	8.717349135544849754e-04
3.665963591997082105e+00	8.415697328634083249e-04
3.674555023497692030e+00	8.124210548710225676e-04
3.683065019162238940e+00	7.842549847258455326e-04
3.691493713453333214e+00	7.570387803841600958e-04
3.699841253952392162e+00	7.307407691545534300e-04
3.708107801110417157e+00	7.053303720500799781e-04
3.716293527463102819e+00	6.807780249802803697e-04
3.724398618764359181e+00	6.570550948558661394e-04
3.732423272403257108e+00	6.341339631675751510e-04
3.740367697959651849e+00	6.119879195128920778e-04
3.748232117064608460e+00	5.905911449822069149e-04
3.756016762445407497e+00	5.699187122620726596e-04
3.763721878726912884e+00	5.499464405945942791e-04
3.771347722041559880e+00	5.306509996927928716e-04
3.778894558635030876e+00	5.120098978449585470e-04
3.786362666389069265e+00	4.940013152604532569e-04
3.793752333455488124e+00	4.766041726769966089e-04
3.801063858413083363e+00	4.597981092062961646e-04
3.808297550195665959e+00	4.435634187346594766e-04
3.815453727573350662e+00	4.278810789042299025e-04
3.822532719040269367e+00	4.127326952067744909e-04
3.829534862699386366e+00	3.981004406037938741e-04
3.836460506418299499e+00	3.839671168980152258e-04
3.843310006235458154e+00	3.703161331163287609e-04
3.850083727839088255e+00	3.571313765324997933e-04
3.856782045618762034e+00	3.443972944449985780e-04
3.863405341788573644e+00	3.320988897803728800e-04
3.869954007407727214e+00	3.202215995457829566e-04
3.876428441534607305e+00	3.087513756590271725e-04
3.882829050452353936e+00	2.976746603063100600e-04
3.889156248615204703e+00	2.869782901533082971e-04
3.895410457780687175e+00	2.766495631917888459e-04
3.901592106366658541e+00	2.666762193631875329e-04
3.907701630224842848e+00	2.570463680625081839e-04
3.913739471613124632e+00	2.477485118112239906e-04
3.919706079291333634e+00	2.387714145060259739e-04
3.925601908523581152e+00	2.301047231350953877e-04
3.931427420041368581e+00	2.217394398323537105e-04
3.937183048128185092e+00	2.136625486885942494e-04
3.942869364054812475e+00	2.058630463821372030e-04
3.948486746611691078e+00	1.983365702420996810e-04
3.954035712108162848e+00	1.910728757291001872e-04
3.959516748347207127e+00	1.840609743184445782e-04
3.964930348081699307e+00	1.772934381771359578e-04
3.970277008418453768e+00	1.707620507352563036e-04
3.975557231240532285e+00	1.644588702489618176e-04
3.980771521779460809e+00	1.583761613403444619e-04
3.985920390129963131e+00	1.525066915881127393e-04
3.991004349043058674e+00	1.468439847632094166e-04
3.996023893540384897e+00	1.413796155494612724e-04
4.000979609596408970e+00	1.361062127584897414e-04
4.005871954510467070e+00	1.310198189080565869e-04
4.010701475658707160e+00	1.261135855250652721e-04
4.015468702324635153e+00	1.213803102821425019e-04
4.020174165725948434e+00	1.168146599837982134e-04
4.024818399001135028e+00	1.124109820116224803e-04
4.029401937983376314e+00	1.081637726151388597e-04
4.033925320405742809e+00	1.040677276070566822e-04
4.038389085236611109e+00	1.001177234834724081e-04
4.042793773484240738e+00	9.630872752908161609e-05
4.047139927636704826e+00	9.263611894855509237e-05
4.051428090792247083e+00	8.909590430252820460e-05
4.055658778902790473e+00	8.568222057782387991e-05
4.059832623742646973e+00	8.239013031764797824e-05
4.063950084773076732e+00	7.921776709212869261e-05
4.068011737587583276e+00	7.616052453650344123e-05
4.072018129320860602e+00	7.321346441069893506e-05
4.075969806656992489e+00	7.037328856911256013e-05
4.079867317172625185e+00	6.763631495132082941e-05
4.083711208214108268e+00	6.499900704212199104e-05
4.087502025912773007e+00	6.245794916868139830e-05
4.091240317327891951e+00	6.000980818277179140e-05
4.094926628408047442e+00	5.765138666239684435e-05
4.098561503859600386e+00	5.537959804827501180e-05
4.102145488437878740e+00	5.319143344309186982e-05
4.105679125617514913e+00	5.108399793578871114e-05
4.109162957416728545e+00	4.905449763452897024e-05
4.112597525206379778e+00	4.710022387238787194e-05
4.115983368302067014e+00	4.521855962842321903e-05
4.119321025314821583e+00	4.340697027266642201e-05
4.122611032676808840e+00	4.166301388029679806e-05
4.125853925163563751e+00	3.998432753828690692e-05
4.129050235955140202e+00	3.836861845638047763e-05
4.132200496255110878e+00	3.681367899915737041e-05
4.135305234805493058e+00	3.531737670710772853e-05
4.138364978635044267e+00	3.387764221707388753e-05
4.141380252371695825e+00	3.249248041412866481e-05
4.144351577983020896e+00	3.115996321920752425e-05
4.147279475535966320e+00	2.987822303822337911e-05
4.150164461909390035e+00	2.864545814312799928e-05
4.153007051919948900e+00	2.745992786012806135e-05
4.155807756984319923e+00	2.631994996221860900e-05
4.158567086240094746e+00	2.522389205496327233e-05
4.161285546029870552e+00	2.417018126226348342e-05
4.163963638958546376e+00	2.315730374874958754e-05
4.166601865277479888e+00	2.218378854716892141e-05
4.169200721765948359e+00	2.124821590053875678e-05
4.171760702049282621e+00	2.034921394258888260e-05
4.174282296787024116e+00	1.948545983392050408e-05
4.176765992474315681e+00	1.865567639888167161e-05
4.179212273169066627e+00	1.785862044402014969e-05
4.181621619266873147e+00	1.709310081082904203e-05
4.183994506705636773e+00	1.635796898298038076e-05
4.186331409171248019e+00	1.565210369507894685e-05
4.188632796069938102e+00	1.497442836275151761e-05
4.190899133157786949e+00	1.432390744524264613e-05
4.193130882444276786e+00	1.369953573435859236e-05
4.195328502420121453e+00	1.310034216447549615e-05
4.197492447587750419e+00	1.252539203325723265e-05
4.199623168551411823e+00	1.197378245635121916e-05
4.201721112132581482e+00	1.144463724502478332e-05
4.203786721726348041e+00	1.093711379514931076e-05
4.205820435735586393e+00	1.045040248353634691e-05
4.207822689490493318e+00	9.983716339333558075e-06
4.209793913958294276e+00	9.536296573290134861e-06
4.211734536135069540e+00	9.107411634992545473e-06
4.213644979245885658e+00	8.696356459217057273e-06
4.215525661731134299e+00	8.302450947969666127e-06
4.217376998889791118e+00	7.925035545772843889e-06
4.219199401317549558e+00	7.563476613844932581e-06
4.220993275694956637e+00	7.217163411143653036e-06
4.222759024525680083e+00	6.885504947705718867e-06
4.224497046340405682e+00	6.567932177315837813e-06
4.226207735262248910e+00	6.263896934901068106e-06
4.227891481453777800e+00	5.972869155866081917e-06
4.229548671032429041e+00	5.694337834938262286e-06
4.231179685749255626e+00	5.427811717365524347e-06
4.232784903265120136e+00	5.172816337723201939e-06
4.234364697165079683e+00	4.928893312113912196e-06
4.235919437028016432e+00	4.695603138211308185e-06
4.237449487507762846e+00	4.472521534910786929e-06
4.238955210342818525e+00	4.259236809813999331e-06
4.240436962272466026e+00	4.055354403740689699e-06
4.241895096145252175e+00	3.860488727757018765e-06
4.243329960894444142e+00	3.674291291280543221e-06
4.244741900822361913e+00	3.496473546524400500e-06
4.246131229415927244e+00	3.326558048238559541e-06
4.247498365100829787e+00	3.164156081823653941e-06
4.248843558187946456e+00	3.009189097499350984e-06
4.250167164510971318e+00	2.861297397083016653e-06
4.251469508340887771e+00	2.720087675759307740e-06
4.252750909949327252e+00	2.585328385448053742e-06
4.254011685575664004e+00	2.456748440905144574e-06
4.255252148127487644e+00	2.334088195191463620e-06
4.256472605346310445e+00	2.217099463348934142e-06
4.257673361906814335e+00	2.105540910302687182e-06
4.258854718704457198e+00	1.999181126980543333e-06
4.260016971954425635e+00	1.897799202673706637e-06
4.261160414683203612e+00	1.801180803994296124e-06
4.262285336078744713e+00	1.709120647730301125e-06
4.263392020968908902e+00	1.621422314858567312e-06
4.264480750911674001e+00	1.537895640825063864e-06
4.265551803769938921e+00	1.458358638476425301e-06
4.266605453066413034e+00	1.382637138051051886e-06
4.267641969258779255e+00	1.310562581640452937e-06
4.268661619030981846e+00	1.241973804605833941e-06
4.269664665006044579e+00	1.176716529655788816e-06
4.270651366703427598e+00	1.114641963571193023e-06
4.271621979782094236e+00	1.055607566776763331e-06
4.272576756386440522e+00	9.994766200873500824e-07
4.273515945382509784e+00	9.461179325305640411e-07
4.274439791629097485e+00	8.954058389096959540e-07
4.275348537218189193e+00	8.472194644662435684e-07
4.276242420238608233e+00	8.014433368874784924e-07
4.277121675675153334e+00	7.579667381986665248e-07
4.277986535045011252e+00	7.166831945214008467e-07
4.278837226780498604e+00	6.774907964409728062e-07
4.279673975832522181e+00	6.402923591301669997e-07
4.280497003638404685e+00	6.045074389034337761e-07
4.281306529079594192e+00	5.710466775380554825e-07
4.282102767102229812e+00	5.393100562512648274e-07
4.282885930299673127e+00	5.092156677342590947e-07
4.283656227326560817e+00	4.806852304738024968e-07
4.284413864455906662e+00	4.536436843159792360e-07
4.285159044354253766e+00	4.278749636754677834e-07
4.285891967123414581e+00	4.036043993699492732e-07
4.286612829609604880e+00	3.806191770442139637e-07
4.287321824590164532e+00	3.588793966534853108e-07
4.288019100462129529e+00	3.382942176331589724e-07
4.288704948623327518e+00	3.187593080746846499e-07
4.289379513235153318e+00	3.001373671147998749e-07
4.290042926706058246e+00	2.827050034028698870e-07
4.290695400744128030e+00	2.662148687152362911e-07
4.291337112550992039e+00	2.506132030444469594e-07
4.291968236681485749e+00	2.358649744205850909e-07
4.292588944438895382e+00	2.219271042674826875e-07
4.293199405065005969e+00	2.086140114456065152e-07
4.293799785191537488e+00	1.961830451824420377e-07
4.294390248257796472e+00	1.844439215699770845e-07
4.294970955902691401e+00	1.733607323745620393e-07
4.295542067160936561e+00	1.628995429590087068e-07
4.296103737781367116e+00	1.530280706856865394e-07
4.296656122186433890e+00	1.435729008449356068e-07
4.297199372212633151e+00	1.347977432164204199e-07
4.297733635928944196e+00	1.265236622285054745e-07
4.298259061132746695e+00	1.187237104071328895e-07
4.298775792308678234e+00	1.113726995258440432e-07
4.299283971061194087e+00	1.044467430735614130e-07
4.299783737922014737e+00	9.778366667952138563e-08
4.300275230687988781e+00	9.164832027107540876e-08
4.300758584696100506e+00	8.587211942953588462e-08
4.301233933745206350e+00	8.043542312905495012e-08
4.301701408713300978e+00	7.531960320405533703e-08
4.302161139327251860e+00	7.050691771146343211e-08
4.302613252492508700e+00	6.598058757390464329e-08
4.303057873518423726e+00	6.172468010254179112e-08
4.303495125478579375e+00	5.772404414785968136e-08
4.303925129692367513e+00	5.396432813923422173e-08
4.304348005326776416e+00	5.043193064952187284e-08
4.304763869724316905e+00	4.711394091439688358e-08
4.305172838445889383e+00	4.399813243189093985e-08
4.305575024834515929e+00	4.107291689103084909e-08
4.305970541007944519e+00	3.832729421995798303e-08
4.306359496619285743e+00	3.575086981330728647e-08
4.306742000221194466e+00	3.333381494781124600e-08
4.307118157721418150e+00	3.106682232311600968e-08
4.307488074221121899e+00	2.894102078193471380e-08
4.307851852890608235e+00	2.694806895668514680e-08
4.308209594719090596e+00	2.508011201025352198e-08
4.308561399637691025e+00	2.332966281412643119e-08
4.308907365659704780e+00	2.168965656544761766e-08
4.309247589241372189e+00	2.015341034221827471e-08
4.309582165655348795e+00	1.871463212697745609e-08
4.309911187524421372e+00	1.736737571072253210e-08
4.310234747324202864e+00	1.610594888250661303e-08
4.310552935664047070e+00	1.492505740598045105e-08
4.310865840348427902e+00	1.381970828997038411e-08
4.311173549738183119e+00	1.278508415306179037e-08
4.311476149637208266e+00	1.181669264856991358e-08
4.311773724586703160e+00	1.091030938394667336e-08
4.312066357696810570e+00	1.006189967122336801e-08
4.312354130958111931e+00	9.267643590509705103e-09
4.312637124836552260e+00	8.523933208008331872e-09
4.312915418398413081e+00	7.827339454179430352e-09
4.313189089556885847e+00	7.174579985265913015e-09
4.313458215249162286e+00	6.562534674244743489e-09
4.313722870348221328e+00	5.988223544525572834e-09
4.313983129039040243e+00	5.448737588828288490e-09
4.314239064678250024e+00	4.941248323966902241e-09
4.314490748378223550e+00	4.462980726107765293e-09
4.314738251113490186e+00	4.011127443442263888e-09
4.314981641598622630e+00	3.582778496317883099e-09
4.315220988623891252e+00	3.174781151827651040e-09
4.315456359082589621e+00	2.783510491242138608e-09
4.315687818895339589e+00	2.404135063698168853e-09
4.315915432997169177e+00	2.030484573185373372e-09
4.316139265256997426e+00	1.656611054442575781e-09
4.316359378323133100e+00	1.270530445124112426e-09
4.316575833928635753e+00	8.397063363338888103e-10
4.316788692915324077e+00	0.000000000000000000e+00
