# Data associated with arXiv:2110.09653
# 
# Scale-free J-factor angular distribution, J_S(theta), of a einasto0-17 dark matter distribution (see Eq. 8 and the surrounding discussion)
# 
# Published: 3/29/22, Jack Runburg, contact: runburg@hawaii.edu
# 
# 
# -----------------------------------------------------------------
# 
# 	 tilde theta 		 | 	 tilde J s-wave 		 | 	 tilde J p-wave 		 | 	 tilde J d-wave 		 | 	 tilde J sommerfeld 
# 
# -----------------------------------------------------------------
1.000000000000000021e-03	2.802799410209869529e+04	7.857937431559214019e+03	1.070455538982125836e+04	1.396269842384646181e+05
1.021192151037671062e-03	2.774335832182653030e+04	7.832566592475445759e+03	1.068576015818210544e+04	1.370628236741666624e+05
1.042833409340945643e-03	2.745956125486744713e+04	7.806940101296648209e+03	1.066674465651676837e+04	1.345366857589060091e+05
1.064933292458827233e-03	2.717651899921027871e+04	7.781051443965614453e+03	1.064750296686012734e+04	1.320467132911210356e+05
1.087501519637659123e-03	2.689427986004347258e+04	7.754900677206846012e+03	1.062803375005628914e+04	1.295929685369861254e+05
1.110548016095517111e-03	2.661291933495825288e+04	7.728489679217351295e+03	1.060833680815974549e+04	1.271755081792165875e+05
1.134082917387199208e-03	2.633249179564844962e+04	7.701819310730971665e+03	1.058841120769155350e+04	1.247945836498126009e+05
1.158116573861711456e-03	2.605291608358975645e+04	7.674883228580813011e+03	1.056825095177891490e+04	1.224484884971999418e+05
1.182659555214217667e-03	2.577424018311660984e+04	7.647681985793912645e+03	1.054785480766107867e+04	1.201371250840097637e+05
1.207722655134462354e-03	2.549654068565463240e+04	7.620217827786330417e+03	1.052722269803537711e+04	1.178607646320842614e+05
1.233316896053688856e-03	2.521986600439287213e+04	7.592491734299563177e+03	1.050635354568082766e+04	1.156194557837256871e+05
1.259453533992170365e-03	2.494413774617941453e+04	7.564497383621164772e+03	1.048524125863858353e+04	1.134115821133681311e+05
1.286144063509461061e-03	2.466940343185986058e+04	7.536235500645359934e+03	1.046388458431665094e+04	1.112370253676303255e+05
1.313400222759557485e-03	2.439574051080153004e+04	7.507709012661402085e+03	1.044228363583503597e+04	1.090962008863478113e+05
1.341233998653187541e-03	2.412319136587621324e+04	7.478918643832655107e+03	1.042043710099061173e+04	1.069888901263993175e+05
1.369657632129505243e-03	2.385168038027890725e+04	7.449858264429770315e+03	1.039833880116530781e+04	1.049136868574789551e+05
1.398683623539492566e-03	2.358125447019690182e+04	7.420528959126570953e+03	1.037598756493344627e+04	1.028703872830855398e+05
1.428324738143458596e-03	2.331199170110270279e+04	7.390934172833296543e+03	1.035338371362657563e+04	1.008595001361443137e+05
1.458594011725036863e-03	2.304392838092902821e+04	7.361074664196693448e+03	1.033052575422485097e+04	9.888069994908406807e+04
1.489504756324154782e-03	2.277699166829193928e+04	7.330944354548842057e+03	1.030740738854605297e+04	9.693261084987501090e+04
1.521070566091505720e-03	2.251122773661382962e+04	7.300544644522198723e+03	1.028402748942260951e+04	9.501509494935433031e+04
1.553305323267072666e-03	2.224671502049238188e+04	7.269879499418482737e+03	1.026038653423990399e+04	9.312864924452075502e+04
1.586223204285366938e-03	2.198348373569513933e+04	7.238949665759311756e+03	1.023648283155613353e+04	9.127285898577791522e+04
1.619838686010041055e-03	2.172146380592614150e+04	7.207749153347259380e+03	1.021231000063731335e+04	8.944640837218872912e+04
1.654166552100628336e-03	2.146070052592848151e+04	7.176279972323193761e+03	1.018786705203347628e+04	8.764929744604912412e+04
1.689221899514206692e-03	2.120127245017261521e+04	7.144546408751393756e+03	1.016315463155732323e+04	8.588181446111452533e+04
1.725020145144853453e-03	2.094320371226386851e+04	7.112549321966061143e+03	1.013817089070331167e+04	8.414361857557357871e+04
1.761577032603788440e-03	2.068642698118279077e+04	7.080283007998263201e+03	1.011290942495332820e+04	8.243350145281465666e+04
1.798908639143220224e-03	2.043098654093917503e+04	7.047749606727607897e+03	1.008736924464586809e+04	8.075135751379492285e+04
1.837031382726912916e-03	2.017696081543219771e+04	7.014954197315360034e+03	1.006155125887655777e+04	7.909753048863963340e+04
1.875962029250603357e-03	1.992436789443525777e+04	6.981897576510666113e+03	1.003545340352366475e+04	7.747162359752685006e+04
1.915717699915417882e-03	1.967314316229246106e+04	6.948574185078864502e+03	1.000906920686836202e+04	7.587249185910631786e+04
1.956315878757565116e-03	1.942332976594468346e+04	6.914986713062404306e+03	9.982397818745195764e+03	7.430010696989315329e+04
1.997774420337589726e-03	1.917500574830194091e+04	6.881140760648352625e+03	9.955440396424815845e+03	7.275461796816626156e+04
2.040111557592579582e-03	1.892818322236685344e+04	6.847037036009257463e+03	9.928194615317645003e+03	7.123576160927575256e+04
2.083345909854779961e-03	1.868280024876086100e+04	6.812669796945248891e+03	9.900653730579000694e+03	6.974242674050987989e+04
2.127496491040134757e-03	1.843889871653422961e+04	6.778041293242822576e+03	9.872816591772583706e+03	6.827457954789506039e+04
2.172582718010372237e-03	1.819655604010038951e+04	6.743157652608491844e+03	9.844684567273810899e+03	6.683227601856940601e+04
2.218624419112281976e-03	1.795577844996235945e+04	6.708019659739765302e+03	9.816255143170701558e+03	6.541527829996798391e+04
2.265641842897974604e-03	1.771650663610154515e+04	6.672622266030331957e+03	9.787521807032588185e+03	6.402253645094551757e+04
2.313655667029933423e-03	1.747878111610547421e+04	6.636968997731543823e+03	9.758483937604645689e+03	6.265406160484522843e+04
2.362687007374795686e-03	1.724267843234844622e+04	6.601066828704766522e+03	9.729143290877418622e+03	6.130992759596372343e+04
2.412757427289825233e-03	1.700819905419136921e+04	6.564916040816792702e+03	9.699496989255514563e+03	5.998974175901620765e+04
2.463888947106213784e-03	1.677528624653353472e+04	6.528512262823600395e+03	9.669538723485178707e+03	5.869259779612566490e+04
2.516104053813336943e-03	1.654397904911112710e+04	6.491859567292461179e+03	9.639268042426143438e+03	5.741852323664586584e+04
2.569425710948245768e-03	1.631435289474316778e+04	6.454965682472634398e+03	9.608687112854009683e+03	5.616755924428720755e+04
2.623877368694733318e-03	1.608640264089793163e+04	6.417830967578369382e+03	9.577792880798655460e+03	5.493933193237586966e+04
2.679482974196439188e-03	1.586007406458332662e+04	6.380451106631747280e+03	9.546578933336577393e+03	5.373297638203408860e+04
2.736266982088478034e-03	1.563540463116475075e+04	6.342830765449932187e+03	9.515045217041921205e+03	5.254840333379826916e+04
2.794254365252289707e-03	1.541246843348102993e+04	6.304978424575304416e+03	9.483194213671640682e+03	5.138577541624769219e+04
2.853470625798387814e-03	1.519125489122347972e+04	6.266894407595742450e+03	9.451022664496305879e+03	5.024467645290808287e+04
2.913941806281861776e-03	1.497171222636728635e+04	6.228574884851876050e+03	9.418524342429056560e+03	4.912434911012426892e+04
2.975694501155571117e-03	1.475387624105801478e+04	6.190024902186908548e+03	9.385699268240425226e+03	4.802462785801976861e+04
3.038755868466027146e-03	1.453781946705144583e+04	6.151252366011642152e+03	9.352549623772822088e+03	4.694569197777215595e+04
3.103153641797168783e-03	1.432352608661282102e+04	6.112256340262162666e+03	9.319071228778553632e+03	4.588699545198217675e+04
3.168916142467233243e-03	1.411094669239899304e+04	6.073033388314689546e+03	9.285257858576582294e+03	4.484793173897505039e+04
3.236072291984112663e-03	1.390011534526985997e+04	6.033589090858178679e+03	9.251109673626346193e+03	4.382836479174211127e+04
3.304651624764658874e-03	1.369110280634702576e+04	5.993933295673803514e+03	9.216630049501480244e+03	4.282847874378110282e+04
3.374684301123556836e-03	1.348388824269441102e+04	5.954066023275443513e+03	9.181815276053550406e+03	4.184769214510915481e+04
3.446201120537424525e-03	1.327842453990348076e+04	5.913984266730873060e+03	9.146659394600634187e+03	4.088541001891091582e+04
3.519233535190044709e-03	1.307474395009189357e+04	5.873694379515352011e+03	9.111163178099661309e+03	3.994154998507784330e+04
3.593813663804625805e-03	1.287291526501715271e+04	5.833207224528527149e+03	9.075330723628245323e+03	3.901619432174412941e+04
3.669974305769219299e-03	1.267291288231064209e+04	5.792522630617507275e+03	9.039157994691682688e+03	3.810890309107434587e+04
3.747748955561452412e-03	1.247469189827050650e+04	5.751638115668698447e+03	9.002639307717008705e+03	3.721907013715614448e+04
3.827171817478984984e-03	1.227828269966529479e+04	5.710560608913061515e+03	8.965775809571872742e+03	3.634664468151720212e+04
3.908277820682117681e-03	1.208375192467684064e+04	5.669301788227161524e+03	8.928572195006523543e+03	3.549163394866297313e+04
3.991102634555192957e-03	1.189106946677381711e+04	5.627859544482231286e+03	8.891023056760503096e+03	3.465361636784414441e+04
4.075682684393532908e-03	1.170019254791862841e+04	5.586230015018078120e+03	8.853121573691771118e+03	3.383200378607393941e+04
4.162055167422817371e-03	1.151114964417182455e+04	5.544420315685155401e+03	8.814868939133173626e+03	3.302668333660635835e+04
4.250258069157961290e-03	1.132400507087943515e+04	5.502442813627345458e+03	8.776270202014042297e+03	3.223775612789195293e+04
4.340330180108637088e-03	1.113872450100770402e+04	5.460297199060040839e+03	8.737321200566091647e+03	3.146476904542495686e+04
4.432311112838861061e-03	1.095526719488027811e+04	5.417982409793080478e+03	8.698017232425083421e+03	3.070726650041517496e+04
4.526241319388085715e-03	1.077365968452390734e+04	5.375506161937004435e+03	8.658360023570998237e+03	2.996507007990365310e+04
4.622162109061505458e-03	1.059396380889548709e+04	5.332881604420586882e+03	8.618355404369365715e+03	2.923832618107672897e+04
4.720115666597336779e-03	1.041614132034310387e+04	5.290108116823113050e+03	8.577998935536677891e+03	2.852650568370135807e+04
4.820145070719144588e-03	1.024015342933766442e+04	5.247185249087014199e+03	8.537286646117634518e+03	2.782918397300984361e+04
4.922294313081310678e-03	1.006602470156606796e+04	5.204120070320172999e+03	8.496219757054337606e+03	2.714625163468272876e+04
5.026608317615998724e-03	9.893814363841047452e+03	5.160923376855555944e+03	8.454802434381937928e+03	2.647772652160860889e+04
5.133132960290130720e-03	9.723480561612690508e+03	5.117594208469236037e+03	8.413030040215984627e+03	2.582319178942866347e+04
5.241915089281041530e-03	9.554986365938662857e+03	5.074132027397956335e+03	8.370897879535748871e+03	2.518222085374658491e+04
5.353002545579732367e-03	9.388354366789877531e+03	5.030545578736106108e+03	8.328408591289320611e+03	2.455472091210791768e+04
5.466444184030696055e-03	9.223641060222234955e+03	4.986849796125165085e+03	8.285569851695951002e+03	2.394072997495637901e+04
5.582289894817666839e-03	9.060801310113518412e+03	4.943043921267943006e+03	8.242377454845507600e+03	2.333983477839388797e+04
5.700590625404708227e-03	8.899799959790616413e+03	4.899128351271694555e+03	8.198827921370764670e+03	2.275165238976708861e+04
5.821398402942216249e-03	8.740657624792562274e+03	4.855112578589803888e+03	8.154924790273823419e+03	2.217604181300420169e+04
5.944766357147824969e-03	8.583427970284430558e+03	4.811009931056893947e+03	8.110674533626550328e+03	2.161309306851971269e+04
6.070748743672167193e-03	8.428062913772675529e+03	4.766815777481700934e+03	8.066069730854806039e+03	2.106231452731748141e+04
6.199400967959818945e-03	8.274528982645253564e+03	4.722530737209436666e+03	8.021107075900392374e+03	2.052336591542647147e+04
6.330779609615908021e-03	8.122844831350106688e+03	4.678165255279405756e+03	7.975791325548551868e+03	1.999617471194683094e+04
6.464942447289089879e-03	7.973061213471153678e+03	4.633735496924737163e+03	7.930131552228755027e+03	1.948074627112930102e+04
6.601948484081890736e-03	7.825127441209628159e+03	4.589239789345415375e+03	7.884123013206871292e+03	1.897669785306575795e+04
6.741857973499477616e-03	7.679011639643849776e+03	4.544680204159192726e+03	7.837764366952481396e+03	1.848370525148922025e+04
6.884732445948405985e-03	7.534730526633493355e+03	4.500067168986976867e+03	7.791060860445881190e+03	1.800165609618599046e+04
7.030634735796891313e-03	7.392331882686066820e+03	4.455413128657589368e+03	7.744018261055250150e+03	1.753057836161534215e+04
7.179629009008595825e-03	7.251762759891793394e+03	4.410713622143290195e+03	7.696629021452961751e+03	1.707005119338970326e+04
7.331780791361950343e-03	7.112992797076864917e+03	4.365971050888761056e+03	7.648892103678826970e+03	1.661979342903672296e+04
7.487156997267587974e-03	6.976036810656439229e+03	4.321196773282217691e+03	7.600813812455520747e+03	1.617970765234428836e+04
7.645825959196438613e-03	6.840939565791474706e+03	4.276408496820005894e+03	7.552405378655435015e+03	1.574982779562400356e+04
7.807857457731475631e-03	6.707646201273874794e+03	4.231603913633766751e+03	7.503662148849650293e+03	1.532977316421411342e+04
7.973322752256328111e-03	6.576127788212548694e+03	4.186785171714895114e+03	7.454583455556475201e+03	1.491926815519082811e+04
8.142294612294233985e-03	6.446397287503221378e+03	4.141958650437220967e+03	7.405170696211216637e+03	1.451821075173721147e+04
8.314847349511189298e-03	6.318496425331418322e+03	4.097140945931814713e+03	7.355434748242621936e+03	1.412659598855092918e+04
8.491056850397209546e-03	6.192368773229346516e+03	4.052329685176716339e+03	7.305371542245864475e+03	1.374407588856100847e+04
8.671000609640279119e-03	6.067986756628419243e+03	4.007528513529691281e+03	7.254981989002288174e+03	1.337040751777278820e+04
8.854757764207504128e-03	5.945361535508975976e+03	3.962749595273516661e+03	7.204273960049208654e+03	1.300549757281026905e+04
9.042409128148579806e-03	5.824531793605131497e+03	3.918010643471672211e+03	7.153259813929544180e+03	1.264937495109735573e+04
9.234037228136720080e-03	5.705439876984103648e+03	3.873303804011917691e+03	7.101929977483324365e+03	1.230165846037432675e+04
9.429726339762870002e-03	5.588059490406408258e+03	3.828630378225437653e+03	7.050283295342102974e+03	1.196211667560390015e+04
9.629562524599030379e-03	5.472400058037474992e+03	3.784003286410201326e+03	6.998329808293078713e+03	1.163067580846296914e+04
9.833633668047030499e-03	5.358497234827259490e+03	3.739441893813213937e+03	6.946084588110948062e+03	1.130733551559398984e+04
1.004202951798940403e-02	5.246292477133664761e+03	3.694942671507487375e+03	6.893542937409400110e+03	1.099178293287233828e+04
1.025484172425938229e-02	5.135760699172546992e+03	3.650508193409770684e+03	6.840705729120711112e+03	1.068380376009907923e+04
1.047216387894729824e-02	5.026909660961980990e+03	3.606145809191114040e+03	6.787576895418328604e+03	1.038328564087810628e+04
1.069409155756119272e-02	4.919772021214284905e+03	3.561873667173162175e+03	6.734170877996763920e+03	1.009024310256330864e+04
1.092072236105970547e-02	4.814288674002304106e+03	3.517687822027304719e+03	6.680483289469878400e+03	9.804360154096109909e+03
1.115215595877575537e-02	4.710435676160646835e+03	3.473593846643423603e+03	6.626518894646367698e+03	9.525464358137849558e+03
1.138849413224978825e-02	4.608219203682497209e+03	3.429604213841234014e+03	6.572288520951727151e+03	9.253475748679982644e+03
1.162984081999205582e-02	4.507668967670679194e+03	3.385732554345553126e+03	6.517802410107759897e+03	8.988368656719321734e+03
1.187630216319339981e-02	4.408725616757657008e+03	3.341972150099532882e+03	6.463053642857817067e+03	8.729845274440778667e+03
1.212798655240480798e-02	4.311366288579201864e+03	3.298328904959827014e+03	6.408048177620195929e+03	8.477739398306648582e+03
1.238500467520621366e-02	4.215595661201400617e+03	3.254816301250318702e+03	6.352798945235659630e+03	8.231988677524905142e+03
1.264746956488544717e-02	4.121440563110293624e+03	3.211453248927087316e+03	6.297323186627438190e+03	7.992577564791718032e+03
1.291549665014883955e-02	4.028841701061212007e+03	3.168227560198386527e+03	6.241606836973766804e+03	7.759215808256803030e+03
1.318920380588532899e-02	3.937777236124489264e+03	3.125143821190461040e+03	6.185655033517145966e+03	7.531749575563251710e+03
1.346871140500627631e-02	3.848250440045434971e+03	3.082215727868036993e+03	6.129482100397965951e+03	7.310102695230732024e+03
1.375414237138396570e-02	3.760285338206791948e+03	3.039464370880557453e+03	6.073110396030752781e+03	7.094286375537067215e+03
1.404562223391196511e-02	3.673822984931556675e+03	2.996880185783212710e+03	6.016530331719583046e+03	6.884023063874222316e+03
1.434327918171109106e-02	3.588842511693944743e+03	2.954463268352666091e+03	5.959740571987164003e+03	6.679158794811801272e+03
1.464724412050539583e-02	3.505345879609266831e+03	2.912226761600463306e+03	5.902755861273312803e+03	6.479640368805065009e+03
1.495765073019278586e-02	3.423354404926723419e+03	2.870192653724136107e+03	5.845601922977992217e+03	6.285447013678281110e+03
1.527463552363575450e-02	3.342809761480762063e+03	2.828352670692500396e+03	5.788271940855461253e+03	6.096343081527552386e+03
1.559833790669801906e-02	3.263692003016330546e+03	2.786706390138983352e+03	5.730764363312881869e+03	5.912182986273794086e+03
1.592890023955338338e-02	3.186001879474034013e+03	2.745265870977734721e+03	5.673093342492967167e+03	5.732901282546094990e+03
1.626646789929399317e-02	3.109758103232824851e+03	2.704051679562041954e+03	5.615283241034495404e+03	5.558490505798298727e+03
1.661118934386526108e-02	3.034903222612746958e+03	2.663056734419734767e+03	5.557330115932520130e+03	5.388728631189398584e+03
1.696321617735579643e-02	2.961418169296754513e+03	2.622280937415090648e+03	5.499234108436205133e+03	5.223486087392992886e+03
1.732270321667098503e-02	2.889302584094847589e+03	2.581735503349293140e+03	5.441009521359275823e+03	5.062696785483704844e+03
1.768980855961942850e-02	2.818572691544955887e+03	2.541440730222547700e+03	5.382681132100190553e+03	4.906358785557266856e+03
1.806469365444235767e-02	2.749172149942828128e+03	2.501388048064456598e+03	5.324243107480991057e+03	4.754257032489413177e+03
1.844752337081655841e-02	2.681082729033232681e+03	2.461577612573486931e+03	5.265696509484164380e+03	4.606274520608816601e+03
1.883846607236187159e-02	2.614303063456299242e+03	2.422020892467257454e+03	5.207057896648346286e+03	4.462350310485309819e+03
1.923769369068539445e-02	2.548847016444743531e+03	2.382738498443440221e+03	5.148355149579861063e+03	4.322474527203092293e+03
1.964538180099485026e-02	2.484659570327979509e+03	2.343719672175447158e+03	5.089579739482517653e+03	4.186453039627370345e+03
2.006170969931423895e-02	2.421723297118884602e+03	2.304964598296645363e+03	5.030733788146063489e+03	4.054171147241399922e+03
2.048686048133601528e-02	2.360035929214472617e+03	2.266486584763862993e+03	4.971838342983985058e+03	3.925589309060661435e+03
2.092102112294418406e-02	2.299609101637662661e+03	2.228305446435522299e+03	4.912921214503123338e+03	3.800690987245495762e+03
2.136438256244391209e-02	2.240389314658536478e+03	2.190407069863693323e+03	4.853969117365987586e+03	3.679289705884206796e+03
2.181713978453380873e-02	2.182359910482716714e+03	2.152793424537530427e+03	4.794987823136216321e+03	3.561288586829263750e+03
2.227949190605761978e-02	2.125517822208548750e+03	2.115478372801100704e+03	4.736000004224349141e+03	3.446644688203958594e+03
2.275164226357336353e-02	2.069872596354934558e+03	2.078479025232921686e+03	4.677031295659377065e+03	3.335338457425533306e+03
2.323379850277806913e-02	2.015372422920214149e+03	2.041778472321233949e+03	4.618063500364115498e+03	3.227190638404092624e+03
2.372617266982774559e-02	1.962001385524942634e+03	2.005383422389759744e+03	4.559111918449721088e+03	3.122132523905258040e+03
2.422898130459259780e-02	1.909755719805632907e+03	1.969307283262947294e+03	4.500201243135836194e+03	3.020117183542943621e+03
2.474244553588843265e-02	1.858643027972850405e+03	1.933561034886747393e+03	4.441347531747748690e+03	2.921121789379899383e+03
2.526679117872631872e-02	1.808613339444930944e+03	1.898132281939008408e+03	4.382542093066460438e+03	2.824982014597723719e+03
2.580224883362318075e-02	1.759651453691106099e+03	1.863029394503228332e+03	4.323804961776981145e+03	2.731642005827024150e+03
2.634905398801689475e-02	1.711753008089354125e+03	1.828258625868219497e+03	4.265147563440461454e+03	2.641043848331751633e+03
2.690744711983068457e-02	1.664923808023536594e+03	1.793832707083425248e+03	4.206590698510927723e+03	2.553170298308152724e+03
2.747767380323228384e-02	1.619115849752801751e+03	1.759742887887489360e+03	4.148132840821478567e+03	2.467885650745429302e+03
2.805998481663422514e-02	1.574314625714755493e+03	1.725990684888006172e+03	4.089781397115390973e+03	2.385120070285018301e+03
2.865463625298309350e-02	1.530515271411877166e+03	1.692583086654990211e+03	4.031551303888962138e+03	2.304827008351159293e+03
2.926188963238583740e-02	1.487721944114181042e+03	1.659537614488979671e+03	3.973476219324269096e+03	2.226994232102816113e+03
2.988201201712300387e-02	1.445888712337808101e+03	1.626840069972632591e+03	3.915544862885186376e+03	2.151490411571996447e+03
3.051527612909937445e-02	1.405001741102612868e+03	1.594490917609935877e+03	3.857762777613419075e+03	2.078250232492791383e+03
3.116196046978347151e-02	1.365055756420933676e+03	1.562502695490104543e+03	3.800158600153858970e+03	2.007244387470016591e+03
3.182234944268905880e-02	1.326053416458985112e+03	1.530886195992252851e+03	3.742751828769992244e+03	1.938446351158920379e+03
3.249673347845206950e-02	1.287950945686033492e+03	1.499625150424227286e+03	3.685526560764578790e+03	1.871736926891852590e+03
3.318540916255835471e-02	1.250735163154070506e+03	1.468727273824027179e+03	3.628506274646760176e+03	1.807069540483021228e+03
3.388867936577820428e-02	1.214400473459122850e+03	1.438196727010572431e+03	3.571701855449289269e+03	1.744406307579269878e+03
3.460685337736497946e-02	1.178948183350343470e+03	1.408045919176667894e+03	3.515140813385884030e+03	1.683719770874894493e+03
3.534024704107661952e-02	1.144336735708541255e+03	1.378263515255492848e+03	3.458819020588270632e+03	1.624913236239176513e+03
3.608918289407971741e-02	1.110553586923341527e+03	1.348848731192759942e+03	3.402740424843594610e+03	1.567931107160515467e+03
3.685399030879719234e-02	1.077592903150237134e+03	1.319809848996068467e+03	3.346926244431703708e+03	1.512747558629423565e+03
3.763500563776207147e-02	1.045454784647364022e+03	1.291158566460417887e+03	3.291403298799295499e+03	1.459338072985476629e+03
3.843257236154112161e-02	1.014099935162719021e+03	1.262877545365483684e+03	3.236154307997313026e+03	1.407603285213603385e+03
3.924704123979310538e-02	9.835164327053252009e+02	1.234972613766222821e+03	3.181199849585898392e+03	1.357505869097569303e+03
4.007877046552850431e-02	9.536982827295596508e+02	1.207448375700512770e+03	3.126555732012005137e+03	1.309015277918040283e+03
4.092812582263813392e-02	9.246445201670890128e+02	1.180314593252565373e+03	3.072246953731873873e+03	1.262106903301880720e+03
4.179548084676026898e-02	8.963181323977862576e+02	1.153557274655755464e+03	3.018260749398700682e+03	1.216698889131498618e+03
4.268121698955689575e-02	8.687078046419273960e+02	1.127176230389231705e+03	2.964604723372393437e+03	1.172748043487847326e+03
4.358572378647117967e-02	8.418074532621880053e+02	1.101179076266866332e+03	2.911303029228708965e+03	1.130231758423596148e+03
4.450939902804028347e-02	8.156151842020065033e+02	1.075574729044772312e+03	2.858381094568758272e+03	1.089127380236549698e+03
4.545264893483848267e-02	7.900962732320584792e+02	1.050346464380886346e+03	2.805821303310371150e+03	1.049356225684862238e+03
4.641588833612779463e-02	7.652399987390795104e+02	1.025498728838894294e+03	2.753642790591856738e+03	1.010887841338646581e+03
4.739954085229469011e-02	7.410402537091770228e+02	1.001032077427942909e+03	2.701850998491969676e+03	9.736910212304921970e+02
4.840403908115278181e-02	7.174943454565864158e+02	9.769577867875394759e+02	2.650479851010195944e+03	9.377526300700886850e+02
4.942982478819387543e-02	6.945698259155577716e+02	9.532592172038559966e+02	2.599511335500392306e+03	9.030002178086382401e+02
5.047734910087089966e-02	6.722565529077043038e+02	9.299379811643137828e+02	2.548959868392396402e+03	8.694023010598779138e+02
5.154707270699779992e-02	6.505484556000528755e+02	9.069986068354045301e+02	2.498842019734714995e+03	8.369370722769434678e+02
5.263946605735428386e-02	6.294421661789180007e+02	8.844459636519759442e+02	2.449175005784279620e+03	8.055864594517173600e+02
5.375500957258409762e-02	6.089074850375087635e+02	8.622666128933312848e+02	2.399948852778500623e+03	7.752872442427051283e+02
5.489419385447772554e-02	5.889348357679303945e+02	8.404597740485521626e+02	2.351171969262120001e+03	7.460107347120450640e+02
5.605751990173300781e-02	5.695182367777298396e+02	8.190316965336857038e+02	2.302869016441415170e+03	7.177393599981121497e+02
5.724549933028778848e-02	5.506537613982829953e+02	7.979846230083987848e+02	2.255049560759227916e+03	6.904539393206441673e+02
5.845865459832211286e-02	5.323134165171186396e+02	7.773051954696347821e+02	2.207703038358085905e+03	6.640981131187202209e+02
5.969751923602879817e-02	5.144881776724716929e+02	7.569929344587897049e+02	2.160839116456115335e+03	6.386483639152382921e+02
6.096263808025296355e-02	4.971721993677182923e+02	7.370517679738181869e+02	2.114477432071117619e+03	6.140855016659253351e+02
6.225456751410456124e-02	4.803611040413718456e+02	7.174855294678455948e+02	2.068633562381335196e+03	5.903937306819510695e+02
6.357387571164835327e-02	4.640290508307821824e+02	6.982783358534944682e+02	2.023287908256250830e+03	5.675225874609195671e+02
6.492114288777969811e-02	4.481675528896361698e+02	6.794312675645177251e+02	1.978455786321993401e+03	5.454504357298857258e+02
6.629696155339574737e-02	4.327709414526829050e+02	6.609460594434690393e+02	1.934150574380444596e+03	5.241603016118635878e+02
6.770193677597398374e-02	4.178344874117200334e+02	6.428267671834058774e+02	1.890389959386667442e+03	5.036378890766322911e+02
6.913668644567325106e-02	4.033344371173620857e+02	6.250570938320830692e+02	1.847152179513828059e+03	4.838376595188691454e+02
7.060184154707406512e-02	3.892628263908039230e+02	6.076382172219857694e+02	1.804453070404496202e+03	4.647408052722403227e+02
7.209804643667737378e-02	3.756141978348088628e+02	5.905705508641095776e+02	1.762301524166232412e+03	4.463317883006339457e+02
7.362595912628441819e-02	3.623835610572745622e+02	5.738573776310063295e+02	1.720715043340408101e+03	4.285974974088101703e+02
7.518625157238204015e-02	3.495491755137368841e+02	5.574833164161830155e+02	1.679673545136630992e+03	4.114970470360768218e+02
7.677960997166025092e-02	3.371035839326651740e+02	5.414485336422206956e+02	1.639189063457339444e+03	3.950148834330030354e+02
7.840673506279315086e-02	3.250415693050121035e+02	5.257530403847562184e+02	1.599269109540734462e+03	3.791355277433386277e+02
8.006834243461452560e-02	3.133579605406608266e+02	5.103993563348932980e+02	1.559931344405069012e+03	3.638481524752522205e+02
8.176516284082480102e-02	3.020329490249781657e+02	4.953727332547875903e+02	1.521155590442813718e+03	3.491158548309019238e+02
8.349794252136732986e-02	2.910595676031242078e+02	4.806717997189011271e+02	1.482947295586226119e+03	3.349247908013389861e+02
8.526744353061486981e-02	2.804328635601767132e+02	4.662972765053995658e+02	1.445318160761558374e+03	3.212619806664711746e+02
8.707444407251174745e-02	2.701475552365577073e+02	4.522505288728156074e+02	1.408283404111776917e+03	3.081159571075440340e+02
8.891973884281766105e-02	2.601856799956642590e+02	4.385170926998062555e+02	1.371819925612959196e+03	2.954560300871635832e+02
9.080413937860487561e-02	2.505407427189579153e+02	4.250949036881231677e+02	1.335931768237596543e+03	2.832676354923997337e+02
9.272847441516200717e-02	2.412080746698507880e+02	4.119857118649291579e+02	1.300635461333759167e+03	2.715418324166593038e+02
9.469359025046093781e-02	2.321823415729152771e+02	3.991876732478364715e+02	1.265933787440916831e+03	2.602654363688008630e+02
9.670035111734798239e-02	2.234473393345697048e+02	3.866884956265053574e+02	1.231809766817016225e+03	2.494128918204948491e+02
9.874963956362264872e-02	2.149970248535184112e+02	3.744859630340112631e+02	1.198268037407679685e+03	2.389718203259579354e+02
1.008423568401705106e-01	2.068270335438245979e+02	3.625806599315637300e+02	1.165318869096483695e+03	2.289332921935362322e+02
1.029794232973221257e-01	1.989320115787615180e+02	3.509703810673452153e+02	1.132965669607043310e+03	2.192858312488252182e+02
1.051617787896111378e-01	1.912974387998179964e+02	3.396433192759267286e+02	1.101191211215860221e+03	2.100068423776919815e+02
1.073903830891107247e-01	1.839176978913979497e+02	3.285971838117366133e+02	1.069997910877659706e+03	2.010854598623888023e+02
1.096662163075285135e-01	1.767887390905240750e+02	3.178313336560215703e+02	1.039393145399416426e+03	1.925135423251447264e+02
1.119902793272475605e-01	1.699052285981668149e+02	3.073443037417249570e+02	1.009382969589446589e+03	1.842808329412083879e+02
1.143635942415015677e-01	1.632542386360343869e+02	2.971238274139726059e+02	9.799450278808669736e+02	1.763677258229469089e+02
1.167872048038782751e-01	1.568305556562914660e+02	2.871678650291734698e+02	9.510840484381512852e+02	1.687646537942437703e+02
1.192621768873494831e-01	1.506304348915614639e+02	2.774754605796379110e+02	9.228042098425120230e+02	1.614641300168528630e+02
1.217895989530276418e-01	1.446486432844023113e+02	2.680443830870206057e+02	8.951098715795229737e+02	1.544574411242657277e+02
1.243705825288575900e-01	1.388737039147546000e+02	2.588632879753055818e+02	8.679796029885767439e+02	1.477269247810156116e+02
1.270062626984522769e-01	1.333008007023250912e+02	2.499294782796652612e+02	8.414142254801887475e+02	1.412642542280945008e+02
1.296977986002878502e-01	1.279264831111649698e+02	2.412426087897156606e+02	8.154217916685842056e+02	1.350635810163733481e+02
1.324463739374786009e-01	1.227456837291008895e+02	2.327988525904100641e+02	7.899983098789571159e+02	1.291156807333821632e+02
1.352531974983535168e-01	1.177482435191635375e+02	2.245883533260431193e+02	7.651270597811566176e+02	1.234063782844164479e+02
1.381195036880665805e-01	1.129297342623456899e+02	2.166082169206025014e+02	7.408069814254816947e+02	1.179282225305254883e+02
1.410465530714722360e-01	1.082869880054334573e+02	2.088574328389894958e+02	7.170430426020442383e+02	1.126753560935756866e+02
1.440356329275057634e-01	1.038151536933831522e+02	2.013321926314218899e+02	6.938312017783222245e+02	1.076403336228052439e+02
1.470880578153118678e-01	9.950526566342328749e+01	1.940231864521460921e+02	6.711545259426422945e+02	1.028104041197799461e+02
1.502051701523716420e-01	9.535327110790264271e+01	1.869273675828297883e+02	6.490104327980559447e+02	9.817899347351155370e+01
1.533883408048797858e-01	9.135627227664679140e+01	1.800435814748954897e+02	6.274028586023983962e+02	9.374150088817607696e+01
1.566389696906345663e-01	8.750967249706665996e+01	1.733679001804403867e+02	6.063270500960172740e+02	8.949072510605003572e+01
1.599584863947036695e-01	8.380558333648676239e+01	1.668915755313426530e+02	5.857656498037143820e+02	8.541586789464766127e+01
1.633483507981373095e-01	8.024031259562940477e+01	1.606113620937826170e+02	5.657146294390322510e+02	8.151139886863998640e+01
1.668100537200059019e-01	7.681121968258653965e+01	1.545263177366745140e+02	5.461783081384619436e+02	7.777303886796586596e+01
1.703451175730422984e-01	7.351398921276432930e+01	1.486320043445322483e+02	5.271491032176406861e+02	7.419430510052033867e+01
1.739550970331800450e-01	7.034170202753905699e+01	1.429204618689725521e+02	5.086106414483534763e+02	7.076623721315934290e+01
1.776415797232799298e-01	6.729100982229768135e+01	1.373886986066112001e+02	4.905593048137343999e+02	6.748383771047080870e+01
1.814061869113461622e-01	6.435951559473980410e+01	1.320351153153656867e+02	4.729958140624646035e+02	6.434317436529484269e+01
1.852505742235391883e-01	6.154320248994829967e+01	1.268555899998499399e+02	4.559132504791343194e+02	6.133890291900169700e+01
1.891764323722997243e-01	5.883602064317252456e+01	1.218425382934811694e+02	4.392944928598927845e+02	5.846299842724803852e+01
1.931854878999012814e-01	5.623494744915214483e+01	1.169932434896800970e+02	4.231364861164435638e+02	5.571125892266339719e+01
1.972795039377621684e-01	5.373781555287483513e+01	1.123058918848896468e+02	4.074382930335972333e+02	5.308038972724867932e+01
2.014602809818480389e-01	5.134091558090559460e+01	1.077765547643220856e+02	3.921930566832304521e+02	5.056555357907418369e+01
2.057296576845067948e-01	4.903897471385550944e+01	1.033980504172873225e+02	3.773831639706718306e+02	4.815980761077082661e+01
2.100895116630852322e-01	4.682927678883733336e+01	9.916778189652386288e+01	3.630053417586563569e+02	4.585968460834668292e+01
2.145417603256798700e-01	4.470986989531246536e+01	9.508387838814888937e+01	3.490575499633577579e+02	4.366221640895587086e+01
2.190883617143895290e-01	4.267735412381203730e+01	9.114248131263114772e+01	3.355324615870558773e+02	4.156308717946768638e+01
2.237313153664367560e-01	4.072714890552699529e+01	8.733710433051162170e+01	3.224135807716909881e+02	3.955656068244359602e+01
2.284726631935388719e-01	3.885682455550759329e+01	8.366508838092656219e+01	3.096963729071401872e+02	3.763955667122895932e+01
2.333144903799153069e-01	3.706463031272634367e+01	8.012470390476640603e+01	2.973789380133945883e+02	3.580947363844679643e+01
2.382589262993237145e-01	3.534747193616026806e+01	7.671207904608388617e+01	2.854527817865568409e+02	3.406254263138156801e+01
2.433081454515323150e-01	3.370138345596328833e+01	7.342133133631341479e+01	2.739023029611366269e+02	3.239395234803923529e+01
2.484643684186368384e-01	3.212420135101437779e+01	7.025001079601427989e+01	2.627232415638086991e+02	3.080097687112876059e+01
2.537298628416438939e-01	3.061436173396116089e+01	6.719629094317424745e+01	2.519122869513498983e+02	2.928139034142800057e+01
2.591069444177515613e-01	2.916906758234258135e+01	6.425652189866883646e+01	2.414612129924937278e+02	2.783194300194092108e+01
2.645979779187619951e-01	2.778489668607553043e+01	6.142533135294478797e+01	2.313549972507477719e+02	2.644852886358011190e+01
2.702053782310787078e-01	2.645993132338468712e+01	5.870039494802649926e+01	2.215889641974041808e+02	2.512880929865759327e+01
2.759316114177428059e-01	2.519278035984892128e+01	5.607996618646593134e+01	2.121597505032755748e+02	2.387086659949452283e+01
2.817791958029755572e-01	2.398093188617556137e+01	5.356048366072514710e+01	2.030583963246476173e+02	2.267186710392703120e+01
2.877507030797054055e-01	2.282144307628628965e+01	5.113726215534850894e+01	1.942716388866334967e+02	2.152837945494608363e+01
2.938487594405665426e-01	2.171262186318124066e+01	4.880799182488720334e+01	1.857939930326020601e+02	2.043836170671942654e+01
3.000760467328633108e-01	2.065323601379346030e+01	4.657113860580619757e+01	1.776226108025492749e+02	1.940023085784837775e+01
3.064353036380134121e-01	1.964104387380407601e+01	4.442315186131333604e+01	1.697474345769244906e+02	1.841145356095276497e+01
3.129293268759847368e-01	1.867352372660122484e+01	4.236002910126178733e+01	1.621571042799615725e+02	1.746923236292795067e+01
3.195609724352570513e-01	1.774918946440914880e+01	4.037943944852122513e+01	1.548453108385515975e+02	1.657171061450132044e+01
3.263331568288500573e-01	1.686695428628072335e+01	3.848009634784496313e+01	1.478097630143699632e+02	1.571765799486409598e+01
3.332488583769670498e-01	1.602482996718634567e+01	3.665858126040185994e+01	1.410400972421746530e+02	1.490481463176277188e+01
3.403111185168231634e-01	1.522066335739472898e+01	3.491134656510561030e+01	1.345259234465728184e+02	1.413082957813625562e+01
3.475230431402304698e-01	1.445315526334208300e+01	3.323632220673181337e+01	1.282613868977195750e+02	1.339419645601702236e+01
3.548878039595292910e-01	1.372135131084916537e+01	3.163214321256100447e+01	1.222433641348223006e+02	1.269375599407763744e+01
3.624086399024666338e-01	1.302349860967304451e+01	3.009582603256299294e+01	1.164626849202730341e+02	1.202766910256115018e+01
3.700888585366366446e-01	1.235776539025710896e+01	2.862412396200215525e+01	1.109092832041030903e+02	1.139392020869000177e+01
3.779318375241043637e-01	1.172302113129218881e+01	2.721515550562095953e+01	1.055776324169116691e+02	1.079122698832651039e+01
3.859410261068597081e-01	1.111843143514753507e+01	2.586772743884209547e+01	1.004648315397709837e+02	1.021866381160961446e+01
3.941199466237500504e-01	1.054245996499231985e+01	2.457898575431686083e+01	9.556164364299520741e+01	9.674563704372008743e+00
4.024721960595590287e-01	9.993554125742862837e+00	2.334616195917090664e+01	9.085926725604392118e+01	9.157321695539355488e+00
4.110014476269163164e-01	9.470734759517512202e+00	2.216757440154121639e+01	8.635265874848921897e+01	8.665849342504770902e+00
4.197114523817274123e-01	8.973275610710972572e+00	2.104197868008647276e+01	8.203809967409559079e+01	8.199306741366362061e+00
4.286060408728412652e-01	8.499837924068078365e+00	1.996695614986598599e+01	7.790788121701041291e+01	7.756327555338346613e+00
4.376891248266767120e-01	8.049110684815405037e+00	1.894001663366828581e+01	7.395367447956581941e+01	7.335562805003905673e+00
4.469646988675492483e-01	7.620249813397126815e+00	1.795956870697008156e+01	7.017024618392495938e+01	6.936074809813263187e+00
4.564368422744575216e-01	7.212626029774704683e+00	1.702462087078550823e+01	6.655490033465407862e+01	6.557199997649599155e+00
4.661097207750954374e-01	6.825079406159773043e+00	1.613291794234758569e+01	6.309994830810730093e+01	6.197753710658444604e+00
4.759875883778879602e-01	6.456507158569685600e+00	1.528224666330837422e+01	5.979768750995204130e+01	5.856580818094359486e+00
4.860747892428489703e-01	6.106185090877903399e+00	1.447131391946231460e+01	5.664403661337613016e+01	5.532962935009399175e+00
4.963757595920870180e-01	5.773570436683145068e+00	1.369913982431874366e+01	5.363587476988600145e+01	5.226324584046145638e+00
5.068950296608012440e-01	5.457663884138304056e+00	1.296366948068114411e+01	5.076591024413362874e+01	4.935619497977142167e+00
5.176372256896176749e-01	5.157541421452943808e+00	1.226309215204005199e+01	4.802792643448092491e+01	4.659944103857256437e+00
5.286070719591531297e-01	4.872584667116727886e+00	1.159621989434940126e+01	4.541789844248377506e+01	4.398676744974147290e+00
5.398093928676924724e-01	4.602327636192971916e+00	1.096213303351010460e+01	4.293267858335358511e+01	4.151321053443506770e+00
5.512491150528981976e-01	4.345914216017446208e+00	1.035906352487432258e+01	4.056593020394156923e+01	3.917027952619584585e+00
5.629312695584811621e-01	4.102573255588953138e+00	9.785452204108311847e+00	3.831215047883492275e+01	3.695043928098564745e+00
5.748609940467923618e-01	3.871779261706243425e+00	9.240229192366257394e+00	3.616753708658234245e+01	3.484840840342012136e+00
5.870435350582976497e-01	3.653134037095052022e+00	8.722591134884181585e+00	3.412928485125198108e+01	3.286004026965841707e+00
5.994842503189414806e-01	3.445908234732662390e+00	8.230990263306686927e+00	3.219172352791583336e+01	3.097821807380260140e+00
6.121886110964055439e-01	3.249460871868354861e+00	7.764100420163411620e+00	3.035006294011363082e+01	2.919690945362956924e+00
6.251622046063020077e-01	3.063347551266180968e+00	7.320980169931027959e+00	2.860085940108075775e+01	2.751165764922333778e+00
6.384107364693620834e-01	2.887229610152452608e+00	6.900920661428846081e+00	2.694154927021376622e+01	2.591895285264796733e+00
6.519400332206916060e-01	2.720489145361523420e+00	6.502577465909543442e+00	2.536710033480186155e+01	2.441291414887649669e+00
6.657560448722088520e-01	2.562595555561109073e+00	6.124812509379872871e+00	2.387328751704436769e+01	2.298851054794085247e+00
6.798648475293831428e-01	2.413174859101673064e+00	5.766827652426483652e+00	2.245716912443663560e+01	2.164210422450679072e+00
6.942726460634290886e-01	2.271940403363012173e+00	5.428009798036310229e+00	2.111647610997620816e+01	2.037088705126704813e+00
7.089857768401280902e-01	2.138371599358830810e+00	5.107188628701660349e+00	1.984672363222999181e+01	1.916989687675316967e+00
7.240107105064845783e-01	2.012031051382021207e+00	4.803395180879260096e+00	1.864423228607859429e+01	1.803500793704928773e+00
7.393540548364295750e-01	1.892605585298527293e+00	4.515944883033153445e+00	1.750641871009589323e+01	1.696324312434072112e+00
7.550225576368376768e-01	1.779853745172493173e+00	4.244316116739925704e+00	1.643132393002959546e+01	1.595229653782590740e+00
7.710231097151263313e-01	1.673339356822185264e+00	3.987508978468075949e+00	1.541506597779405041e+01	1.499804358677240046e+00
7.873627479097432547e-01	1.572703387391950702e+00	3.744706965855217007e+00	1.445448967008569241e+01	1.409711200230519212e+00
8.040486581848822478e-01	1.477684886967130184e+00	3.515320998305929479e+00	1.354731848561051422e+01	1.324705579851418680e+00
8.210881787907730045e-01	1.388081464853952784e+00	3.298901273528370925e+00	1.269182236851943202e+01	1.244598990926679472e+00
8.384888034909533383e-01	1.303529697341614169e+00	3.094611528852139415e+00	1.188473792906261473e+01	1.169057450258075725e+00
8.562581848579297050e-01	1.223736146366141142e+00	2.901767544678540922e+00	1.112337004480798086e+01	1.097806414753939475e+00
8.744041376386801900e-01	1.148484468609528353e+00	2.719868247071543177e+00	1.040574997321054873e+01	1.030643341686047210e+00
8.929346421914835519e-01	1.077605857982217419e+00	2.548526783864317746e+00	9.730362579788627286e+00	9.674098267557478259e-01
9.118578479955742333e-01	1.010799186582523435e+00	2.387034124752344333e+00	9.094395393315538811e+00	9.078301294261748033e-01
9.311820772351820930e-01	9.478256790114827357e-01	2.234828354554409202e+00	8.495619535713467840e+00	8.516857796244545753e-01
9.509158284595223831e-01	8.885068826459392444e-01	2.091491235220062084e+00	7.932373863745617371e+00	7.988135532020994578e-01
9.710677803203476843e-01	8.327027077823080381e-01	1.956697186511588082e+00	7.403368633323870185e+00	7.490851306781644015e-01
9.916467953887124764e-01	7.801650321069489857e-01	1.829854134455610737e+00	6.906237570553667382e+00	7.022752986190996527e-01
1.012661924052612461e+00	7.307004264527291459e-01	1.710498749549050235e+00	6.439122254997642791e+00	6.582080828075307366e-01
1.034122408497234025e+00	6.841624463582174354e-01	1.598281275711131988e+00	6.000617666568040853e+00	6.167502625311943598e-01
1.056037686769547568e+00	6.404354222610652014e-01	1.492925826143730372e+00	5.589612679731369660e+00	5.777960913315005609e-01
1.078417396929040706e+00	5.993160488739567304e-01	1.393940806567872670e+00	5.204129022476934097e+00	5.411616388595597016e-01
1.101271381286411888e+00	5.606483418483459991e-01	1.300949260983595535e+00	4.842646744028209937e+00	5.067060890852611577e-01
1.124609690732098155e+00	5.243127454177314295e-01	1.213663713832510371e+00	4.504006380253811948e+00	4.743222483866524342e-01
1.148442589156521310e+00	4.902142426385178720e-01	1.131853059250351290e+00	4.187264044324167322e+00	4.439243747264682849e-01
1.172780557964020254e+00	4.581871848411894210e-01	1.055113904836262106e+00	3.890792418283906429e+00	4.153642947340034919e-01
1.197634300682437924e+00	4.281063634227602055e-01	9.831411196842066991e-01	3.613356522579730168e+00	3.885301110301535021e-01
1.223014747670394531e+00	3.998746845679401751e-01	9.156965009985833515e-01	3.353984486282886479e+00	3.633347263130548566e-01
1.248933060924324545e+00	3.734145009529113990e-01	8.525898222687865458e-01	3.111898496747843357e+00	3.397087877345516538e-01
1.275400638987373769e+00	3.485916074306190660e-01	7.934925168753053093e-01	2.885771821905381618e+00	3.175329400553603132e-01
1.302429121962336289e+00	3.253059694689133807e-01	7.381584598191885949e-01	2.674604314307655883e+00	2.967181435101131082e-01
1.330030396630823342e+00	3.034791520185899927e-01	6.863948913346619163e-01	2.477611159992925138e+00	2.771947713152632109e-01
1.358216601680917401e+00	2.830480347647810757e-01	6.380440593643333935e-01	2.294139993291888224e+00	2.589066216985700941e-01
1.387000133045610317e+00	2.639045047990682957e-01	5.928396371820692234e-01	2.123115384446302212e+00	2.417577458498273990e-01
1.416393649354382722e+00	2.459690205908950933e-01	5.505849934769767584e-01	1.963738228136209685e+00	2.256777188951922808e-01
1.446410077500298819e+00	2.291785588040227695e-01	5.111245110158779692e-01	1.815375058258210883e+00	2.106110242266372723e-01
1.477062618325094778e+00	2.134820803928775823e-01	4.743303988474061317e-01	1.677498835753299389e+00	1.965125462264200040e-01
1.508364752424737887e+00	1.987929898401514794e-01	4.399888241110773146e-01	1.549247913882253913e+00	1.833056828736439881e-01
1.540330246078020826e+00	1.850483462548866420e-01	4.079432238112575826e-01	1.429986596891586803e+00	1.709348034405632766e-01
1.572973157300799230e+00	1.721977834266048002e-01	3.780681882932752091e-01	1.319203578163808510e+00	1.593555561058809522e-01
1.606307842028519950e+00	1.602002527151421551e-01	3.502611106147175968e-01	1.216477990298273859e+00	1.485320100130105569e-01
1.640348960429783842e+00	1.489867930435840038e-01	3.243516852397488881e-01	1.121126902459331331e+00	1.384032524213679727e-01
1.675111483353698638e+00	1.385078441910532754e-01	3.002163540402761899e-01	1.032650060964542371e+00	1.289255240533738189e-01
1.710610698913865635e+00	1.287233752147762533e-01	2.777555516895680587e-01	9.506437594986970607e-01	1.200637850007913177e-01
1.746862219211904321e+00	1.196005515213151710e-01	2.568870158719503971e-01	8.747719757387136807e-01	1.117893756571193831e-01
1.783881987203444153e+00	1.110847743928320003e-01	2.374756339563059981e-01	8.044951727570791578e-01	1.040540239812229456e-01
1.821686283709640364e+00	1.031372144165235843e-01	2.194256312817671195e-01	7.394300234083485135e-01	9.682375967799657090e-02
1.860291734577268707e+00	9.572623106157461537e-02	2.026581197552739244e-01	6.792580518936923717e-01	9.007088097936480353e-02
1.899715317990559260e+00	8.882570436603130781e-02	1.871070752488899203e-01	6.237100437155501664e-01	8.377240654039702639e-02
1.939974371937992492e+00	8.239266002507929232e-02	1.726676094816153029e-01	5.723730593462853511e-01	7.789057760912751482e-02
1.981086601837313665e+00	7.639683021684173791e-02	1.592646611011284685e-01	5.249477705498774016e-01	7.239877621427624754e-02
2.023070088322156401e+00	7.081334617775329743e-02	1.468364548145051074e-01	4.811870006767140495e-01	6.727526168408114182e-02
2.065943295193674256e+00	6.562154487183646800e-02	1.353315052941879149e-01	4.408837755113748091e-01	6.250205297779272418e-02
2.109725077540682392e+00	6.078780152409805904e-02	1.246675426909262113e-01	4.037163595020620277e-01	5.804928384541831188e-02
2.154434690031884259e+00	5.628864362132056376e-02	1.147870085801502293e-01	3.694584084487567144e-01	5.389636009164731206e-02
2.200091795383838367e+00	5.210463555998338242e-02	1.056416691927083429e-01	3.379185525505980503e-01	5.002620890654235764e-02
2.246716473008353532e+00	4.821952306178988595e-02	9.719122155148732234e-02	3.089365626141433729e-01	4.642465901503226022e-02
2.294329227843169949e+00	4.460715387341009086e-02	8.937257037088652822e-02	2.822695074725899977e-01	4.306855412263714544e-02
2.342950999369765697e+00	4.124942038226411117e-02	8.214152796619104968e-02	2.577453968328876077e-01	3.994198825647379131e-02
2.392603170822269476e+00	3.813122022542724671e-02	7.546123355608838623e-02	2.352205427951177263e-01	3.703174927274704986e-02
2.443307578591545681e+00	3.523983991591691373e-02	6.930013195321049757e-02	2.145706503941341714e-01	3.432663169936020497e-02
2.495086521828544068e+00	3.255506174931509927e-02	6.360991147665173706e-02	1.956125834711740230e-01	3.180862528329973793e-02
2.547962772251191943e+00	3.006299099469010236e-02	5.835704677059828233e-02	1.782178785404527621e-01	2.946547521482055509e-02
2.601959584159102334e+00	2.775196050773322959e-02	5.351327674527086437e-02	1.622778542850439043e-01	2.728692896900829223e-02
2.657100704660517732e+00	2.561208348212381039e-02	4.905447543139675182e-02	1.476992297650467079e-01	2.526433560354902907e-02
2.713410384115983121e+00	2.362782534006660148e-02	4.494412991426490617e-02	1.343461211783988640e-01	2.338383453948813043e-02
2.770913386803353973e+00	2.178858155074297337e-02	4.115686416953300703e-02	1.221228220915767798e-01	2.163595869179915296e-02
2.829635001808795014e+00	2.008539176604829529e-02	3.767109949792516593e-02	1.109476220112650818e-01	2.001275811591873843e-02
2.889601054148607684e+00	1.851061212624867044e-02	3.446854112543805415e-02	1.007512595939036165e-01	1.850752837995711317e-02
2.950837916126738403e+00	1.705237994500484466e-02	3.152169200353066580e-02	9.143327415353712240e-02	1.710962898671469085e-02
3.013372518932980082e+00	1.570264609608624032e-02	2.881165705150483952e-02	8.292384355322442169e-02	1.581190924911922077e-02
3.077232364486974792e+00	1.445456998195405844e-02	2.632225566011774792e-02	7.516303019109554784e-02	1.460822656136979113e-02
3.142445537533192557e+00	1.330227664107220924e-02	2.403948834457830461e-02	6.809867679798081719e-02	1.349335144556130898e-02
3.209040717992251324e+00	1.223676380435482873e-02	2.194292817550341085e-02	6.165790575254980616e-02	1.245915612775007342e-02
3.277047193573979555e+00	1.125195591423882105e-02	2.001857625913884206e-02	5.579010263190269797e-02	1.150022316862996802e-02
3.346494872657771680e+00	1.034266211884623567e-02	1.825429372350449372e-02	5.045115838852760881e-02	1.061184276658821979e-02
3.417414297445926952e+00	9.504393895709329493e-03	1.663968253493967528e-02	4.560338102947532335e-02	9.790030512593849224e-03
3.489836657395697816e+00	8.730362733826029648e-03	1.515959318785253286e-02	4.119390216442193886e-02	9.028607026110808953e-03
3.563793802936028321e+00	8.016008610406676407e-03	1.380369802916085915e-02	3.718624334241789342e-02	8.323444808772183928e-03
3.639318259474964901e+00	7.357416587108360495e-03	1.256304517704516510e-02	3.354868591863257449e-02	7.670987660541097285e-03
3.716443241703908829e+00	6.751178047736814541e-03	1.142990177418007347e-02	3.025389663318110017e-02	7.068176481788536816e-03
3.795202668205029717e+00	6.192206513566569925e-03	1.039317582620132713e-02	2.726416493370997091e-02	6.510345671660555146e-03
3.875631176368202979e+00	5.677099041377434152e-03	9.445285714468194121e-03	2.455336203325890823e-02	5.994359834326548273e-03
3.957764137624104617e+00	5.202921238309975160e-03	8.579700234772554696e-03	2.209898499754543374e-02	5.517535658989275969e-03
4.041637673000112230e+00	4.767100343397109169e-03	7.790726712369458115e-03	1.988145908453970226e-02	5.077559577910808336e-03
4.127288669005872102e+00	4.365849794642400264e-03	7.070273440629283243e-03	1.787400991155773181e-02	4.670898086866877123e-03
4.214754793855508552e+00	3.996644875381497909e-03	6.412862208369477998e-03	1.605829244346872187e-02	4.295215878394483683e-03
4.304074514033643162e+00	3.657299925068594783e-03	5.813761480145563688e-03	1.441847188189559689e-02	3.948508291674117897e-03
4.395287111212434539e+00	3.345885028836830758e-03	5.268793341669683779e-03	1.294059512064916172e-02	3.629009460067827032e-03
4.488432699527177050e+00	3.059599778520414454e-03	4.772122301891433896e-03	1.160592579042117947e-02	3.334061995417093513e-03
4.583552243217979161e+00	2.796582070594450572e-03	4.319832907024234378e-03	1.040174792164074401e-02	3.061938530315834375e-03
4.680687574645305382e+00	2.555214264328768605e-03	3.908506233734790163e-03	9.316968574855288496e-03	2.811129199135745538e-03
4.779881412687339015e+00	2.334057679317525034e-03	3.535096338348158677e-03	8.341716368583034641e-03	2.580291071930301740e-03
4.881177381527165515e+00	2.131054966457710149e-03	3.195471007480032294e-03	7.463177060557419848e-03	2.367473378118351880e-03
4.984620029838152888e+00	1.944840941811441749e-03	2.886818809720534743e-03	6.672497341432633358e-03	2.171378553542466488e-03
5.090254850375883322e+00	1.774226067243623922e-03	2.606699667852044582e-03	5.962012870761515884e-03	1.990885426323342478e-03
5.198128299985286915e+00	1.618144605634801387e-03	2.352937053844864155e-03	5.324920927784944705e-03	1.824989255793060079e-03
5.308287820031761584e+00	1.475095269179933603e-03	2.122589510360759109e-03	4.752391033716532945e-03	1.672232471063535677e-03
5.420781857265304815e+00	1.344083252186407647e-03	1.913684324616240270e-03	4.238429914583957334e-03	1.531669655925015300e-03
5.535659885126738011e+00	1.224239528576884966e-03	1.724486648185971161e-03	3.777776297396513282e-03	1.402463473352025388e-03
5.652972425505520704e+00	1.114779644940564265e-03	1.553449974039475311e-03	3.365770076617488962e-03	1.283868626789448544e-03
5.772771070958623518e+00	1.014615556578424152e-03	1.398512786605159673e-03	2.996443989180138517e-03	1.174812942701362189e-03
5.895108507400270703e+00	9.230268064486256202e-04	1.258285317399560456e-03	2.665723360368245712e-03	1.074593150248050535e-03
6.020038537272556667e+00	8.393827200982977845e-04	1.131562218815020593e-03	2.370094094652423593e-03	9.826026261597427171e-04
6.147616103207036886e+00	7.631095908637933189e-04	1.017240642203079979e-03	2.106353385752076594e-03	8.982777298360883258e-04
6.277897312187818990e+00	6.934243320186177792e-04	9.138944634721202220e-04	1.870531939324672661e-03	8.208419440518501453e-04
6.410939460226692255e+00	6.298084242598657760e-04	8.205570217904319509e-04	1.659904017783685789e-03	7.497784620004627242e-04
6.546801057561175696e+00	5.718072422683416955e-04	7.363877866544473339e-04	1.472111454075289210e-03	6.846401466729880227e-04
6.685541854386596761e+00	5.190039218942258661e-04	6.606174834724495284e-04	1.305011140511201650e-03	6.250135402996050788e-04
6.827222867133428963e+00	4.708388298144147808e-04	5.922638522992598048e-04	1.155978726941670918e-03	5.703317107534038163e-04
6.971906405301561804e+00	4.269411370888743411e-04	5.306623548960087353e-04	1.023215721050193790e-03	5.202216770808787416e-04
7.119656098863218929e+00	3.869853568977762613e-04	4.752320001004591032e-04	9.051576111029129229e-04	4.743550526247752321e-04
7.270536926246596643e+00	3.506705614875183473e-04	4.254402152669624782e-04	8.003836150815592503e-04	4.324285259977532210e-04
7.424615242912579127e+00	3.175996762226677116e-04	3.806161704582515341e-04	7.071753226842718721e-04	3.940321700345538716e-04
7.581958810536977289e+00	2.875091888516458842e-04	3.403061219080268768e-04	6.243567188595622189e-04	3.588954286485676755e-04
7.742636826811277295e+00	2.601676814005607092e-04	3.041146134425163705e-04	5.509094044883075742e-04	3.267820108268097343e-04
7.906719955874896399e+00	2.353593392283509023e-04	2.716743565027758826e-04	4.858960050740259817e-04	2.974685681950234263e-04
8.074280359392364659e+00	2.128044885576840046e-04	2.425331380639638703e-04	4.282095057864325179e-04	2.706614255641028402e-04
8.245391728289099831e+00	1.923170851598603192e-04	2.163834753287443061e-04	3.770879774391116537e-04	2.461656722631309717e-04
8.420129315159766037e+00	1.737337518473633640e-04	1.929579068952753777e-04	3.318732924976965266e-04	2.238111600229342234e-04
8.598569967363353328e+00	1.569007255247108581e-04	1.720061135887608671e-04	2.919563124499748095e-04	2.034353713791005878e-04
8.780792160819700598e+00	1.416224981288726978e-04	1.532252821548662548e-04	2.566293126979417847e-04	1.848282301411794965e-04
8.966876034522190508e+00	1.277685743258993119e-04	1.364095194273281771e-04	2.254059093236198210e-04	1.678506894438074515e-04
9.156903425781846906e+00	1.152244361891108655e-04	1.213793007554389770e-04	1.978649501191438308e-04	1.523806586297500511e-04
9.350957906218383187e+00	1.038812555919966678e-04	1.079657462297640172e-04	1.736152132700174067e-04	1.383006810973790989e-04
9.549124818513869073e+00	9.360340198851465113e-05	9.596815833966580115e-05	1.522100296070861864e-04	1.254617328614426712e-04
9.751491313945386707e+00	8.429994708401761575e-05	8.524984405388514469e-05	1.333421457172978997e-04	1.137651115111155872e-04
9.958146390713055851e+00	7.589052747710877853e-05	7.569049918283585676e-05	1.167433489808939096e-04	1.031222314362627252e-04
1.016918093308028581e+01	6.830065694740235466e-05	6.717965512208056843e-05	1.021695283673329762e-04	9.345201441460754103e-05
1.038468775134352740e+01	6.143494962735088422e-05	5.958332159251612814e-05	8.933816697493950803e-05	8.464665195895615716e-05
1.060476162264905220e+01	5.523114519585365186e-05	5.281198652510624793e-05	7.805776716040418745e-05	7.663672021343465631e-05
1.082949933267470577e+01	4.963424920603165774e-05	4.678736558313703690e-05	6.816241124704264774e-05	6.936075024991651369e-05
1.105899971819510696e+01	4.459068451754703366e-05	4.143438860923208422e-05	5.949573043027763528e-05	6.275837469718127985e-05
1.129336371054865928e+01	4.003684331528444023e-05	3.666766874000848488e-05	5.188622731870668202e-05	5.675630013959659712e-05
1.153269438002595848e+01	3.592941027504677946e-05	3.242830809655364928e-05	4.521477272158788571e-05	5.130493105399989078e-05
1.177709698119876869e+01	3.223068973066480928e-05	2.866520152285101974e-05	3.937869715774401782e-05	4.636101454993654463e-05
1.202667899920963279e+01	2.890350138169885824e-05	2.532907424841453968e-05	3.428094023686836773e-05	4.188176643025371581e-05
1.228155019704247053e+01	2.590478131559885295e-05	2.236500578437923526e-05	2.981703497236787610e-05	3.781608848696145638e-05
1.254182266379493349e+01	2.320494783334385529e-05	1.973483482859543457e-05	2.591397365477751433e-05	3.412922100497607045e-05
1.280761086397376225e+01	2.077834799764090675e-05	1.740565756294329153e-05	2.250925867643102142e-05	3.079117225235868181e-05
1.307903168783481007e+01	1.859938948745577556e-05	1.534533500121114803e-05	1.954311849696919066e-05	2.777145223411227182e-05
1.335620450278989146e+01	1.663912582708512115e-05	1.351897788029028739e-05	1.695287881725010136e-05	2.503490130371946806e-05
1.363925120590300821e+01	1.487750490057708678e-05	1.190209219162968693e-05	1.469428696521231824e-05	2.255738365543498436e-05
1.392829627749924271e+01	1.329719627845749497e-05	1.047363509288216513e-05	1.272961350057455548e-05	2.031803412774020593e-05
1.422346683590943783e+01	1.188072781579182272e-05	9.212909232968887903e-06	1.102260357351838700e-05	1.829537653113695494e-05
1.452489269337533528e+01	1.060878379509567973e-05	8.097904821904134426e-06	9.535959570732533926e-06	1.646538006410671814e-05
1.483270641313931115e+01	9.467874310803086973e-06	7.113088392109459480e-06	8.243251435521790544e-06	1.481137227151284380e-05
1.514704336774399174e+01	8.446377894636932139e-06	6.245111437610629037e-06	7.121930740347582159e-06	1.331883321392668407e-05
1.546804179856737527e+01	7.532464230334778269e-06	5.480806455330459229e-06	6.150317002722637539e-06	1.197294696194705034e-05
1.579584287661962527e+01	6.713339148570281747e-06	4.806407303507372068e-06	5.306446364201060818e-06	1.075727261856396628e-05
1.613059076462826624e+01	5.979996803378650696e-06	4.212139742630795005e-06	4.574673410545369266e-06	9.660318721512731180e-06
1.647243268043913034e+01	5.324702477979004505e-06	3.689643809691465814e-06	3.941730563245844434e-06	8.672186121820283335e-06
1.682151896176083383e+01	4.739512309821557344e-06	3.230614680731757617e-06	3.394785473483805542e-06	7.782617355690634445e-06
1.717800313228151410e+01	4.216015216819748414e-06	2.826518875904586218e-06	2.921037954633031661e-06	6.980433479562808619e-06
1.754204196918641045e+01	3.748245495638727567e-06	2.471279206209551838e-06	2.511365046459740523e-06	6.257838247879553902e-06
1.791379557210657580e+01	3.331094436296779490e-06	2.159709128388500470e-06	2.158043640640548168e-06	5.608084116026075185e-06
1.829342743352862044e+01	2.959272451377551700e-06	1.886612332027887626e-06	1.853547631772383940e-06	5.024097333932303181e-06
1.868110451069663469e+01	2.627291946835925839e-06	1.646763499888633591e-06	1.590529736071527205e-06	4.498394498041164260e-06
1.907699729903783492e+01	2.331232126439533106e-06	1.436418619449193444e-06	1.363725548509562627e-06	4.025670676357899570e-06
1.948127990714428748e+01	2.067744781056025979e-06	1.252383426057638563e-06	1.168678316480965463e-06	3.601361019561943356e-06
1.989413013334363711e+01	1.833337430019720329e-06	1.091448056414597308e-06	1.001041897488717756e-06	3.220653593620134461e-06
2.031572954389253738e+01	1.624457413622479287e-06	9.504426925954649069e-07	8.566441825836655781e-07	2.878537471855188740e-06
2.074626355282718393e+01	1.438548410461536954e-06	8.266792334073994602e-07	7.320965079734267595e-07	2.571439806606716399e-06
2.118592150350598402e+01	1.273433217542088445e-06	7.194115319794691454e-07	6.259990501691804999e-07	2.296309058319206031e-06
2.163489675188052530e+01	1.126825530635804765e-06	6.254787448068492375e-07	5.342308710324467317e-07	2.049866834368467195e-06
2.209338675153079734e+01	9.964433416735886483e-07	5.429895183819098105e-07	4.558542306607425963e-07	1.828809007443638721e-06
2.256159314050291798e+01	8.802411385821844834e-07	4.712663839292514369e-07	3.887235661824726760e-07	1.630729501072601187e-06
2.303972182998693796e+01	7.779912222616824971e-07	4.089136263137640303e-07	3.312826455596138616e-07	1.453603099981194137e-06
2.352798309487394945e+01	6.870329621620607786e-07	3.545938423032056753e-07	2.821408782671376934e-07	1.295227885809298836e-06
2.402659166623228870e+01	6.059007727742018124e-07	3.072568530355404230e-07	2.400709287611337840e-07	1.153417594579943681e-06
2.453576682574353285e+01	5.342699431964232718e-07	2.661169270276506757e-07	2.040365901446258573e-07	1.026149556026507252e-06
2.505573250213976877e+01	4.709992847467906931e-07	2.302022004117033516e-07	1.733903872404559716e-07	9.133841024163679864e-07
2.558671736968459953e+01	4.149938276922040575e-07	1.990968560929874421e-07	1.472275193933320331e-07	8.123492718251026761e-07
2.612895494874115698e+01	3.654184396036961587e-07	1.720717226708079854e-07	1.249050708864206757e-07	7.215857128340091286e-07
2.668268370847132687e+01	3.216497287510403355e-07	1.486854825405979063e-07	1.059370050523444218e-07	6.410509731597022608e-07
2.724814717171165412e+01	2.829599765040268026e-07	1.283681936191535430e-07	8.965040625641388241e-08	5.696290393996591627e-07
2.782559402207125743e+01	2.487738190437131006e-07	1.107322259863114722e-07	7.587531213734980998e-08	5.052464379798585597e-07
2.841527821329990999e+01	2.185832254905630901e-07	9.545538344832191598e-08	6.428598147311113409e-08	4.481764450036215973e-07
2.901745908097360527e+01	1.918661057362149280e-07	8.238066810525559795e-08	5.444250252616467744e-08	3.972590231396541349e-07
2.963240145654703639e+01	1.684080201064198974e-07	7.073608145463280624e-08	4.585751538347059586e-08	3.520587570526120037e-07
3.026037578382308624e+01	1.477050322794024684e-07	6.095967521045547058e-08	3.877643644818182419e-08	3.118249490461342334e-07
3.090165823789054755e+01	1.294762378008024186e-07	5.249959472463349335e-08	3.276244027307790369e-08	2.760326233855473778e-07
3.155653084658241525e+01	1.136266245789510047e-07	4.519808161117272027e-08	2.766921557901154634e-08	2.442964335595813730e-07
3.222528161450811979e+01	9.940396427503136938e-08	3.871244841870517431e-08	2.324055498917789336e-08	2.160598916107983091e-07
3.290820464971425707e+01	8.697537036629009566e-08	3.327994170466199704e-08	1.959728758229039635e-08	1.909656531532015549e-07
3.360560029302952501e+01	7.618467423319040600e-08	2.859070911112305730e-08	1.651190453200469014e-08	1.686949461563444998e-07
3.431777525015100849e+01	6.671529897964614059e-08	2.455381037707495582e-08	1.390632771361195759e-08	1.490108977023022609e-07
3.504504272652905428e+01	5.814001594521972070e-08	2.097744430328544643e-08	1.164744680631950287e-08	1.313606701725187488e-07
3.578772256511129513e+01	5.084390431337342217e-08	1.798903826982980852e-08	9.794281268259480351e-09	1.159795264461179180e-07
3.654614138700539883e+01	4.443877426178936199e-08	1.541590063311034117e-08	8.229269764305586988e-09	1.022327353759780642e-07
3.732063273512289925e+01	3.883038021865686984e-08	1.320634080091424175e-08	6.911400059363216301e-09	9.021739032298829234e-08
3.811153722086707774e+01	3.376330749346472364e-08	1.125411189389828434e-08	5.772346952781193894e-09	7.923844571818141929e-08
3.891920267392951160e+01	2.946104281901690410e-08	9.626762190870650186e-09	4.840426551950105735e-09	6.983187940624313988e-08
3.974398429526115706e+01	2.569243082316387392e-08	8.229047175721073359e-09	4.055612625471289698e-09	6.151048423331621296e-08
4.058624481328516254e+01	2.240000099349884914e-08	7.031915660406093520e-09	3.396639919830486315e-09	5.416811107684069621e-08
4.144635464342010778e+01	1.943233985612958523e-08	5.977039412804208790e-09	2.828786481313102636e-09	4.747361135599339982e-08
4.232469205098434628e+01	1.691792206782689577e-08	5.099815597781933507e-09	2.365435962193559162e-09	4.174897463314319551e-08
4.322164331755172384e+01	1.472028428578979321e-08	4.348297679965821282e-09	1.976342151238211709e-09	3.669521605598723807e-08
4.413760291083362119e+01	1.280469856814248806e-08	3.706305885816707644e-09	1.650590948971600546e-09	3.224551455926405191e-08
4.507297365816076251e+01	1.108217035243520825e-08	3.142121485187298713e-09	1.370720106873320018e-09	2.819742010367626945e-08
4.602816692364147144e+01	9.625843076349909617e-09	2.674088694527073023e-09	1.142969171018842349e-09	2.474262097455396251e-08
4.700360278907441369e+01	8.355857363477755524e-09	2.274150028168967450e-09	9.522611299102021475e-10	2.169907910430333933e-08
4.799971023869517950e+01	7.251420572740054415e-09	1.933386894882183427e-09	7.930589417592656999e-10	1.902510726716369189e-08
4.901692734783804895e+01	6.260677873085600570e-09	1.634736064512819601e-09	6.566919526056028357e-10	1.659791796392981775e-08
5.005570147559598126e+01	5.424862865346642923e-09	1.387594133212898080e-09	5.460251874674508996e-10	1.453064517493584902e-08
5.111648946156338980e+01	4.697654440320402759e-09	1.176950819761862650e-09	4.536203200365747831e-10	1.271335075100244982e-08
5.219975782674825382e+01	4.066719163274055905e-09	9.979440283833107840e-10	3.767032102838662918e-10	1.112022065079922158e-08
5.330598297874255564e+01	3.502107639580068785e-09	8.414833736290932161e-10	3.110142423028418859e-10	9.677379069066095022e-09
5.443565142123959077e+01	3.026832581054957507e-09	7.123272755100682274e-10	2.578501645828556137e-10	8.451014969989426327e-09
5.558925996799251124e+01	2.614267096641019933e-09	6.025320886190775860e-10	2.135872611858988888e-10	7.375278273833144762e-09
5.676731596130657209e+01	2.257164287550807099e-09	5.094733249878667334e-10	1.768501980833074144e-10	6.434327696860686766e-09
5.797033749516177181e+01	1.938380345945943758e-09	4.283580142597130620e-10	1.455705763757790961e-10	5.584090701424108588e-09
5.919885364306400533e+01	1.670628096294775000e-09	3.615638468733526455e-10	1.203235925268658251e-10	4.862906766279650139e-09
6.045340469072480261e+01	1.438740597782239568e-09	3.049283329238394013e-10	9.936277664208333073e-11	4.231666500332905299e-09
6.173454237367209174e+01	1.238500152236977266e-09	2.570531357115874604e-10	8.201650532222717062e-11	3.680741886705577633e-09
6.304283011989645757e+01	1.060181526436134047e-09	2.154341351679851719e-10	6.728999903262444327e-11	3.184061205257464676e-09
6.437884329763940627e+01	9.107345933240097741e-10	1.812483193883673075e-10	5.543651842581222073e-11	2.763622522068122420e-09
6.574316946843353549e+01	7.815994445996341182e-10	1.523354039068470525e-10	4.562283385110807870e-11	2.396394481908723332e-09
6.713640864550379206e+01	6.703446647499635475e-10	1.279587656691229617e-10	3.752502909385787536e-11	2.076579113063214256e-09
6.855917355764610477e+01	5.715033206474666753e-10	1.068245241492612906e-10	3.067073671321563639e-11	1.788892322215733767e-09
7.001208991869765441e+01	4.888339975211457648e-10	8.950568634802541242e-11	2.516811199741211802e-11	1.545813145253625063e-09
7.149579670271769771e+01	4.175500043244150640e-10	7.489337111565519141e-11	2.062457973042252313e-11	1.333900425391653524e-09
7.301094642500031284e+01	3.562623564608692706e-10	6.260312375728843466e-11	1.688550353964875544e-11	1.149687379085274623e-09
7.455820542904223203e+01	3.019250575312362185e-10	5.197361772505474531e-11	1.372933625518704969e-11	9.842905379986220800e-10
7.613825417959219521e+01	2.565471939975610364e-10	4.328019469522271275e-11	1.120146776655271593e-11	8.447147629034368091e-10
7.775178756191070306e+01	2.174752389503249410e-10	3.595949200803836856e-11	9.119078363191142338e-12	7.231754197982727206e-10
7.939951518737163383e+01	1.839207225573273227e-10	2.981257239983741078e-11	7.409087991227932512e-12	6.176070397671797262e-10
8.108216170554010205e+01	1.541986208835832405e-10	2.450424764790848410e-11	5.968562403445000797e-12	5.228798024606526280e-10
8.280046712286477373e+01	1.293657027403829502e-10	2.016454716545678186e-11	4.816074496722727244e-12	4.428659116643029755e-10
8.455518712812224180e+01	1.079577137276483469e-10	1.650910977473508288e-11	3.867170888472207101e-12	3.730697595972197046e-10
8.634709342475994731e+01	8.952092432440314503e-11	1.343470208773059405e-11	3.087438587598624336e-12	3.122309584493994860e-10
8.817697407028136070e+01	7.311587554194982083e-11	1.077114322143115220e-11	2.429203751134344856e-12	2.573548911191790012e-10
9.004563382282356088e+01	5.926608148129343555e-11	8.575580165226885092e-12	1.899188872827243580e-12	2.104620163480870788e-10
9.195389449507966617e+01	4.712736948887440124e-11	6.700235803550134519e-12	1.457672053167191928e-12	1.688169702528212795e-10
9.390259531572145590e+01	3.635867492602380506e-11	5.081311116747198962e-12	1.086474581672513329e-12	1.313514112773122852e-10
9.589259329848152902e+01	2.625857611759413521e-11	3.609262680506911146e-12	7.589275299294989140e-13	9.564829029398306150e-11
9.792476361905691817e+01	1.654303679980623650e-11	2.237934006074337643e-12	4.631292021434359116e-13	6.073759945105045203e-11
