# Data associated with arXiv:2110.09653
# 
# Scale-free gravitational potential, Phi(r), of a einasto0-17 dark matter distribution (see Eq. 12 and the surrounding discussion)
# 
# Published: 3/29/22, Jack Runburg, contact: runburg@hawaii.edu
# 
# 
# -----------------------------------------------------------------
# 
# 	 tilde r 		 | 		 tilde Phi
# 
# -----------------------------------------------------------------
1.000000000000000082e-05	5.082169369670902160e-07
1.016902569856036418e-05	5.234040575505257168e-07
1.034090836579813217e-05	5.390388434587835637e-07
1.051569629182590727e-05	5.551342860597148218e-07
1.069343858298338107e-05	5.717037470335378500e-07
1.087418517563349352e-05	5.887609687107370380e-07
1.105798685019213608e-05	6.063200846915983045e-07
1.124489524539464294e-05	6.243956307547638841e-07
1.143496287280373749e-05	6.430025560625079425e-07
1.162824313156251011e-05	6.621562346705175729e-07
1.182479032339672186e-05	6.818724773502261961e-07
1.202465966787094358e-05	7.021675437319654549e-07
1.222790731790219642e-05	7.230581547773188977e-07
1.243459037553620304e-05	7.445615055894141742e-07
1.264476690798990365e-05	7.666952785699530384e-07
1.285849596396550032e-05	7.894776569321617369e-07
1.307583759024001738e-05	8.129273385789345713e-07
1.329685284853523648e-05	8.370635503557603156e-07
1.352160383267306994e-05	8.619060626882789903e-07
1.375015368602047702e-05	8.874752046144494755e-07
1.398256661922970337e-05	9.137918792217358801e-07
1.421890792827791775e-05	9.408775794997835825e-07
1.445924401281218556e-05	9.687544046195172806e-07
1.470364239480425140e-05	9.974450766496937590e-07
1.495217173752060936e-05	1.026972957722320604e-06
1.520490186481353606e-05	1.057362067658652575e-06
1.546190378073772831e-05	1.088637102067637442e-06
1.572324968949899453e-05	1.120823450929182936e-06
1.598901301573965207e-05	1.153947217674695567e-06
1.625926842516730133e-05	1.188035238777891157e-06
1.653409184553174079e-05	1.223115103868946359e-06
1.681356048795696318e-05	1.259215176385651500e-06
1.709775286863338809e-05	1.296364614775318854e-06
1.738674883087671066e-05	1.334593394261689841e-06
1.768062956756000055e-05	1.373932329191454380e-06
1.797947764392438726e-05	1.414413095975171167e-06
1.828337702077590442e-05	1.456068256638030070e-06
1.859241307807381921e-05	1.498931282995954820e-06
1.890667263891824960e-05	1.543036581473254583e-06
1.922624399394281931e-05	1.588419518578127492e-06
1.955121692611963820e-05	1.635116447052920788e-06
1.988168273598394005e-05	1.683164732716455412e-06
2.021773426728446277e-05	1.732602782015952671e-06
2.055946593306806188e-05	1.783470070306858236e-06
2.090697374220454717e-05	1.835807170878920803e-06
2.126035532636048084e-05	1.889655784747723417e-06
2.161970996742848953e-05	1.945058771230979813e-06
2.198513862542019826e-05	2.002060179329599085e-06
2.235674396683105304e-05	2.060705279934010322e-06
2.273463039348393747e-05	2.121040598876501850e-06
2.311890407186101566e-05	2.183113950851212526e-06
2.350967296293065580e-05	2.246974474223498312e-06
2.390704685247916156e-05	2.312672666751364869e-06
2.431113738195477895e-05	2.380260422241815733e-06
2.472205807983296721e-05	2.449791068165733039e-06
2.513992439351238667e-05	2.521319404255540082e-06
2.556485372174920653e-05	2.594901742110130054e-06
2.599696544764047972e-05	2.670595945832651499e-06
2.643638097216418787e-05	2.748461473726775370e-06
2.688322374828698802e-05	2.828559421078257780e-06
2.733761931564792142e-05	2.910952564048736198e-06
2.779969533582839453e-05	2.995705404709668430e-06
2.826958162821882354e-05	3.082884217244980542e-06
2.874741020649071774e-05	3.172557095351338915e-06
2.923331531568612113e-05	3.264794000866196967e-06
2.972743346993304866e-05	3.359666813653833620e-06
3.022990349079926684e-05	3.457249382780989682e-06
3.074086654629380722e-05	3.557617579013846833e-06
3.126046619052763072e-05	3.660849348669202647e-06
3.178884840404535552e-05	3.767024768853529852e-06
3.232616163483768439e-05	3.876226104123911686e-06
3.287255684004812447e-05	3.988537864606392727e-06
3.342818752838356790e-05	4.104046865607267642e-06
3.399320980324275641e-05	4.222842288754529030e-06
3.456778240657304527e-05	4.345015744706781496e-06
3.515206676346841592e-05	4.470661337468273765e-06
3.574622702752206616e-05	4.599875730349653131e-06
3.635043012694450139e-05	4.732758213614395096e-06
3.696484581146223093e-05	4.869410773852647429e-06
3.758964670000808795e-05	5.009938165124257557e-06
3.822500832921870388e-05	5.154447981914658817e-06
3.887110920275097572e-05	5.303050733947431764e-06
3.952813084143210176e-05	5.455859922898925389e-06
4.019625783425803943e-05	5.612992121061382772e-06
4.087567789025284005e-05	5.774567052001462897e-06
4.156658189120576708e-05	5.940707673263126469e-06
4.226916394529853092e-05	6.111540261163818811e-06
4.298362144164019741e-05	6.287194497735187719e-06
4.371015510572303796e-05	6.467803559859669017e-06
4.444896905581571312e-05	6.653504210656104667e-06
4.520027086031053377e-05	6.844436893168817010e-06
4.596427159603870473e-05	7.040745826415009078e-06
4.674118590757267352e-05	7.242579103847853744e-06
4.753123206752940771e-05	7.450088794292502337e-06
4.833463203789430644e-05	7.663431045414989431e-06
4.915161153238073493e-05	7.882766189784046098e-06
4.998240007984356624e-05	8.108258853588006535e-06
5.082723108876559525e-05	8.340078068070437195e-06
5.168634191283236288e-05	8.578397383748555450e-06
5.255997391761710167e-05	8.823394987481546499e-06
5.344837254839108326e-05	9.075253822455523042e-06
5.435178739908172257e-05	9.334161711155233238e-06
5.527047228239525742e-05	9.600311481392542856e-06
5.620468530112457639e-05	9.873901095464223052e-06
5.715468892066349253e-05	1.015513378251332517e-05
5.812075004274504757e-05	1.044421817416885767e-05
5.910314008042789533e-05	1.074136844354193778e-05
6.010213503434843707e-05	1.104680444765631796e-05
6.111801557026345553e-05	1.136075187339488840e-05
6.215106709790228898e-05	1.168344238704374369e-05
6.320157985115178797e-05	1.201511378751831862e-05
6.426984896959787321e-05	1.235601016335803793e-05
6.535617458144342038e-05	1.270638205357637545e-05
6.646086188782971240e-05	1.306648661245739726e-05
6.758422124858115099e-05	1.343658777838925203e-05
6.872656826940111863e-05	1.381695644682959656e-05
6.988822389054047174e-05	1.420787064749773762e-05
7.106951447696465861e-05	1.460961572589165976e-05
7.227077191004629639e-05	1.502248452923039026e-05
7.349233368080552791e-05	1.544677759692261338e-05
7.473454298472863809e-05	1.588280335566724872e-05
7.599774881818697982e-05	1.633087831929089527e-05
7.728230607648789517e-05	1.679132729343249446e-05
7.858857565358148443e-05	1.726448358518498745e-05
7.991692454345255051e-05	1.775068921780782326e-05
8.126772594322802224e-05	1.825029515062681875e-05
8.264135935802465773e-05	1.876366150423811169e-05
8.403821070757165439e-05	1.929115779113881678e-05
8.545867243463269578e-05	1.983316315190572721e-05
8.690314361526321394e-05	2.039006659704985518e-05
8.837203007092955202e-05	2.096226725467374106e-05
8.986574448252320402e-05	2.155017462406331254e-05
9.138470650630395851e-05	2.215420883534892460e-05
9.292934289180014931e-05	2.277480091537053633e-05
9.450008760170456993e-05	2.341239305988872306e-05
9.609738193379394305e-05	2.406743891228155870e-05
9.772167464491231779e-05	2.474040384887519922e-05
9.937342207704681467e-05	2.543176527105387732e-05
1.010530882855375953e-04	2.614201290430327843e-05
1.027611451694522251e-04	2.687164910433936096e-05
1.044980726041651943e-04	2.762118917048190692e-05
1.062643585761784858e-04	2.839116166643306150e-05
1.080604993202192510e-04	2.918210874862411214e-05
1.098869994586575572e-04	2.999458650229983896e-05
1.117443721432778697e-04	3.082916528550874209e-05
1.136331391994486811e-04	3.168643008117537959e-05
1.155538312727281931e-04	3.256698085743134092e-05
1.175069879779481330e-04	3.347143293638645315e-05
1.194931580508180820e-04	3.440041737152532366e-05
1.215128995020904455e-04	3.535458133391661354e-05
1.235667797743341897e-04	3.633458850742947633e-05
1.256553759013554958e-04	3.734111949315054328e-05
1.277792746703147969e-04	3.837487222320353663e-05
1.299390727865835948e-04	3.943656238417433149e-05
1.321353770413874452e-04	4.052692385034943644e-05
1.343688044822834680e-04	4.164670912698026107e-05
1.366399825865173903e-04	4.279668980378800502e-05
1.389495494373137348e-04	4.397765701893161308e-05
1.412981539031428761e-04	4.519042193366056969e-05
1.436864558200198782e-04	4.643581621788355618e-05
1.461151261768842277e-04	4.771469254688517968e-05
1.485848473041125864e-04	4.902792510942851885e-05
1.510963130652191798e-04	5.037641012748652404e-05
1.536502290517936125e-04	5.176106638784713201e-05
1.562473127817378576e-04	5.318283578584720130e-05
1.588882939008491742e-04	5.464268388148695900e-05
1.615739143878149021e-04	5.614160046819104241e-05
1.643049287626683534e-04	5.768060015447763170e-05
1.670821042987704773e-04	5.926072295881023406e-05
1.699062212383743503e-04	6.088303491790662597e-05
1.727780730118311508e-04	6.254862870878533489e-05
1.756984664605053779e-04	6.425862428483951512e-05
1.786682220634525510e-04	6.601416952622466403e-05
1.816881741679340619e-04	6.781644090486361976e-05
1.847591712238235014e-04	6.966664416436534253e-05
1.878820760219775598e-04	7.156601501517005507e-05
1.910577659366365815e-04	7.351581984523284340e-05
1.942871331719188508e-04	7.551735644656348389e-05
1.975710850124866975e-04	7.757195475795216201e-05
2.009105440784431595e-04	7.968097762420592312e-05
2.043064485845435532e-04	8.184582157223979149e-05
2.077597526037827484e-04	8.406791760435879568e-05
2.112714263354412516e-04	8.634873200908535300e-05
2.148424563776607336e-04	8.868976718988432471e-05
2.184738460046266035e-04	9.109256251214806861e-05
2.221666154484372088e-04	9.355869516881060578e-05
2.259218021857336319e-04	9.608978106496164433e-05
2.297404612291798821e-04	9.868747572184754743e-05
2.336236654238643619e-04	1.013534752006394618e-04
2.375725057487147664e-04	1.040895170463687993e-04
2.415880916230062926e-04	1.068973812524276620e-04
2.456715512180506823e-04	1.097788912460431038e-04
2.498240317741551374e-04	1.127359148951409399e-04
2.540466999229345113e-04	1.157703655370174414e-04
2.583407420150777146e-04	1.188842030292543877e-04
2.627073644536481322e-04	1.220794348233057605e-04
2.671477940330213769e-04	1.253581170612060806e-04
2.716632782835508839e-04	1.287223556958476997e-04
2.762550858220584886e-04	1.321743076352862082e-04
2.809245067082517420e-04	1.357161819115415482e-04
2.856728528071605542e-04	1.393502408743634501e-04
2.905014581577071149e-04	1.430788014104510911e-04
2.954116793474984839e-04	1.469042361886057030e-04
3.004048958939589458e-04	1.508289749313218033e-04
3.054825106319022541e-04	1.548555057133171094e-04
3.106459501076553839e-04	1.589863762875162408e-04
3.158966649798455200e-04	1.632241954390097646e-04
3.212361304269563162e-04	1.675716343675135280e-04
3.266658465617811426e-04	1.720314280988764777e-04
3.321873388528732334e-04	1.766063769261693903e-04
3.378021585531251671e-04	1.812993478809216607e-04
3.435118831355896260e-04	1.861132762350611771e-04
3.493181167366675791e-04	1.910511670341335383e-04
3.552224906067888996e-04	1.961160966623810115e-04
3.612266635687054364e-04	2.013112144402654554e-04
3.673323224835388411e-04	2.066397442550449882e-04
3.735411827246973185e-04	2.121049862249974342e-04
3.798549886598084251e-04	2.177103183979194403e-04
3.862755141407951480e-04	2.234591984845186053e-04
3.928045630022363724e-04	2.293551656273382761e-04
3.994439695681523583e-04	2.354018422058573189e-04
4.061955991673505371e-04	2.416029356784136237e-04
4.130613486574917070e-04	2.479622404616272898e-04
4.200431469580040238e-04	2.544836398479772372e-04
4.271429555920115370e-04	2.611711079622296345e-04
4.343627692374198417e-04	2.680287117573998878e-04
4.417046162873167637e-04	2.750606130509516229e-04
4.491705594198478857e-04	2.822710706019476907e-04
4.567626961777168084e-04	2.896644422298612614e-04
4.644831595574927248e-04	2.972451869757985229e-04
4.723341186088662533e-04	3.050178673068493153e-04
4.803177790440425624e-04	3.129871513643338581e-04
4.884363838574312710e-04	3.211578152566980080e-04
4.966922139558113680e-04	3.295347453978282929e-04
5.050875887991499369e-04	3.381229408915700048e-04
5.136248670522445235e-04	3.469275159632291940e-04
5.223064472473935762e-04	3.559537024388796309e-04
5.311347684582509721e-04	3.652068522732559563e-04
5.401123109850867847e-04	3.746924401270866688e-04
5.492415970516181150e-04	3.844160659946703408e-04
5.585251915136241153e-04	3.943834578825537534e-04
5.679657025795404723e-04	4.046004745401610950e-04
5.775657825432239500e-04	4.150731082432244034e-04
5.873281285291183634e-04	4.258074876309135104e-04
5.972554832499969713e-04	4.368098805975122526e-04
6.073506357775315233e-04	4.480866972395758548e-04
6.176164223258701069e-04	4.596444928594330538e-04
6.280557270484683893e-04	4.714899710259759470e-04
6.386714828483902292e-04	4.836299866936526323e-04
6.494666722022935214e-04	4.960715493805828566e-04
6.604443279983617009e-04	5.088218264067761402e-04
6.716075343883770371e-04	5.218881461933614274e-04
6.829594276542177208e-04	5.352780016238424792e-04
6.945031970889825731e-04	5.489990534683108266e-04
7.062420858930204982e-04	5.630591338716331570e-04
7.181793920851009278e-04	5.774662499065948791e-04
7.303184694289851413e-04	5.922285871930069818e-04
7.426627283756636558e-04	6.073545135837998907e-04
7.552156370215079703e-04	6.228525829191107867e-04
7.679807220826359018e-04	6.387315388494348200e-04
7.809615698857278474e-04	6.550003187288453831e-04
7.941618273756021005e-04	6.716680575793681877e-04
8.075852031398165869e-04	6.887440921275640726e-04
8.212354684505887787e-04	7.062379649143931456e-04
8.351164583243314002e-04	7.241594284794511827e-04
8.492320725990840828e-04	7.425184496206539220e-04
8.635862770301777234e-04	7.613252137305088563e-04
8.781831044043956558e-04	7.805901292100355261e-04
8.930266556729828109e-04	8.003238319614997204e-04
9.081211011037989590e-04	8.205371899610651963e-04
9.234706814529467173e-04	8.412413079125087003e-04
9.390797091562086895e-04	8.624475319831506918e-04
9.549525695406079406e-04	8.841674546231302048e-04
9.710937220564705170e-04	9.064129194692382638e-04
9.875077015302894702e-04	9.291960263344160647e-04
1.004199119438780371e-03	9.525291362841476232e-04
1.021172665204465608e-03	9.764248768009092631e-04
1.038433107513160114e-03	1.000896147037871713e-03
1.055985295653722377e-03	1.025956123163056536e-03
1.073834160880457900e-03	1.051618263795161970e-03
1.091984717798539194e-03	1.077896315532245576e-03
1.110442065772854507e-03	1.104804318574522260e-03
1.129211390360662605e-03	1.132356612442466260e-03
1.148297964768467102e-03	1.160567841791478472e-03
1.167707151333511727e-03	1.189452962324327127e-03
1.187444403030319794e-03	1.219027246802630981e-03
1.207515265002700490e-03	1.249306291158619941e-03
1.227925376121640280e-03	1.280306020708407580e-03
1.248680470569537605e-03	1.312042696468065754e-03
1.269786379451208914e-03	1.344532921573729283e-03
1.291249032432127903e-03	1.377793647807012446e-03
1.313074459404352896e-03	1.411842182226984762e-03
1.335268792180613557e-03	1.446696193909989981e-03
1.357838266217031810e-03	1.482373720798568556e-03
1.380789222364966172e-03	1.518893176660762300e-03
1.404128108652453718e-03	1.556273358161055012e-03
1.427861482095777682e-03	1.594533452044248362e-03
1.451996010541646868e-03	1.633693042433529861e-03
1.476538474540514635e-03	1.673772118244009656e-03
1.501495769251562883e-03	1.714791080712995981e-03
1.526874906379880551e-03	1.756770751048282973e-03
1.552683016146397385e-03	1.799732378195731527e-03
1.578927349291094897e-03	1.843697646727373522e-03
1.605615279110095620e-03	1.888688684851351106e-03
1.632754303527175332e-03	1.934728072544917698e-03
1.660352047200289172e-03	1.981838849811765318e-03
1.688416263663707062e-03	2.030044525064934619e-03
1.716954837506350865e-03	2.079369083636542319e-03
1.745975786586963620e-03	2.129836996415589764e-03
1.775487264286699802e-03	2.181473228615031599e-03
1.805497561799810540e-03	2.234303248669404929e-03
1.836015110463037458e-03	2.288353037264168229e-03
1.867048484124379315e-03	2.343649096497994223e-03
1.898606401551900620e-03	2.400218459179205913e-03
1.930697728883249645e-03	2.458088698257531422e-03
1.963331482116591892e-03	2.517287936392387238e-03
1.996516829643624896e-03	2.577844855658785721e-03
2.030263094825430960e-03	2.639788707392109416e-03
2.064579758611852570e-03	2.703149322172795996e-03
2.099476462205150749e-03	2.767957119952135607e-03
2.134963009768679927e-03	2.834243120320207969e-03
2.171049371181348660e-03	2.902038952917126297e-03
2.207745684838647703e-03	2.971376867988608471e-03
2.245062260500998302e-03	3.042289747086915439e-03
2.283009582190270292e-03	3.114811113918250149e-03
2.321598311135244109e-03	3.188975145337574150e-03
2.360839288766866315e-03	3.264816682491854076e-03
2.400743539764126078e-03	3.342371242112708585e-03
2.441322275151419988e-03	3.421675027959378626e-03
2.482586895448264750e-03	3.502764942412966466e-03
2.524548993872262424e-03	3.585678598222835113e-03
2.567220359596177753e-03	3.670454330405979997e-03
2.610612981060093842e-03	3.757131208300292739e-03
2.654739049339540410e-03	3.845749047772469009e-03
2.699610961570552640e-03	3.936348423581339379e-03
2.745241324432623389e-03	4.028970681897386420e-03
2.791642957690524101e-03	4.123657952979146307e-03
2.838828897796003177e-03	4.220453164007187917e-03
2.886812401550338004e-03	4.319400052076250579e-03
2.935606949828818354e-03	4.420543177346233921e-03
2.985226251368169013e-03	4.523927936352525533e-03
3.035684246617996723e-03	4.629600575476231980e-03
3.086995111657330013e-03	4.737608204574767640e-03
3.139173262177360861e-03	4.847998811185773131e-03
3.192233357531519197e-03	4.960821272891605821e-03
3.246190304853968818e-03	5.076125373731451944e-03
3.301059263247754609e-03	5.193961816996837781e-03
3.356855648043719550e-03	5.314382240028007326e-03
3.413595135131412741e-03	5.437439228814329104e-03
3.471293665363201029e-03	5.563186332757165051e-03
3.529967449032819348e-03	5.691678079595271708e-03
3.589632970429635240e-03	5.822969990492805718e-03
3.650306992469857896e-03	5.957118595289833882e-03
3.712006561406061729e-03	6.094181447915378996e-03
3.774749011616297320e-03	6.234217141962801120e-03
3.838551970474150202e-03	6.377285326427293080e-03
3.903433363301120080e-03	6.523446721605283792e-03
3.969411418402700453e-03	6.672763135155360820e-03
4.036504672189604979e-03	6.825297478320394712e-03
4.104731974385511864e-03	6.981113782310246693e-03
4.174112493322873658e-03	7.140277214844703221e-03
4.244665721328222743e-03	7.302854096855905357e-03
4.316411480198500787e-03	7.468911919349611149e-03
4.389369926769958255e-03	7.638519360424531231e-03
4.463561558581177410e-03	7.811746302448902349e-03
4.539007219631814756e-03	7.988663849393350808e-03
4.615728106238700494e-03	8.169344344319097798e-03
4.693745772990876204e-03	8.353861387020263679e-03
4.773082138805334954e-03	8.542289851819309318e-03
4.853759493085097083e-03	8.734705905514183327e-03
4.935800501981372872e-03	8.931187025475836871e-03
5.019228214761578891e-03	9.131812017894742547e-03
5.104066070284974874e-03	9.336661036174736389e-03
5.190337903587798063e-03	9.545815599472717156e-03
5.278067952579629761e-03	9.759358611382195833e-03
5.367280864853020243e-03	9.977374378759151438e-03
5.458001704608171807e-03	1.019994863068802993e-02
5.550255959694683563e-03	1.042716853758591383e-02
5.644069548772311269e-03	1.065912273044267861e-02
5.739468828592763153e-03	1.089590132019488400e-02
5.836480601404602127e-03	1.113759591723104819e-02
5.935132122483251921e-03	1.138429965102564709e-02
6.035451107788337120e-03	1.163610718989944656e-02
6.137465741750428375e-03	1.189311476130527900e-02
6.241204685189401941e-03	1.215542017028379412e-02
6.346697083366644419e-03	1.242312282182791300e-02
6.453972574173352621e-03	1.269632373967393389e-02
6.563061296457267831e-03	1.297512558699956582e-02
6.673993898490092683e-03	1.325963268687984850e-02
6.786801546578089504e-03	1.354995104284761887e-02
6.901515933818189001e-03	1.384618835955483962e-02
7.018169289002107285e-03	1.414845406353099425e-02
7.136794385670962304e-03	1.445685932403467655e-02
7.257424551322942327e-03	1.477151707399436062e-02
7.380093676776592997e-03	1.509254203103410456e-02
7.504836225692410046e-03	1.542005071858000217e-02
7.631687244255296390e-03	1.575416148704261721e-02
7.760682371020751966e-03	1.609499453507112418e-02
7.891857846927448697e-03	1.644267193087418227e-02
8.025250525479058969e-03	1.679731763360263128e-02
8.160897883098169533e-03	1.715905751478890434e-02
8.298838029655216872e-03	1.752801937983805916e-02
8.439109719175405186e-03	1.790433298956487645e-02
8.581752360726531761e-03	1.828813008177140875e-02
8.726806029490927208e-03	1.867954439285953241e-02
8.874311478024487360e-03	1.907871167947226138e-02
9.024310147706032098e-03	1.948576974015807026e-02
9.176844180380181251e-03	1.990085843705176327e-02
9.331956430197019259e-03	2.032411971756557106e-02
9.489690475651922641e-03	2.075569763608408821e-02
9.650090631828802876e-03	2.119573837565577948e-02
9.813201962850383320e-03	2.164439026967483054e-02
9.979070294538865127e-03	2.210180382354564460e-02
1.014774222729061814e-02	2.256813173632307018e-02
1.031926514916845991e-02	2.304352892232063368e-02
1.049368724921524200e-02	2.352815253267932782e-02
1.067105753099251327e-02	2.402216197688911495e-02
1.085142582634790812e-02	2.452571894425475268e-02
1.103484280941536416e-02	2.503898742529838545e-02
1.122136001085190064e-02	2.556213373308986042e-02
1.141102983231507065e-02	2.609532652449661483e-02
1.160390556118510476e-02	2.663873682134412779e-02
1.180004138553588516e-02	2.719253803147793705e-02
1.199949240935904021e-02	2.775690596971842894e-02
1.220231466804522213e-02	2.833201887911357408e-02
1.240856514412720830e-02	2.891805745004947040e-02
1.261830178328901021e-02	2.951520484314420351e-02
1.283158351064561664e-02	3.012364670818128837e-02
1.304847024729788307e-02	3.074357120474428828e-02
1.326902292716726148e-02	3.137516902232274918e-02
1.349330351411505598e-02	3.201863340024069943e-02
1.372137501935110325e-02	3.267416014739735891e-02
1.395330151913657356e-02	3.334194766180858388e-02
1.418914817278613301e-02	3.402219694993845883e-02
1.442898124097431733e-02	3.471511164580929482e-02
1.467286810435134044e-02	3.542089802987856417e-02
1.492087728247356443e-02	3.613976504767105191e-02
1.517307845305392207e-02	3.687192432815420556e-02
1.542954247153780281e-02	3.761759020184463759e-02
1.569034139100966910e-02	3.837697971863306828e-02
1.595554848243628532e-02	3.915031266531564941e-02
1.622523825525205854e-02	3.993781158281852622e-02
1.649948647829230924e-02	4.073970178310272472e-02
1.677837020108039270e-02	4.155621136573636742e-02
1.706196777547459506e-02	4.238757123412061067e-02
1.735035887768101442e-02	4.323401511135620962e-02
1.764362453063833894e-02	4.409577955573597968e-02
1.794184712678114843e-02	4.497310397585051883e-02
1.824511045118791530e-02	4.586623064529207761e-02
1.855349970512023758e-02	4.677540471694254659e-02
1.886710152996000367e-02	4.770087423683112837e-02
1.918600403155108769e-02	4.864289015754691414e-02
1.951029680495259405e-02	4.960170635119155041e-02
1.984007095961033348e-02	5.057757962185666090e-02
2.017541914495388569e-02	5.157076971761109796e-02
2.051643557642630553e-02	5.258153934198262630e-02
2.086321606195374462e-02	5.361015416428316360e-02
2.121585802886252412e-02	5.465688282767763861e-02
2.157446055125112477e-02	5.572199697032580862e-02
2.193912437782497352e-02	5.680577122533665008e-02
2.230995196020145455e-02	5.790848321740492410e-02
2.268704748169360005e-02	5.903041359792739889e-02
2.307051688658016617e-02	6.017184604169770190e-02
2.346046790987047978e-02	6.133306722957684171e-02
2.385701010757239338e-02	6.251436690439381161e-02
2.426025488747183059e-02	6.371603781779966447e-02
2.467031554043257191e-02	6.493837579639510915e-02
2.508730727222522119e-02	6.618167969116348082e-02
2.551134723589388795e-02	6.744625140254924267e-02
2.594255456467021298e-02	6.873239591355131961e-02
2.638105040544361582e-02	7.004042123514991891e-02
2.682695795279727360e-02	7.137063843406500629e-02
2.728040248361941061e-02	7.272336166587234363e-02
2.774151139229957819e-02	7.409890810162918229e-02
2.821041422651998296e-02	7.549759801017948135e-02
2.868724272365149111e-02	7.691975468274854510e-02
2.917213084776511603e-02	7.836570446035476256e-02
2.966521482726893269e-02	7.983577676398630196e-02
3.016663319318120540e-02	8.133030402419472171e-02
3.067652681805041123e-02	8.284962171864596048e-02
3.119503895553308453e-02	8.439406834289371606e-02
3.172231528064078931e-02	8.596398544994636459e-02
3.225850393066707206e-02	8.755971757187930304e-02
3.280375554680643041e-02	8.918161224450195379e-02
3.335822331647670530e-02	9.083002003202124419e-02
3.392206301635675159e-02	9.250529444645437527e-02
3.449543305615163091e-02	9.420779196910446240e-02
3.507849452309746291e-02	9.593787207043875942e-02
3.567141122721874391e-02	9.769589712893123057e-02
3.627434974735024853e-02	9.948223244829457190e-02
3.688747947793717674e-02	1.012972462715238942e-01
3.751097267662616142e-02	1.031413096916083960e-01
3.814500451266075037e-02	1.050147967091309281e-01
3.878975311609485915e-02	1.069180841482513800e-01
3.944539962783806530e-02	1.088515516623009688e-01
4.011212825054691344e-02	1.108155817334608856e-01
4.079012630037611581e-02	1.128105595962998614e-01
4.147958425960481671e-02	1.148368732617579824e-01
4.218069583015218033e-02	1.168949134633114478e-01
4.289365798799760210e-02	1.189850736337098452e-01
4.361867103852071215e-02	1.211077498790436996e-01
4.435593867277683178e-02	1.232633409480511921e-01
4.510566802472350950e-02	1.254522482088643309e-01
4.586806972941463723e-02	1.276748755783145839e-01
4.664335798217766893e-02	1.299316295415334221e-01
4.743175059879158745e-02	1.322229190934076370e-01
4.823346907668181471e-02	1.345491556745275485e-01
4.904873865714945436e-02	1.369107531513980014e-01
4.987778838865244979e-02	1.393081278201882822e-01
5.072085119115625484e-02	1.417416982713771978e-01
5.157816392157245355e-02	1.442118854549120088e-01
5.244996744030298863e-02	1.467191125388263850e-01
5.333650667890960095e-02	1.492638049026471514e-01
5.423803070892688205e-02	1.518463901384095593e-01
5.515479281183843091e-02	1.544672979090645770e-01
5.608705055023580077e-02	1.571269599417376983e-01
5.703506584018021297e-02	1.598258100270017190e-01
5.799910502478755614e-02	1.625642838663619305e-01
5.897943894905668949e-02	1.653428190642987350e-01
5.997634303596301869e-02	1.681618551243664883e-01
6.099009736383805003e-02	1.710218332880963366e-01
6.202098674505685666e-02	1.739231965245331690e-01
6.306930080605555045e-02	1.768663895217404136e-01
6.413533406870128295e-02	1.798518585195607034e-01
6.521938603303781279e-02	1.828800512953121515e-01
6.632176126142910744e-02	1.859514171493021062e-01
6.744276946412586238e-02	1.890664067339052901e-01
6.858272558627788451e-02	1.922254720341127765e-01
6.974194989641739617e-02	1.954290663455953148e-01
7.092076807643786507e-02	1.986776441026872064e-01
7.211951131309368712e-02	2.019716608524092794e-01
7.333851639104646547e-02	2.053115732237083824e-01
7.457812578748428123e-02	2.086978387568696192e-01
7.583868776833958825e-02	2.121309158696424169e-01
7.712055648613416747e-02	2.156112638165313122e-01
7.842409207947753647e-02	2.191393425100669756e-01
7.974966077424722188e-02	2.227156125366810402e-01
8.109763498647923341e-02	2.263405349783976506e-01
8.246839342699753550e-02	2.300145713991300078e-01
8.386232120781254851e-02	2.337381837056433653e-01
8.527980995031705924e-02	2.375118340777034320e-01
8.672125789531190398e-02	2.413359848634378524e-01
8.818707001489085873e-02	2.452110984913508096e-01
8.967765812621682209e-02	2.491376373809994493e-01
9.119344100722104329e-02	2.531160638007390329e-01
9.273484451425793862e-02	2.571468398424075485e-01
9.430230170174896953e-02	2.612304272277638506e-01
9.589625294384790388e-02	2.653672873036812541e-01
9.751714605816352854e-02	2.695578808283397576e-01
9.916543643157306465e-02	2.738026679790235285e-01
1.008415871481621734e-01	2.781021081222903590e-01
1.025460691193275653e-01	2.824566598278128726e-01
1.042793612160791694e-01	2.868667806444556989e-01
1.060419504035768068e-01	2.913329270316785125e-01
1.078343318779438342e-01	2.958555542998178578e-01
1.096570092053898021e-01	3.004351163862833962e-01
1.115104944636879369e-01	3.050720657872323938e-01
1.133953083860418237e-01	3.097668534963612941e-01
1.153119805073836990e-01	3.145199287691676227e-01
1.172610493131479026e-01	3.193317390539359146e-01
1.192430623905555293e-01	3.242027299276736274e-01
1.212585765824598510e-01	3.291333448514305871e-01
1.233081581437884267e-01	3.341240250993901539e-01
1.253923829006330093e-01	3.391752096906291425e-01
1.275118364120260972e-01	3.442873351385917213e-01
1.296671141344518663e-01	3.494608353770702891e-01
1.318588215891403626e-01	3.546961416864846117e-01
1.340875745321854495e-01	3.599936824406618774e-01
1.363539991275424801e-01	3.653538830285315009e-01
1.386587321229457159e-01	3.707771657735588478e-01
1.410024210288032542e-01	3.762639496811542861e-01
1.433857243001131487e-01	3.818146503548147108e-01
1.458093115214542101e-01	3.874296799074893882e-01
1.482738635951064698e-01	3.931094467128470327e-01
1.507800729323471867e-01	3.988543553146426390e-01
1.533286436479847636e-01	4.046648063290772535e-01
1.559202917581761494e-01	4.105411961892572736e-01
1.585557453815923112e-01	4.164839171144699148e-01
1.612357449439809631e-01	4.224933568570472531e-01
1.639610433861866667e-01	4.285698986395896637e-01
1.667324063756906449e-01	4.347139209528200765e-01
1.695506125217208226e-01	4.409257974126366553e-01
1.724164535940033438e-01	4.472058966303955607e-01
1.753307347452060516e-01	4.535545820454010557e-01
1.782942747371474568e-01	4.599722117464364879e-01
1.813079061708234574e-01	4.664591383690943616e-01
1.843724757203275000e-01	4.730157089205316301e-01
1.874888443707211083e-01	4.796422645781922012e-01
1.906578876599247796e-01	4.863391406284518492e-01
1.938804959247014126e-01	4.931066661983701804e-01
1.971575745507916644e-01	4.999451642167566101e-01
2.004900442272835592e-01	5.068549511510168637e-01
2.038788412052750798e-01	5.138363368921048391e-01
2.073249175609150063e-01	5.208896246541458996e-01
2.108292414628857858e-01	5.280151106899432234e-01
2.143927974444073958e-01	5.352130842792656162e-01
2.180165866798430274e-01	5.424838274408472216e-01
2.217016272659736997e-01	5.498276148275225150e-01
2.254489545080342605e-01	5.572447136305774817e-01
2.292596212105766917e-01	5.647353833016504066e-01
2.331346979732569213e-01	5.722998754523316300e-01
2.370752734916163618e-01	5.799384337608028961e-01
2.410824548629473540e-01	5.876512936897553274e-01
2.451573678973335835e-01	5.954386823895765346e-01
2.493011574339402958e-01	6.033008186062717160e-01
2.535149876626587306e-01	6.112379123990885343e-01
2.578000424511790456e-01	6.192501650676328628e-01
2.621575256775992568e-01	6.273377689538122137e-01
2.665886615686511307e-01	6.355009073754699367e-01
2.710946950436425307e-01	6.437397543418919010e-01
2.756768920642191367e-01	6.520544744654352964e-01
2.803365399900296095e-01	6.604452228729602581e-01
2.850749479404112718e-01	6.689121449290824639e-01
2.898934471621800180e-01	6.774553761487920323e-01
2.947933914036459657e-01	6.860750421072371319e-01
2.997761572949446118e-01	6.947712581573689539e-01
3.048431447347966228e-01	7.035441294289397351e-01
3.099957772838110026e-01	7.123937505631823264e-01
3.152355025644269504e-01	7.213202056206863277e-01
3.205637926676255800e-01	7.303235679710398109e-01
3.259821445665060935e-01	7.394039001072689743e-01
3.314920805368620771e-01	7.485612534921021188e-01
3.370951485848599494e-01	7.577956684795811304e-01
3.427929228819465157e-01	7.671071741285053758e-01
3.485870042071142483e-01	7.764957880916794064e-01
3.544790203966314834e-01	7.859615164814096611e-01
3.604706268013856407e-01	7.955043537386682351e-01
3.665635067519453227e-01	8.051242825197191255e-01
3.727593720314937853e-01	8.148212735160184073e-01
3.790599633567491855e-01	8.245952854273810306e-01
3.854670508670132723e-01	8.344462647440668013e-01
3.919824346214941246e-01	8.443741456664334288e-01
3.986079451050231759e-01	8.543788500458697754e-01
4.053454437423328338e-01	8.644602871507334196e-01
4.121968234210137139e-01	8.746183536966339878e-01
4.191640090233237359e-01	8.848529336134295376e-01
4.262489579669776485e-01	8.951638979919661621e-01
4.334536607550772414e-01	9.055511050455404831e-01
4.407801415353455599e-01	9.160143998913277130e-01
4.482304586688004022e-01	9.265536145118560274e-01
4.558067053080539499e-01	9.371685677294387951e-01
4.635110099853732013e-01	9.478590649889682140e-01
4.713455372106929997e-01	9.586248983336146390e-01
4.793124880797287601e-01	9.694658463911846047e-01
4.874141008923670304e-01	9.803816741621733666e-01
4.956526517815184607e-01	9.913721330088161032e-01
5.040304553525852826e-01	1.002436960652349551e+00
5.125498653337533517e-01	1.013575880970292387e+00
5.212132752372591327e-01	1.024788603997882408e+00
5.300231190318516195e-01	1.036074825935229926e+00
5.389818718266018438e-01	1.047434228957736524e+00
5.480920505662881803e-01	1.058866481229006062e+00
5.573562147385243692e-01	1.070371236916692448e+00
5.667769670928383130e-01	1.081948136020144391e+00
5.763569543719186949e-01	1.093596804393683231e+00
5.860988680552025043e-01	1.105316853770046848e+00
5.960054451150506027e-01	1.117107881609198827e+00
6.060794687856858598e-01	1.128969471130811364e+00
6.163237693451454335e-01	1.140901191344500409e+00
6.267412249104387101e-01	1.152902596907973587e+00
6.373347622461452699e-01	1.164973228243973313e+00
6.481073575866924674e-01	1.177112611412538312e+00
6.590620374725127961e-01	1.189320258203275582e+00
6.702018796003550438e-01	1.201595666072768243e+00
6.815300136879469672e-01	1.213938318176583042e+00
6.930496223532930378e-01	1.226347683366040275e+00
7.047639420088206430e-01	1.238823216211556888e+00
7.166762637706404204e-01	1.251364357030756880e+00
7.287899343831883980e-01	1.263970531861682067e+00
7.411083571594764274e-01	1.276641152580034300e+00
7.536349929372584411e-01	1.289375616826138549e+00
7.663733610513340233e-01	1.302173308159769727e+00
7.793270403223097054e-01	1.315033595979156589e+00
7.924996700620573487e-01	1.327955835702568477e+00
8.058949510961670448e-01	1.340939368683152111e+00
8.195166468036988450e-01	1.353983522411589036e+00
8.333685841744831180e-01	1.367087610453129098e+00
8.474546548843202576e-01	1.380250932568320765e+00
8.617788163883257635e-01	1.393472774853895091e+00
8.763450930327818522e-01	1.406752409697973327e+00
8.911575771857650485e-01	1.420089095924392808e+00
9.062204303868837130e-01	1.433482078952255101e+00
9.215378845164673427e-01	1.446930590755529655e+00
9.371142429844909749e-01	1.460433850050593341e+00
9.529538819396250471e-01	1.473991062454754752e+00
9.690612514986907122e-01	1.487601420423873444e+00
9.854408769969253967e-01	1.501264103590684851e+00
1.002097360259361913e+00	1.514978278367800524e+00
1.019035380893695386e+00	1.528743099273574435e+00
1.036259697605026009e+00	1.542557707422116620e+00
1.053775149532790278e+00	1.556421232216741668e+00
1.071586657610325677e+00	1.570332790132019651e+00
1.089699225947380778e+00	1.584291486099778545e+00
1.108117943236025305e+00	1.598296412518549925e+00
1.126847984180302076e+00	1.612346650479814292e+00
1.145894610950043413e+00	1.626441269094984543e+00
1.165263174659284751e+00	1.640579326049787401e+00
1.184959116869630069e+00	1.654759868014373136e+00
1.204987971119068746e+00	1.668981929705582568e+00
1.225355364476592435e+00	1.683244535876718517e+00
1.246067019123127118e+00	1.697546700146948639e+00
1.267128753959161580e+00	1.711887425106942251e+00
1.288546486239548816e+00	1.726265703618657721e+00
1.310326233235965754e+00	1.740680518296078283e+00
1.332474113927433867e+00	1.755130841145157605e+00
1.354996350719455345e+00	1.769615635216343241e+00
1.377899271192165376e+00	1.784133853934940728e+00
1.401189309878072775e+00	1.798684440451441935e+00
1.424873010069821255e+00	1.813266330153010086e+00
1.448957025658507369e+00	1.827878448888045959e+00
1.473448123003098242e+00	1.842519713929668290e+00
1.498353182831403840e+00	1.857189034121305982e+00
1.523679202173229497e+00	1.871885310408595293e+00
1.549433296326152343e+00	1.886607435610662131e+00
1.575622700854574010e+00	1.901354294947919188e+00
1.602254773622528550e+00	1.916124766401543056e+00
1.629336996860851317e+00	1.930917720636644352e+00
1.656876979269319872e+00	1.945732021500683251e+00
1.684882458154278284e+00	1.960566526458395353e+00
1.713361301602444930e+00	1.975420086139147324e+00
1.742321510691409836e+00	1.990291545692054687e+00
1.771771221737550084e+00	2.005179744108693374e+00
1.801718708581883988e+00	2.020083515131685381e+00
1.832172384914617203e+00	2.035001686845166802e+00
1.863140806638941216e+00	2.049933082946012508e+00
1.894632674274788098e+00	2.064876522200775444e+00
1.926656835403250945e+00	2.079830819024515609e+00
1.959222287152264430e+00	2.094794783715755226e+00
1.992338178724363251e+00	2.109767223141899350e+00
2.026013813967100230e+00	2.124746940362123748e+00
2.060258653986974053e+00	2.139732735039540756e+00
2.095082319807497040e+00	2.154723404800292563e+00
2.130494595072189856e+00	2.169717743787095809e+00
2.166505428793310539e+00	2.184714544641758405e+00
2.203124938146971523e+00	2.199712597598410202e+00
2.240363411315581477e+00	2.214710691393626085e+00
2.278231310378250996e+00	2.229707613672770261e+00
2.316739274250128933e+00	2.244702150518087969e+00
2.355898121671370138e+00	2.259693087938965395e+00
2.395718854246625451e+00	2.274679211203542550e+00
2.436212659535957670e+00	2.289659305576838388e+00
2.477390914197924676e+00	2.304632156738372739e+00
2.519265187185870225e+00	2.319596550758735276e+00
2.561847242998160024e+00	2.334551274619886208e+00
2.605149044983431139e+00	2.349495116720354826e+00
2.649182758701655427e+00	2.364426866772664670e+00
2.693960755342017954e+00	2.379345316351674455e+00
2.739495615198612732e+00	2.394249259202545055e+00
2.785800131204812846e+00	2.409137492162883198e+00
2.832887312527463397e+00	2.424008813679488394e+00
2.880770388221738365e+00	2.438862026224790647e+00
2.929462810947857765e+00	2.453695935761134095e+00
2.978978260750571039e+00	2.468509351300278265e+00
3.029330648902521350e+00	2.483301086562478055e+00
3.080534121812634751e+00	2.498069959676791907e+00
3.132603065000477027e+00	2.512814792864775715e+00
3.185552107137887834e+00	2.527534413952933878e+00
3.239396124158830492e+00	2.542227656107472367e+00
3.294150243438799031e+00	2.556893357580505288e+00
3.349829848044809655e+00	2.571530363130595909e+00
3.406450581057223204e+00	2.586137523470521504e+00
3.464028349964686004e+00	2.600713695882118870e+00
3.522579331133254943e+00	2.615257744729071021e+00
3.582119974351172242e+00	2.629768541170228513e+00
3.642667007450346439e+00	2.644244964071745585e+00
3.704237441006055231e+00	2.658685900003245450e+00
3.766848573116013732e+00	2.673090243294278689e+00
3.830517994260218551e+00	2.687456896926763594e+00
3.895263592243014550e+00	2.701784772356406794e+00
3.961103557218577542e+00	2.716072789842695290e+00
4.028056386801467603e+00	2.730319878709469350e+00
4.096140891263432948e+00	2.744524978209599730e+00
4.165376198818180775e+00	2.758687036563674866e+00
4.235781760995385170e+00	2.772805012476411868e+00
4.307377358105535237e+00	2.786877874579747782e+00
4.380183104797232829e+00	2.800904602359953532e+00
4.454219455708298803e+00	2.814884185491408175e+00
4.529507211212534301e+00	2.828815625270972856e+00
4.606067523263474683e+00	2.842697933340654792e+00
4.683921901337057214e+00	2.856530133754979328e+00
4.763092218474635153e+00	2.870311261940096781e+00
4.843600717428146574e+00	2.884040364811319090e+00
4.925470016909234694e+00	2.897716501983693682e+00
5.008723117943856273e+00	2.911338745481583334e+00
5.093383410334457295e+00	2.924906179359127556e+00
5.179474679231212519e+00	2.938417900957599915e+00
5.267021111814501388e+00	2.951873020765717115e+00
5.356047304090164829e+00	2.965270661836647115e+00
5.446578267799784712e+00	2.978609961196176936e+00
5.538639437447652192e+00	2.991890069498821969e+00
5.632256677446509485e+00	3.005110150589505480e+00
5.727456289384188715e+00	3.018269382885589547e+00
5.824265019412900202e+00	3.031366958875258977e+00
5.922710065763608256e+00	3.044402084755922555e+00
6.022819086387228182e+00	3.057373981879944136e+00
6.124620206725158056e+00	3.070281886150801220e+00
6.228142027611035303e+00	3.083125047445447020e+00
6.333413633306047785e+00	3.095902731564096122e+00
6.440464599670190360e+00	3.108614218968736242e+00
6.549325002471445778e+00	3.121258804848738411e+00
6.660025425835619295e+00	3.133835800307302577e+00
6.772596970838784536e+00	3.146344531761269714e+00
6.887071264245168578e+00	3.158784340713060690e+00
7.003480467392588338e+00	3.171154584876877180e+00
7.121857285228077927e+00	3.183454637066803983e+00
7.242234975496383065e+00	3.195683886618883474e+00
7.364647358083541206e+00	3.207841738164322276e+00
7.489128824518638261e+00	3.219927612714224896e+00
7.615714347635920589e+00	3.231940947143212117e+00
7.744439491400456177e+00	3.243881194510489951e+00
7.875340420899716420e+00	3.255747823973129673e+00
8.008453912504041483e+00	3.267540321092806455e+00
8.143817364199005482e+00	3.279258187675847758e+00
8.281468806092183499e+00	3.290900941567619586e+00
8.421446911097760335e+00	3.302468117529624436e+00
8.563791005801492773e+00	3.313959266085617195e+00
8.708541081509549642e+00	3.325373954744761829e+00
8.855737805483945735e+00	3.336711766844763893e+00
9.005422532367880706e+00	3.347972302738619899e+00
9.157637315804374012e+00	3.359155178837065936e+00
9.312424920251002547e+00	3.370260028050366508e+00
9.469828832994659606e+00	3.381286500059124567e+00
9.629893276369060118e+00	3.392234259927731976e+00
9.792663220179065320e+00	3.403102990380185044e+00
9.958184394334800515e+00	3.413892389945252237e+00
1.012650330169933710e+01	3.424602172979245296e+00
1.029766723115371541e+01	3.435232070858427633e+00
1.047172427088250757e+01	3.445781831070774626e+00
1.064872332188427428e+01	3.456251216530417558e+00
1.082871411171002762e+01	3.466640007211146290e+00
1.101174720843425447e+01	3.476947999071508200e+00
1.119787403486185262e+01	3.487175002627363352e+00
1.138714688297520183e+01	3.497320846305810971e+00
1.157961892862566167e+01	3.507385373228308900e+00
1.177534424647303979e+01	3.517368442394706918e+00
1.197437782517795135e+01	3.527269928375226904e+00
1.217677558285059547e+01	3.537089721552951094e+00
1.238259438276100788e+01	3.546827727496530080e+00
1.259189204931461603e+01	3.556483867125448395e+00
1.280472738429782709e+01	3.566058076745573402e+00
1.302116018339845027e+01	3.575550307559037577e+00
1.324125125300498418e+01	3.584960525778055906e+00
1.346506242729025793e+01	3.594288712685296261e+00
1.369265658558342480e+01	3.603534863721733927e+00
1.392409767003596599e+01	3.612698989548329909e+00
1.415945070358605307e+01	3.621781114828203751e+00
1.439878180822651998e+01	3.630781278807791335e+00
1.464215822358192653e+01	3.639699534251104485e+00
1.488964832579915942e+01	3.648535948723170552e+00
1.514132164675782732e+01	3.657290603092722137e+00
1.539724889360486770e+01	3.665963591997082105e+00
1.565750196861980470e+01	3.674555023497692030e+00
1.592215398941546312e+01	3.683065019162238940e+00
1.619127930948012661e+01	3.691493713453333214e+00
1.646495353906724546e+01	3.699841253952392162e+00
1.674325356643772622e+01	3.708107801110417157e+00
1.702625757946180585e+01	3.716293527463102819e+00
1.731404508758553007e+01	3.724398618764359181e+00
1.760669694416904463e+01	3.732423272403257108e+00
1.790429536920192888e+01	3.740367697959651849e+00
1.820692397240297211e+01	3.748232117064608460e+00
1.851466777671009822e+01	3.756016762445407497e+00
1.882761324216724574e+01	3.763721878726912884e+00
1.914584829021545431e+01	3.771347722041559880e+00
1.946946232839389879e+01	3.778894558635030876e+00
1.979854627545908841e+01	3.786362666389069265e+00
2.013319258692800773e+01	3.793752333455488124e+00
2.047349528105359084e+01	3.801063858413083363e+00
2.081954996523887758e+01	3.808297550195665959e+00
2.117145386289756814e+01	3.815453727573350662e+00
2.152930584076909071e+01	3.822532719040269367e+00
2.189320643669466548e+01	3.829534862699386366e+00
2.226325788786357052e+01	3.836460506418299499e+00
2.263956415953613899e+01	3.843310006235458154e+00
2.302223097425292053e+01	3.850083727839088255e+00
2.341136584153708355e+01	3.856782045618762034e+00
2.380707808809889059e+01	3.863405341788573644e+00
2.420947888855114627e+01	3.869954007407727214e+00
2.461868129664312121e+01	3.876428441534607305e+00
2.503480027702318367e+01	3.882829050452353936e+00
2.545795273753748944e+01	3.889156248615204703e+00
2.588825756207539186e+01	3.895410457780687175e+00
2.632583564396948717e+01	3.901592106366658541e+00
2.677080991996021808e+01	3.907701630224842848e+00
2.722330540473507554e+01	3.913739471613124632e+00
2.768344922605082559e+01	3.919706079291333634e+00
2.815137066045024739e+01	3.925601908523581152e+00
2.862720116958168148e+01	3.931427420041368581e+00
2.911107443713334675e+01	3.937183048128185092e+00
2.960312640639132908e+01	3.942869364054812475e+00
3.010349531843243653e+01	3.948486746611691078e+00
3.061232175096317221e+01	3.954035712108162848e+00
3.112974865781429301e+01	3.959516748347207127e+00
3.165592140910392160e+01	3.964930348081699307e+00
3.219098783207849834e+01	3.970277008418453768e+00
3.273509825264502382e+01	3.975557231240532285e+00
3.328840553760464616e+01	3.980771521779460809e+00
3.385106513760008085e+01	3.985920390129963131e+00
3.442323513078967778e+01	3.991004349043058674e+00
3.500507626725861599e+01	3.996023893540384897e+00
3.559675201418191648e+01	4.000979609596408970e+00
3.619842860174963306e+01	4.005871954510467070e+00
3.681027506986945497e+01	4.010701475658707160e+00
3.743246331565791252e+01	4.015468702324635153e+00
3.806516814173434682e+01	4.020174165725948434e+00
3.870856730533186152e+01	4.024818399001135028e+00
3.936284156823732872e+01	4.029401937983376314e+00
4.002817474757663518e+01	4.033925320405742809e+00
4.070475376745718421e+01	4.038389085236611109e+00
4.139276871148439341e+01	4.042793773484240738e+00
4.209241287616510618e+01	4.047139927636704826e+00
4.280388282521361276e+01	4.051428090792247083e+00
4.352737844477648110e+01	4.055658778902790473e+00
4.426310299958944938e+01	4.059832623742646973e+00
4.501126319008503884e+01	4.063950084773076732e+00
4.577206921046389709e+01	4.068011737587583276e+00
4.654573480774909910e+01	4.072018129320860602e+00
4.733247734183772337e+01	4.075969806656992489e+00
4.813251784656739574e+01	4.079867317172625185e+00
4.894608109181602629e+01	4.083711208214108268e+00
4.977339564664967497e+01	4.087502025912773007e+00
5.061469394353941453e+01	4.091240317327891951e+00
5.147021234366199849e+01	4.094926628408047442e+00
5.234019120330587782e+01	4.098561503859600386e+00
5.322487494139806330e+01	4.102145488437878740e+00
5.412451210817385316e+01	4.105679125617514913e+00
5.503935545500626603e+01	4.109162957416728545e+00
5.596966200541572789e+01	4.112597525206379778e+00
5.691569312728113772e+01	4.115983368302067014e+00
5.787771460626974118e+01	4.119321025314821583e+00
5.885599672051007758e+01	4.122611032676808840e+00
5.985081431652515249e+01	4.125853925163563751e+00
6.086244688645088985e+01	4.129050235955140202e+00
6.189117864655855783e+01	4.132200496255110878e+00
6.293729861710444595e+01	4.135305234805493058e+00
6.400110070353041181e+01	4.138364978635044267e+00
6.508288377903505761e+01	4.141380252371695825e+00
6.618295176854263673e+01	4.144351577983020896e+00
6.730161373408913050e+01	4.147279475535966320e+00
6.843918396165355489e+01	4.150164461909390035e+00
6.959598204945567090e+01	4.153007051919948900e+00
7.077233299774606223e+01	4.155807756984319923e+00
7.196856730011528214e+01	4.158567086240094746e+00
7.318502103634435230e+01	4.161285546029870552e+00
7.442203596682681166e+01	4.163963638958546376e+00
7.567995962858455528e+01	4.166601865277479888e+00
7.695914543290872700e+01	4.169200721765948359e+00
7.825995276464949768e+01	4.171760702049282621e+00
7.958274708318410262e+01	4.174282296787024116e+00
8.092790002509306646e+01	4.176765992474315681e+00
8.229578950856954123e+01	4.179212273169066627e+00
8.368679983959597735e+01	4.181621619266873147e+00
8.510132181991289713e+01	4.183994506705636773e+00
8.653975285681501362e+01	4.186331409171248019e+00
8.800249707480163863e+01	4.188632796069938102e+00
8.948996542911412178e+01	4.190899133157786949e+00
9.100257582119419908e+01	4.193130882444276786e+00
9.254075321609118987e+01	4.195328502420121453e+00
9.410492976185659586e+01	4.197492447587750419e+00
9.569554491095378523e+01	4.199623168551411823e+00
9.731304554372266580e+01	4.201721112132581482e+00
9.895788609392928947e+01	4.203786721726348041e+00
1.006305286764376348e+02	4.205820435735586393e+00
1.023314432170412118e+02	4.207822689490493318e+00
1.040611075844862796e+02	4.209793913958294276e+00
1.058200077247298054e+02	4.211734536135069540e+00
1.076086377974633734e+02	4.213644979245885658e+00
1.094275003149479204e+02	4.215525661731134299e+00
1.112771062831930067e+02	4.217376998889791118e+00
1.131579753455222743e+02	4.219199401317549558e+00
1.150706359285678531e+02	4.220993275694956637e+00
1.170156253907290136e+02	4.222759024525680083e+00
1.189934901731438543e+02	4.224497046340405682e+00
1.210047859532090087e+02	4.226207735262248910e+00
1.230500778006978635e+02	4.227891481453777800e+00
1.251299403365151335e+02	4.229548671032429041e+00
1.272449578941347568e+02	4.231179685749255626e+00
1.293957246837690604e+02	4.232784903265120136e+00
1.315828449593089147e+02	4.234364697165079683e+00
1.338069331880899426e+02	4.235919437028016432e+00
1.360686142235236389e+02	4.237449487507762846e+00
1.383685234806508220e+02	4.238955210342818525e+00
1.407073071146594430e+02	4.240436962272466026e+00
1.430856222024197280e+02	4.241895096145252175e+00
1.455041369270908831e+02	4.243329960894444142e+00
1.479635307658433305e+02	4.244741900822361913e+00
1.504644946807591168e+02	4.246131229415927244e+00
1.530077313129538652e+02	4.247498365100829787e+00
1.555939551799847322e+02	4.248843558187946456e+00
1.582238928765917478e+02	4.250167164510971318e+00
1.608982832788323662e+02	4.251469508340887771e+00
1.636178777516695106e+02	4.252750909949327252e+00
1.663834403600635596e+02	4.254011685575664004e+00
1.691957480836375396e+02	4.255252148127487644e+00
1.720555910349655733e+02	4.256472605346310445e+00
1.749637726815560939e+02	4.257673361906814335e+00
1.779211100715817793e+02	4.258854718704457198e+00
1.809284340634302453e+02	4.260016971954425635e+00
1.839865895591310334e+02	4.261160414683203612e+00
1.870964357417281576e+02	4.262285336078744713e+00
1.902588463166685528e+02	4.263392020968908902e+00
1.934747097572649466e+02	4.264480750911674001e+00
1.967449295543138987e+02	4.265551803769938921e+00
2.000704244699266781e+02	4.266605453066413034e+00
2.034521287956564777e+02	4.267641969258779255e+00
2.068909926149848104e+02	4.268661619030981846e+00
2.103879820702443340e+02	4.269664665006044579e+00
2.139440796340576298e+02	4.270651366703427598e+00
2.175602843853577042e+02	4.271621979782094236e+00
2.212376122900808468e+02	4.272576756386440522e+00
2.249770964865966505e+02	4.273515945382509784e+00
2.287797875759696069e+02	4.274439791629097485e+00
2.326467539171220835e+02	4.275348537218189193e+00
2.365790819269863619e+02	4.276242420238608233e+00
2.405778763857347258e+02	4.277121675675153334e+00
2.446442607471615247e+02	4.277986535045011252e+00
2.487793774543193308e+02	4.278837226780498604e+00
2.529843882604822340e+02	4.279673975832522181e+00
2.572604745555416912e+02	4.280497003638404685e+00
2.616088376979143391e+02	4.281306529079594192e+00
2.660306993520598553e+02	4.282102767102229812e+00
2.705273018317088258e+02	4.282885930299673127e+00
2.750999084488843778e+02	4.283656227326560817e+00
2.797498038688314637e+02	4.284413864455906662e+00
2.844782944709368735e+02	4.285159044354253766e+00
2.892867087157579817e+02	4.285891967123414581e+00
2.941763975182495869e+02	4.286612829609604880e+00
2.991487346272989498e+02	4.287321824590164532e+00
3.042051170116823755e+02	4.288019100462129529e+00
3.093469652525361084e+02	4.288704948623327518e+00
3.145757239424706313e+02	4.289379513235153318e+00
3.198928620914214775e+02	4.290042926706058246e+00
3.252998735393691732e+02	4.290695400744128030e+00
3.307982773760288637e+02	4.291337112550992039e+00
3.363896183676337728e+02	4.291968236681485749e+00
3.420754673909387975e+02	4.292588944438895382e+00
3.478574218745504822e+02	4.293199405065005969e+00
3.537371062477265582e+02	4.293799785191537488e+00
3.597161723967509488e+02	4.294390248257796472e+00
3.657963001290331135e+02	4.294970955902691401e+00
3.719791976450445077e+02	4.295542067160936561e+00
3.782666020182322768e+02	4.296103737781367116e+00
3.846602796830517832e+02	4.296656122186433890e+00
3.911620269312371079e+02	4.297199372212633151e+00
3.977736704164719868e+02	4.297733635928944196e+00
4.044970676675784489e+02	4.298259061132746695e+00
4.113341076103915839e+02	4.298775792308678234e+00
4.182867110984475403e+02	4.299283971061194087e+00
4.253568314526407903e+02	4.299783737922014737e+00
4.325464550100122665e+02	4.300275230687988781e+00
4.398576016817999061e+02	4.300758584696100506e+00
4.472923255209361173e+02	4.301233933745206350e+00
4.548527152991227354e+02	4.301701408713300978e+00
4.625408950936740666e+02	4.302161139327251860e+00
4.703590248842695019e+02	4.302613252492508700e+00
4.783093011597930513e+02	4.303057873518423726e+00
4.863939575354394265e+02	4.303495125478579375e+00
4.946152653802362238e+02	4.303925129692367513e+00
5.029755344551887219e+02	4.304348005326776416e+00
5.114771135621948588e+02	4.304763869724316905e+00
5.201223912039447441e+02	4.305172838445889383e+00
5.289137962549582426e+02	4.305575024834515929e+00
5.378537986439790757e+02	4.305970541007944519e+00
5.469449100478946093e+02	4.306359496619285743e+00
5.561896845973827794e+02	4.306742000221194466e+00
5.655907195944980685e+02	4.307118157721418150e+00
5.751506562423700188e+02	4.307488074221121899e+00
5.848721803872531382e+02	4.307851852890608235e+00
5.947580232731010028e+02	4.308209594719090596e+00
6.048109623089127354e+02	4.308561399637691025e+00
6.150338218490370537e+02	4.308907365659704780e+00
6.254294739866654709e+02	4.309247589241372189e+00
6.360008393607505468e+02	4.309582165655348795e+00
6.467508879765434813e+02	4.309911187524421372e+00
6.576826400400219654e+02	4.310234747324202864e+00
6.687991668064009900e+02	4.310552935664047070e+00
6.801035914430051434e+02	4.310865840348427902e+00
6.915990899067132887e+02	4.311173549738183119e+00
7.032888918362326649e+02	4.311476149637208266e+00
7.151762814594706015e+02	4.311773724586703160e+00
7.272645985162197348e+02	4.312066357696810570e+00
7.395572391964639110e+02	4.312354130958111931e+00
7.520576570945196409e+02	4.312637124836552260e+00
7.647693641793268853e+02	4.312915418398413081e+00
7.776959317811260917e+02	4.313189089556885847e+00
7.908409915948119533e+02	4.313458215249162286e+00
8.042082367002620913e+02	4.313722870348221328e+00
8.178014225998882694e+02	4.313983129039040243e+00
8.316243682737505196e+02	4.314239064678250024e+00
8.456809572524798568e+02	4.314490748378223550e+00
8.599751387083596228e+02	4.314738251113490186e+00
8.745109285648341029e+02	4.314981641598622630e+00
8.892924106247685359e+02	4.315220988623891252e+00
9.043237377177986218e+02	4.315456359082589621e+00
9.196091328670457870e+02	4.315687818895339589e+00
9.351528904755820122e+02	4.315915432997169177e+00
9.509593775329200298e+02	4.316139265256997426e+00
9.670330348419231541e+02	4.316359378323133100e+00
9.833783782664356750e+02	4.316575833928635753e+00
1.000000000000000000e+03	4.316788692915324077e+00
