# Data associated with arXiv:2110.09653
# 
# Scale-free velocity distribution, f(E), of a einasto0-24 dark matter distribution (see Eq. 13 and the surrounding discussion)
# 
# Published: 3/29/22, Jack Runburg, contact: runburg@hawaii.edu
# 
# 
# -----------------------------------------------------------------
# 
# 	 tilde E 		 | 		 tilde f
# 
# -----------------------------------------------------------------
4.496819145498982316e-08	9.097583444025974121e+11
4.642041500815116153e-08	8.756748450735334473e+11
4.791920419613875669e-08	8.414056407956982422e+11
4.946603995764720175e-08	8.071282306830743408e+11
5.106244988582341508e-08	7.733932005979787598e+11
5.271000968192320347e-08	7.396540464335410156e+11
5.441034465368259520e-08	7.068375584289880371e+11
5.616513125975206236e-08	6.754794240866094971e+11
5.797609870159433356e-08	6.455147385395415039e+11
5.984503056427724971e-08	6.168814894406374512e+11
6.177376650764181989e-08	5.895204279260406494e+11
6.376420400937102983e-08	5.633749452812192383e+11
6.581830016152112679e-08	5.383909551537044678e+11
6.793807352213715103e-08	5.145167810460244141e+11
7.012560602360708837e-08	4.917030487889580078e+11
7.238304493947361780e-08	4.699025838468135376e+11
7.471260491145937988e-08	4.490703131785969238e+11
7.711657003852181786e-08	4.291631715257363281e+11
7.959729602980880635e-08	4.101400118751387939e+11
8.215721242343015617e-08	3.919615198492024536e+11
8.479882487303423888e-08	3.745901320547587280e+11
8.752471750421751487e-08	3.579899579270841675e+11
9.033755534287481945e-08	3.421267051780910645e+11
9.324008681764243997e-08	3.269676085245022583e+11
9.623514633865997317e-08	3.124813615902227173e+11
9.932565695494386777e-08	2.986380518683569946e+11
1.025146330927193174e-07	2.854090985925206299e+11
1.058051833771469806e-07	2.727671933346570435e+11
1.092005135399292341e-07	2.606862433326175232e+11
1.127039294153776071e-07	2.491413172638536072e+11
1.163188400275730660e-07	2.381085935027437134e+11
1.200487607713550216e-07	2.275653106492023621e+11
1.238973166899300630e-07	2.174897202787443848e+11
1.278682458519878841e-07	2.078610418084626160e+11
1.319654028312986286e-07	1.986594193599992676e+11
1.361927622918331227e-07	1.898658805551095276e+11
1.405544226815660384e-07	1.814622971522573853e+11
1.450546100381808958e-07	1.734313474449029541e+11
1.496976819100233488e-07	1.657564803111615601e+11
1.544881313957154747e-07	1.584218809042762451e+11
1.594305913059634863e-07	1.514124378384726868e+11
1.645298384511935924e-07	1.447137118646309814e+11
1.697907980587349288e-07	1.383119059304284363e+11
1.752185483234120854e-07	1.321938365739788361e+11
1.808183250954806633e-07	1.263469066028450317e+11
1.865955267099945439e-07	1.207590789837630463e+11
1.925557189617754217e-07	1.154188518916499634e+11
1.987046402302983281e-07	1.103152348931365967e+11
2.050482067589326834e-07	1.054377261610875854e+11
2.115925180930812772e-07	1.007762907317541809e+11
2.183438626819314708e-07	9.632133971447474670e+10
2.253087236486218028e-07	9.206371043679986572e+10
2.324937847338138660e-07	8.799464747039334106e+10
2.399059364177600481e-07	8.410578450507733154e+10
2.475522822261289277e-07	8.038912702945251465e+10
2.554401452250072214e-07	7.683703578211468506e+10
2.635770747106162352e-07	7.344221094447727966e+10
2.719708530994951800e-07	7.019767703634783936e+10
2.806295030250061490e-07	6.709676847908902740e+10
2.895612946462466350e-07	6.413311581072340393e+10
2.987747531755724642e-07	6.130063251284511566e+10
3.082786666311477376e-07	5.859350241555338287e+10
3.180820938211218080e-07	5.600616767821586609e+10
3.281943725661838807e-07	5.353331729562896729e+10
3.386251281675009945e-07	5.116987611609203339e+10
3.493842821271711354e-07	4.891099435689377594e+10
3.604820611286029158e-07	4.675203757609159088e+10
3.719290062843754997e-07	4.468857709758687592e+10
3.837359826593873066e-07	4.271638086218519592e+10
3.959141890773319953e-07	4.083140468438497925e+10
4.084751682187111701e-07	3.902978389735206604e+10
4.214308170189133803e-07	3.730782537456291199e+10
4.347933973750319158e-07	3.566199990048934937e+10
4.485755471704396030e-07	3.408893488744834137e+10
4.627902916263033878e-07	3.258540740997800064e+10
4.774510549895361711e-07	3.114833755575496292e+10
4.925716725669567385e-07	2.977478206681274414e+10
5.081664031156383724e-07	2.846192826874240875e+10
5.242499415998076380e-07	2.720708826633478165e+10
5.408374323248367312e-07	2.600769339908858490e+10
5.579444824592806246e-07	2.486128894320170593e+10
5.755871759561139599e-07	2.376552905055665970e+10
5.937820878847030046e-07	2.271817191019447708e+10
6.125462991853727211e-07	2.171707512748713303e+10
6.318974118586881924e-07	2.076019130835363770e+10
6.518535646020261939e-07	1.984556383897914124e+10
6.724334489062284873e-07	1.897132285443288040e+10
6.936563256256266763e-07	1.813568138540206528e+10
7.155420420349688116e-07	1.733693167739158249e+10
7.381110493872380824e-07	1.657344167378597260e+10
7.613844209867466365e-07	1.584365165398340797e+10
7.853838707921933527e-07	1.514607102195467186e+10
8.101317725649337441e-07	1.447927523798986053e+10
8.356511795779606864e-07	1.384190288587450027e+10
8.619658449017000770e-07	1.323265287062109184e+10
8.891002422830121489e-07	1.265028174223691559e+10
9.170795876343423797e-07	1.209360113646120071e+10
9.459298611504415476e-07	1.156147533008556557e+10
9.756778300704325652e-07	1.105281890547746468e+10
1.006351072103692694e-06	1.056659451798752213e+10
1.037977999538293860e-06	1.010181076360029602e+10
1.070587884051498393e-06	9.657520140086921692e+09
1.104210882242134144e-06	9.232817099818202972e+09
1.138878061905339253e-06	8.826836188778163910e+09
1.174621429070745530e-06	8.438750267815062523e+09
1.211473955825596060e-06	8.067768813984692574e+09
1.249469608945107860e-06	7.713136295692190170e+09
1.288643379352747670e-06	7.374130622018063545e+09
1.329031312433965027e-06	7.050061659491982460e+09
1.370670539227332447e-06	6.740269814715041161e+09
1.413599308517844534e-06	6.444124681059465408e+09
1.457857019857812387e-06	6.161023744516638756e+09
1.503484257541297726e-06	5.890391147161758423e+09
1.550522825559027260e-06	5.631676505762626648e+09
1.599015783561129506e-06	5.384353782795717239e+09
1.649007483856103342e-06	5.147920207284255028e+09
1.700543609474907202e-06	4.921895244018820763e+09
1.753671213330011566e-06	4.705819608035058022e+09
1.808438758500087095e-06	4.499254323343058586e+09
1.864896159671599368e-06	4.301779822997699738e+09
1.923094825769778913e-06	4.112995089310681820e+09
1.983087703811896840e-06	3.932516832359610558e+09
2.044929324017086949e-06	3.759978704422856331e+09
2.108675846207489269e-06	3.595030550091923237e+09
2.174385107536647216e-06	3.437337688764329910e+09
2.242116671582091321e-06	3.286580229715578079e+09
2.311931878839723542e-06	3.142452417072645664e+09
2.383893898659088882e-06	3.004662004094549179e+09
2.458067782659126776e-06	2.872929654938474655e+09
2.534520519665598110e-06	2.746988373381667137e+09
2.613321092211980049e-06	2.626582956570701599e+09
2.694540534647040916e-06	2.511469472857949257e+09
2.778251992893459735e-06	2.401414763213766098e+09
2.864530785902702100e-06	2.296195964471820831e+09
2.953454468853083914e-06	2.195600053694980621e+09
3.045102898138578826e-06	2.099423412851935148e+09
3.139558298197845830e-06	2.007471412686553001e+09
3.236905330233541746e-06	1.919558015225447893e+09
3.337231162874039494e-06	1.835505393562668085e+09
3.440625544830324853e-06	1.755143568839289188e+09
3.547180879602814597e-06	1.678310063157401323e+09
3.656992302293948085e-06	1.604849567761918545e+09
3.770157758583826140e-06	1.534613626209584951e+09
3.886778085928060769e-06	1.467460331291702986e+09
4.006957097037915351e-06	1.403254035483066082e+09
4.130801665705014231e-06	1.341865074342981577e+09
4.258421815034061529e-06	1.283169501934924603e+09
4.389930808148877100e-06	1.227048838168935299e+09
4.525445241438730889e-06	1.173389827189847708e+09
4.665085140413477769e-06	1.122084206565830231e+09
4.808974058238269261e-06	1.073028486592791200e+09
4.957239177019706934e-06	1.026123739530614257e+09
5.110011411917871357e-06	9.812753979313380718e+08
5.267425518160118224e-06	9.383930621650482416e+08
5.429620201034615250e-06	8.973903162217619419e+08
5.596738228943698357e-06	8.581845518620842695e+08
5.768926549598837475e-06	8.206968004001054764e+08
5.946336409441719607e-06	7.848515720293968916e+08
6.129123476377251041e-06	7.505767021999387741e+08
6.317447965907292668e-06	7.178032048083064556e+08
6.511474770755666890e-06	6.864651319368131161e+08
6.711373594077447985e-06	6.564994396718124151e+08
6.917319086348018545e-06	6.278458599925839901e+08
7.129490986029357534e-06	6.004467782492033243e+08
7.348074264114328937e-06	5.742471160678993464e+08
7.573259272651042698e-06	5.491942194365743399e+08
7.805241897353392392e-06	5.252377517744795680e+08
8.044223714405044633e-06	5.023295916667032242e+08
8.290412151568140567e-06	4.804237351811670065e+08
8.544020653709921307e-06	4.594762024564079046e+08
8.805268852863453829e-06	4.394449484196103811e+08
9.074382742942182877e-06	4.202897775338030457e+08
9.351594859229656520e-06	4.019722621611416936e+08
9.637144462770606173e-06	3.844556646799914837e+08
9.931277729790768038e-06	3.677048629648232460e+08
1.023424794627755433e-05	3.516862791672499776e+08
1.054631570785619324e-05	3.363678116577357650e+08
1.086774912509894313e-05	3.217187699676118493e+08
1.119882403440974369e-05	3.077098126135144830e+08
1.153982421462805205e-05	2.943128876380890012e+08
1.189104160950160763e-05	2.815011758155626059e+08
1.225277655617906351e-05	2.692490363405175805e+08
1.262533801987918210e-05	2.575319549199806154e+08
1.300904383489576938e-05	2.463264941558181643e+08
1.340422095210195069e-05	2.356102461243118644e+08
1.381120569312143764e-05	2.253617870407714844e+08
1.423034401133776331e-05	2.155606339280014038e+08
1.466199175991815814e-05	2.061872031966521144e+08
1.510651496703076497e-05	1.972227710583144426e+08
1.556429011844046321e-05	1.886494356767990589e+08
1.603570444767134326e-05	1.804500809899712205e+08
1.652115623392929705e-05	1.726083421393667161e+08
1.702105510798258814e-05	1.651085724091736078e+08
1.753582236620236456e-05	1.579358116285347939e+08
1.806589129297164872e-05	1.510757559791930020e+08
1.861170749167359893e-05	1.445147291112528145e+08
1.917372922447758347e-05	1.382396545545591116e+08
1.975242776114486147e-05	1.322380293346214145e+08
2.034828773708172210e-05	1.264978987547209710e+08
2.096180752087340951e-05	1.210078322873384058e+08
2.159349959153652074e-05	1.157569005332167745e+08
2.224389092573556741e-05	1.107346531885807514e+08
2.291352339521158664e-05	1.059310979905624241e+08
2.360295417468013019e-05	1.013366805868367553e+08
2.431275616045925340e-05	9.694226529012465477e+07
2.504351840009555618e-05	9.273911668540500104e+07
2.579584653326235546e-05	8.871888204096136987e+07
2.657036324420912040e-05	8.487357450208385289e+07
2.736770872605094758e-05	8.119555701597540081e+07
2.818854115718870675e-05	7.767752697507677972e+07
2.903353719016201406e-05	7.431250152104313672e+07
2.990339245324058479e-05	7.109380351459771395e+07
3.079882206506831966e-05	6.801504810885189474e+07
3.172056116268114360e-05	6.507012991836755723e+07
3.266936544322596831e-05	6.225321075110167265e+07
3.364601171971831790e-05	5.955870788910593092e+07
3.465129849117942306e-05	5.698128286875340343e+07
3.568604652750593880e-05	5.451583076797656715e+07
3.675109946942962870e-05	5.215746996025878936e+07
3.784732444393480418e-05	4.990153231741852313e+07
3.897561269550824602e-05	4.774355384885831922e+07
4.013688023360418265e-05	4.567926574383295327e+07
4.133206849671863575e-05	4.370458581741482764e+07
4.256214503347030369e-05	4.181561032474504411e+07
4.382810420110042678e-05	4.000860695520578325e+07
4.513096788180829329e-05	3.828000405148588866e+07
4.647178621735053759e-05	3.662638846815180779e+07
4.785163836234158409e-05	3.504449535671537369e+07
4.927163325669967856e-05	3.353120249223437160e+07
5.073291041769865571e-05	3.208352400478240103e+07
5.223664075208648650e-05	3.069860443084291369e+07
5.378402738875073059e-05	2.937371298856048286e+07
5.537630653241513924e-05	2.810623753486987203e+07
5.701474833886456951e-05	2.689368223519423977e+07
5.870065781220645677e-05	2.573365680967386067e+07
6.043537572468445128e-05	2.462387751970020309e+07
6.222027955957799882e-05	2.356215971993926540e+07
6.405678447772207866e-05	2.254641408686259389e+07
6.594634430820555814e-05	2.157464242825794592e+07
6.789045256380556550e-05	2.064493370093709975e+07
6.989064348173692641e-05	1.975546020766038075e+07
7.194849309030283799e-05	1.890447394414045662e+07
7.406562030204405381e-05	1.809030310939609632e+07
7.624368803400315207e-05	1.731134878177414834e+07
7.848440435572146207e-05	1.656608172382315248e+07
8.078952366561377636e-05	1.585303933838115633e+07
8.316084789636346878e-05	1.517082275982616842e+07
8.560022775000712019e-05	1.451809405736799911e+07
8.810956396338390651e-05	1.389357358351706341e+07
9.069080860463775678e-05	1.329603742079249397e+07
9.334596640148369389e-05	1.272431494932880439e+07
9.607709610194758900e-05	1.217728651485513709e+07
9.888631186832322773e-05	1.165388120426193997e+07
1.017757847050844200e-04	1.115307471949938871e+07
1.047477439215222623e-04	1.067388733856529742e+07
1.078044786298808461e-04	1.021538196696886793e+07
1.109483392797862137e-04	9.776662284036103636e+06
1.141817392297772685e-04	9.356870957247523591e+06
1.175071563567593253e-04	8.955187941756676883e+06
1.209271347042278097e-04	8.570828851281760260e+06
1.244442861701093410e-04	8.203043407739013433e+06
1.280612922351003283e-04	7.851113949263632298e+06
1.317809057323893597e-04	7.514354003163244575e+06
1.356059526596696974e-04	7.192106937221816741e+06
1.395393340343681116e-04	6.883744647617958486e+06
1.435840277930248120e-04	6.588666320225265808e+06
1.477430907357944322e-04	6.306297229037371464e+06
1.520196605170302405e-04	6.036087639797003008e+06
1.564169576829590460e-04	5.777511652206110768e+06
1.609382877574520182e-04	5.530066220006755553e+06
1.655870433769257750e-04	5.293270135666712187e+06
1.703667064754258234e-04	5.066663070068608038e+06
1.752808505209551670e-04	4.849804675717697479e+06
1.803331428041490088e-04	4.642273710422135890e+06
1.855273467803899136e-04	4.443667206905298866e+06
1.908673244665022508e-04	4.253599676303194836e+06
1.963570388931692068e-04	4.071702349387854803e+06
2.020005566142423045e-04	3.897622443000926170e+06
2.078020502741307924e-04	3.731022474809319712e+06
2.137658012344846137e-04	3.571579586641688831e+06
2.198962022613940991e-04	3.418984914490940049e+06
2.261977602743669568e-04	3.272942979841488414e+06
2.326750991583492604e-04	3.133171098559798207e+06
2.393329626400882257e-04	2.999398842530901078e+06
2.461762172301513703e-04	2.871367490308052395e+06
2.532098552319429438e-04	2.748829519189392217e+06
2.604389978190778409e-04	2.631548132525003515e+06
2.678688981824928358e-04	2.519296779519726988e+06
2.755049447487068750e-04	2.411858711109396536e+06
2.833526644706558595e-04	2.309026568701252807e+06
2.914177261925533888e-04	2.210601951160355937e+06
2.997059440902543150e-04	2.116395048840923700e+06
3.082232811886177933e-04	2.026224259041147539e+06
3.169758529573940531e-04	1.939915832132623997e+06
3.259699309871802605e-04	1.857303530817830237e+06
3.352119467470112183e-04	1.778228303848619806e+06
3.447084954251863832e-04	1.702537973978999304e+06
3.544663398549445922e-04	1.630086939429902239e+06
3.644924145266331315e-04	1.560735890791855985e+06
3.747938296880365372e-04	1.494351533941446804e+06
3.853778755345545854e-04	1.430806333883492276e+06
3.962520264909545988e-04	1.369978260415066732e+06
4.074239455864247183e-04	1.311750553983164020e+06
4.189014889247105657e-04	1.256011493857610971e+06
4.306927102511159933e-04	1.202654180793684674e+06
4.428058656181869924e-04	1.151576328500965610e+06
4.552494181519245084e-04	1.102680063821404940e+06
4.680320429203859486e-04	1.055871734329925850e+06
4.811626319065788601e-04	1.011061727109501255e+06
4.946502990875478213e-04	9.681642928728600964e+05
5.085043856216176546e-04	9.270973791999237146e+05
5.227344651457462065e-04	8.877824690770934103e+05
5.373503491849879144e-04	8.501444305926727830e+05
5.523620926760865668e-04	8.141113684724681079e+05
5.677799996072380477e-04	7.796144835875675781e+05
5.836146287761051705e-04	7.465879406205125852e+05
5.998767996681575931e-04	7.149687390073314309e+05
6.165775984574838617e-04	6.846965904920212924e+05
6.337283841322004013e-04	6.557138015063768253e+05
6.513407947466384349e-04	6.279651618160414509e+05
6.694267538025013052e-04	6.013978362903879024e+05
6.879984767612076562e-04	5.759612628248826368e+05
7.070684776896802790e-04	5.516070541786245303e+05
7.266495760418198229e-04	5.282889033753715921e+05
7.467549035779908308e-04	5.059624946741002495e+05
7.673979114248097137e-04	4.845854171233623638e+05
7.885923772775894468e-04	4.641170823002217221e+05
8.103524127477961967e-04	4.445186457839172217e+05
8.326924708579068121e-04	4.257529319510430214e+05
8.556273536860788771e-04	4.077843617096393718e+05
8.791722201630602050e-04	3.905788838331733132e+05
9.033425940237875280e-04	3.741039089904063148e+05
9.281543719161569877e-04	3.583282467550018919e+05
9.536238316694577079e-04	3.432220449865552946e+05
9.797676407249807616e-04	3.287567326459234464e+05
1.006602864731342408e-03	3.149049642281571287e+05
1.034146976307077394e-03	3.016405669126962312e+05
1.062417863973078372e-03	2.889384902450297959e+05
1.091433841257459254e-03	2.767747576326975250e+05
1.121213655975476656e-03	2.651264201747986954e+05
1.151776499687114574e-03	2.539715123765071330e+05
1.183142017334988571e-03	2.432890097524677112e+05
1.215330317065222744e-03	2.330587884510323929e+05
1.248361980233966394e-03	2.232615864159554476e+05
1.282258071602267397e-03	2.138789661786632496e+05
1.317040149721942967e-03	2.048932796816052869e+05
1.352730277515236173e-03	1.962876340307551727e+05
1.389351033050918163e-03	1.880458592601464188e+05
1.426925520519607346e-03	1.801524769594132085e+05
1.465477381411032717e-03	1.725926708947603474e+05
1.505030805895996504e-03	1.653522580987808178e+05
1.545610544415803233e-03	1.584176623072473449e+05
1.587241919481893705e-03	1.517758873166796402e+05
1.629950837688488472e-03	1.454144922142573632e+05
1.673763801940986477e-03	1.393215676663026097e+05
1.718707923902904359e-03	1.334857129766886355e+05
1.764810936664126806e-03	1.278960143587054336e+05
1.812101207633243921e-03	1.225420238776701008e+05
1.860607751656765708e-03	1.174137396491458640e+05
1.910360244367931759e-03	1.125015865077228373e+05
1.961389035767943743e-03	1.077963978666708426e+05
2.013725164042337069e-03	1.032893981663498998e+05
2.067400369615246449e-03	9.897218598497925268e+04
2.122447109444307312e-03	9.483671850724371325e+04
2.178898571558924614e-03	9.087529429951433849e+04
2.236788689844598516e-03	8.708054225486193900e+04
2.296152159076043225e-03	8.344540393500319624e+04
2.357024450201716283e-03	7.996312185456579027e+04
2.419441825882482668e-03	7.662722634447691962e+04
2.483441356287001498e-03	7.343152313506975770e+04
2.549060935146468202e-03	7.037008166839234764e+04
2.616339296071296464e-03	6.743722377970375237e+04
2.685316029132272641e-03	6.462751298505312297e+04
2.756031597708768262e-03	6.193574371224026982e+04
2.828527355606401048e-03	5.935693017087754561e+04
2.902845565726978536e-03	5.688630138815237297e+04
2.979029412761434632e-03	5.451929116807138780e+04
3.057123028378488060e-03	5.225152214211873797e+04
3.137171504742586499e-03	5.007880357986971649e+04
3.219220914160172108e-03	4.799712523348564719e+04
3.303318327864557518e-03	4.600264610199898016e+04
3.389511835086531609e-03	4.409168822442258534e+04
3.477850562412915063e-03	4.226072973301656748e+04
3.568384693435082758e-03	4.050639821156613471e+04
3.661165488689443592e-03	3.882546429278694995e+04
3.756245305891844910e-03	3.721483556475349178e+04
3.853677620467752495e-03	3.567155073487386107e+04
3.953517046380023228e-03	3.419277402984192304e+04
4.055819357255935342e-03	3.277578984620694246e+04
4.160641507815192319e-03	3.141799763776283362e+04
4.268041655600403154e-03	3.011690700614468369e+04
4.378079183011524336e-03	2.887013300670668468e+04
4.490814719645647851e-03	2.767539165354836950e+04
4.606310164943404166e-03	2.653049563414704608e+04
4.724628711143174543e-03	2.543335018119966844e+04
4.845834866544220312e-03	2.438194915098625643e+04
4.969994479079617271e-03	2.337437121857857710e+04
5.097174760199970137e-03	2.240877630037770723e+04
5.227444309068574047e-03	2.148340208701359006e+04
5.360873137068678830e-03	2.059656075319577940e+04
5.497532692623339177e-03	1.974663575339412637e+04
5.637495886328247954e-03	1.893207883531464176e+04
5.780837116397792921e-03	1.815140710513318118e+04
5.927632294424334258e-03	1.740320027123445470e+04
6.077958871450836464e-03	1.668609797596502176e+04
6.231895864356487742e-03	1.599879725547713679e+04
6.389523882555055330e-03	1.534005010066369687e+04
6.550925155005422537e-03	1.470866112404158412e+04
6.716183557533648291e-03	1.410348532996729045e+04
6.885384640465733001e-03	1.352342598390120293e+04
7.058615656569954509e-03	1.296743254534582593e+04
7.235965589307748885e-03	1.243449873029224909e+04
7.417525181391591317e-03	1.192366062745281488e+04
7.603386963648409505e-03	1.143399491305733500e+04
7.793645284186648259e-03	1.096461709643300128e+04
7.988396337865083172e-03	1.051467978862991185e+04
8.187738197388012146e-03	1.008337144578329389e+04
8.391770838216601816e-03	9.669914772572139555e+03
8.600596176446522606e-03	9.273564802810742549e+03
8.814318094580773574e-03	8.893607919397638398e+03
9.033042473658336319e-03	8.529360660755361096e+03
9.256877224479528876e-03	8.180168194782666433e+03
9.485932319112997183e-03	7.845403184530230646e+03
9.720319822680581479e-03	7.524464632062817145e+03
9.960153925415750342e-03	7.216776756319738524e+03
1.020555097499155871e-02	6.921787931440098873e+03
1.045662950911323621e-02	6.638969667855169973e+03
1.071351028837065969e-02	6.367815633091592645e+03
1.097631632934540843e-02	6.107840719530144270e+03
1.124517293796703510e-02	5.858580145056045694e+03
1.152020774311263325e-02	5.619588600238757863e+03
1.180155073044378798e-02	5.390439421479361044e+03
1.208933427647423953e-02	5.170723809357099526e+03
1.238369318286187785e-02	4.960050073223921572e+03
1.268476471091774076e-02	4.758042911628101137e+03
1.299268861632478858e-02	4.564342720542347706e+03
1.330760718405865628e-02	4.378604933340974640e+03
1.362966526350236143e-02	4.200499386615415460e+03
1.395901030374661379e-02	4.029709713846471004e+03
1.429579238906668152e-02	3.865932767191333824e+03
1.464016427456703642e-02	3.708878056879693759e+03
1.499228142198399776e-02	3.558267224036639618e+03
1.535230203563651280e-02	3.413833524854245297e+03
1.572038709851487914e-02	3.275321348429159116e+03
1.609670040849655454e-02	3.142485745241231598e+03
1.648140861467826956e-02	3.015091977005702120e+03
1.687468125381242842e-02	2.892915094649686125e+03
1.727669078683645443e-02	2.775739521807201072e+03
1.768761263548239426e-02	2.663358661966728050e+03
1.810762521895411398e-02	2.555574523577826767e+03
1.853690999065887857e-02	2.452197357090664354e+03
1.897565147497965593e-02	2.353045312716008539e+03
1.942403730407422924e-02	2.257944104202784274e+03
1.988225825468616786e-02	2.166726693153261749e+03
2.035050828495310951e-02	2.079232991960595882e+03
2.082898457119668201e-02	1.995309561497647792e+03
2.131788754467801861e-02	1.914809332646062103e+03
2.181742092962753177e-02	1.837591357345590723e+03
2.232779177473467880e-02	1.763520551966733137e+03
2.284921049720949754e-02	1.692467413820994807e+03
2.338189091435774122e-02	1.624307818532077590e+03
2.392605028109657389e-02	1.558922801217558799e+03
2.448190932614238008e-02	1.496198327486293920e+03
2.504969228803905629e-02	1.436025088701599316e+03
2.562962695100674121e-02	1.378298306953634210e+03
2.622194468059067460e-02	1.322917544795975573e+03
2.682688045908904542e-02	1.269786524260768147e+03
2.744467292073869691e-02	1.218812953584189245e+03
2.807556438663598095e-02	1.169908360069592845e+03
2.871980089937101188e-02	1.122987931303348887e+03
2.937763225735175524e-02	1.077970363013405859e+03
3.004931204879436255e-02	1.034777711605652257e+03
3.073509768535566053e-02	9.933352555647489908e+02
3.143525043538299146e-02	9.535713596578964371e+02
3.215003545675645252e-02	9.154173474792809202e+02
3.287972182929688181e-02	8.788073780028638566e+02
3.362458258671430222e-02	8.436783276484584349e+02
3.438489474806917523e-02	8.099696765739031434e+02
3.516093934871908355e-02	7.776234017149503188e+02
3.595300147072303526e-02	7.465838714182881404e+02
3.676137027267455115e-02	7.167977469053950017e+02
3.758633901893480844e-02	6.882138870141930056e+02
3.842820510823524022e-02	6.607832562847336249e+02
3.928727010162058608e-02	6.344588392040114968e+02
4.016383974970066939e-02	6.091955532393711792e+02
4.105822401917987030e-02	5.849501717300058772e+02
4.197073711863243822e-02	5.616812452816670884e+02
4.290169752349114879e-02	5.393490284491392686e+02
4.385142800021661624e-02	5.179154091107068325e+02
4.482025562961298309e-02	4.973438405115992964e+02
4.580851182925704812e-02	4.775992766703513439e+02
4.681653237500543741e-02	4.586481101309527730e+02
4.784465742154521417e-02	4.404581127821010682e+02
4.889323152152465213e-02	4.229983802830251420e+02
4.996260364250899866e-02	4.062392727571499904e+02
5.105312719202351190e-02	3.901523611328435095e+02
5.216516002761494020e-02	3.747103878557318239e+02
5.329906446395036440e-02	3.598872131890471451e+02
5.445520730633203466e-02	3.456577595269980065e+02
5.563395985124527238e-02	3.319979807335825512e+02
5.683569788894873159e-02	3.188848158955582335e+02
5.806080174250283915e-02	3.062961429166114158e+02
5.930965623801318087e-02	2.942107460600881836e+02
6.058265075463022120e-02	2.826082742042040650e+02
6.188017919217889129e-02	2.714692133230428794e+02
6.320263999158953760e-02	2.607748424450552420e+02
6.455043615819927583e-02	2.505071993616058137e+02
6.592397522542711719e-02	2.406490646235894530e+02
6.732366927283954527e-02	2.311839167973100189e+02
6.874993494646566838e-02	2.220959043252562140e+02
7.020319340667766084e-02	2.133698260107597093e+02
7.168387037949708329e-02	2.049910966623725983e+02
7.319239610047441336e-02	1.969457281675384195e+02
7.472920533437182877e-02	1.892203034133125641e+02
7.629473735004148327e-02	1.818019455941252716e+02
7.788943593934220810e-02	1.746783015566655877e+02
7.951374935685687206e-02	1.678375260669064346e+02
8.116813032631903235e-02	1.612682523147118161e+02
8.285303604649285614e-02	1.549595715800064966e+02
8.456892812422366068e-02	1.489010248322330767e+02
8.631627257518259544e-02	1.430825722452840125e+02
8.809553982298297392e-02	1.374945822445477006e+02
8.990720462630426291e-02	1.321278164320723931e+02
9.175174607301056495e-02	1.269734091876133562e+02
9.362964757146299832e-02	1.220228517928778729e+02
9.554139677254339102e-02	1.172679841848043907e+02
9.748748555614589195e-02	1.127009750671125090e+02
9.946841001366263368e-02	1.083143085397038732e+02
1.014846703596042482e-01	1.041007744638442460e+02
1.035367709400809855e-01	1.000534532876819895e+02
1.056252201442685751e-01	9.616570628990756120e+01
1.077505303745542042e-01	9.243116229447439025e+01
1.099132180105953094e-01	8.884370656066953131e+01
1.121138033206499213e-01	8.539747239096990938e+01
1.143528104382794397e-01	8.208682915891637322e+01
1.166307672850471350e-01	7.890637325918370948e+01
1.189482055117050130e-01	7.585091943811329429e+01
1.213056604356690521e-01	7.291549099087666264e+01
1.237036709732820539e-01	7.009531128510803910e+01
1.261427795763186421e-01	6.738579656846444266e+01
1.286235321285106314e-01	6.478254768744390901e+01
1.311464779199981723e-01	6.228134192130519153e+01
1.337121695103501984e-01	5.987812646642360903e+01
1.363211627044582097e-01	5.756901146520126389e+01
1.389740164051338489e-01	5.535026327182811201e+01
1.416712925898906128e-01	5.321829823114307345e+01
1.444135561497033871e-01	5.116967637138148461e+01
1.472013748660947197e-01	4.920109553445254846e+01
1.500353192477543451e-01	4.730938671441862198e+01
1.529159624554811692e-01	4.549150743931256358e+01
1.558438802295692427e-01	4.374453643528961067e+01
1.588196507195913931e-01	4.206567068897411588e+01
1.618438544022436643e-01	4.045221880005681214e+01
1.649170740005542202e-01	3.890159636189826386e+01
1.680398942994002776e-01	3.741132352560511265e+01
1.712129020554203906e-01	3.597901899377269785e+01
1.744366859069906017e-01	3.460239604659679458e+01
1.777118361768292021e-01	3.327926030842948535e+01
1.810389447730316737e-01	3.200750452141602409e+01
1.844186050887779149e-01	3.078510497817398672e+01
1.878514117935059236e-01	2.961011959687034789e+01
1.913379607241225688e-01	2.848068328022539220e+01
1.948788487734275099e-01	2.739500480813852334e+01
1.984746736714360915e-01	2.635136505805368401e+01
2.021260338658451283e-01	2.534811293857951142e+01
2.058335283981448938e-01	2.438366277190704423e+01
2.095977566768341682e-01	2.345649248668350140e+01
2.134193183461979559e-01	2.256514025212837282e+01
2.172988131491546127e-01	2.170820202466505577e+01
2.212368406941486176e-01	2.088432998455963840e+01
2.252340003113324218e-01	2.009222962643935873e+01
2.292908909013820218e-01	1.933065758574890225e+01
2.334081106898841795e-01	1.859842002264786487e+01
2.375862571093710074e-01	1.789437034761020584e+01
2.418259265490720344e-01	1.721740739499969663e+01
2.461277142124849437e-01	1.656647355913905173e+01
2.504922138887180627e-01	1.594055307382416586e+01
2.549200177678074275e-01	1.533867039335065030e+01
2.594117162304694357e-01	1.475988852383209604e+01
2.639678976467216831e-01	1.420330742828667958e+01
2.685891481713967854e-01	1.366806265213282146e+01
2.732760515064617812e-01	1.315332391537392276e+01
2.780291887175670440e-01	1.265829363817569764e+01
2.828491379787037574e-01	1.218220569250483010e+01
2.877364743987753659e-01	1.172432412078029351e+01
2.926917697282491182e-01	1.128394198600826748e+01
2.977155922053930093e-01	1.086038013741836217e+01
3.028085062550799345e-01	1.045298624962862988e+01
3.079710722812973311e-01	1.006113359636213644e+01
3.132038464644466558e-01	9.684220011873245326e+00
3.185073804400715414e-01	9.321667086015755999e+00
3.238822211472489609e-01	8.972919057827592582e+00
3.293289104992048744e-01	8.637442063705469408e+00
3.348479851676113839e-01	8.314723161630416470e+00
3.404399763580372995e-01	8.004269392376615500e+00
3.461054095244124329e-01	7.705607232224888747e+00
3.518448040817762634e-01	7.418281714008296390e+00
3.576586732304108396e-01	7.141855601917161955e+00
3.635475236041483815e-01	6.875908851989986914e+00
3.695118550444238537e-01	6.620037807113013706e+00
3.755521603747123405e-01	6.373854523436658148e+00
3.816689250519668675e-01	6.136986319710482363e+00
3.878626269354265577e-01	5.909075017270957630e+00
3.941337360544859836e-01	5.689776357503268045e+00
4.004827142555603126e-01	5.478759603774029152e+00
4.069100149656637577e-01	5.275706867729960337e+00
4.134160829535780679e-01	5.080312598016672787e+00
4.200013539752581182e-01	4.892283224343367820e+00
4.266662545321683875e-01	4.711336558167785959e+00
4.334112016257700706e-01	4.537201353813467897e+00
4.402366024046318604e-01	4.369616971126326632e+00
4.471428539175940076e-01	4.208332870040916163e+00
4.541303428618407856e-01	4.053108214200805470e+00
4.611994452257029975e-01	3.903711542950297542e+00
4.683505260821005378e-01	3.759920363292815093e+00
4.755839392333973126e-01	3.621520809641478156e+00
4.829000269842944615e-01	3.488307293606324855e+00
4.902991198219493474e-01	3.360082193444748455e+00
4.977815361364952285e-01	3.236655540286955013e+00
5.053475819512502909e-01	3.117844693505252618e+00
5.129975506286525988e-01	3.003474091060100992e+00
5.207317225700335284e-01	2.893374960469579094e+00
5.285503649559446515e-01	2.787385017557904465e+00
5.364537314955427627e-01	2.685348239017522953e+00
5.444420620485628248e-01	2.587114652487869648e+00
5.525155824534137006e-01	2.492540050055041867e+00
5.606745041632864579e-01	2.401485770695536370e+00
5.689190240500482387e-01	2.313818493587051606e+00
5.772493240573933759e-01	2.229410040191879716e+00
5.856655709581516378e-01	2.148137150639044091e+00
5.941679161224121541e-01	2.069881293620615903e+00
6.027564951781414493e-01	1.994528511965794060e+00
6.114314277802276321e-01	1.921969212801872384e+00
6.201928173892946594e-01	1.852097999191826494e+00
6.290407509205091507e-01	1.784813525749919139e+00
6.379752985935779330e-01	1.720018316545271597e+00
6.469965136119842919e-01	1.657618651093647255e+00
6.561044318532516240e-01	1.597524399653344807e+00
6.652990718139299986e-01	1.539648844111359827e+00
6.745804341881819211e-01	1.483908601781360970e+00
6.839485017095491282e-01	1.430223488104578333e+00
6.934032388896036458e-01	1.378516363169254966e+00
7.029445918491320500e-01	1.328713029158402614e+00
7.125724880067105804e-01	1.280742132644840492e+00
7.222868359036495045e-01	1.234535031518174009e+00
7.320875250351127628e-01	1.190025691668224139e+00
7.419744255552832568e-01	1.147150605644770005e+00
7.519473881184404185e-01	1.105848675895591660e+00
7.620062437248243947e-01	1.066061122052612609e+00
7.721508034465669468e-01	1.027731408240953881e+00
7.823808582855691363e-01	9.908051407544028466e-01
7.926961790348092673e-01	9.552299858929050869e-01
8.030965160176001261e-01	9.209556000126821740e-01
8.135815990205572668e-01	8.879335458160024785e-01
8.241511370559185812e-01	8.561172222932086351e-01
8.348048182463014832e-01	8.254617924683456121e-01
8.455423097103802466e-01	7.959241125767659852e-01
8.563632573620306720e-01	7.674626736942372629e-01
8.672672858453208677e-01	7.400375336033782059e-01
8.782539983825706775e-01	7.136102577562629667e-01
8.893229766652228641e-01	6.881438643746290440e-01
9.004737807592023691e-01	6.636027650110759568e-01
9.117059490087957574e-01	6.399526900489024284e-01
9.230189979475542650e-01	6.171607283710726088e-01
9.344124222336681607e-01	5.951951388362539674e-01
9.458856945730190757e-01	5.740253991226941244e-01
9.574382656364165411e-01	5.536221342849954041e-01
9.690695640739769301e-01	5.339570715196121364e-01
9.807789963959662183e-01	5.150030003187130445e-01
9.925659470280596697e-01	4.967337311473921657e-01
1.004429778201799683e+00	4.791240565096148707e-01
1.016369830038502009e+00	4.621497127434410768e-01
1.028385420465350863e+00	4.457873458194700489e-01
1.040475845280069089e+00	4.300144763639207612e-01
1.052640378136494137e+00	4.148094650927472427e-01
1.064878270610175592e+00	4.001514816602435021e-01
1.077188752203442679e+00	3.860204726381451512e-01
1.089571030461017553e+00	3.723971330670980961e-01
1.102024290948226293e+00	3.592628806913366057e-01
1.114547697366630397e+00	3.465998243633066078e-01
1.127140391685182763e+00	3.343907379692095949e-01
1.139801494148169780e+00	3.226190396401191762e-01
1.152530103426091301e+00	3.112687630343932144e-01
1.165325296780551190e+00	3.003245340638805994e-01
1.178186130104752039e+00	2.897715524900288941e-01
1.191111638109183746e+00	2.795955664081756220e-01
1.204100834519703289e+00	2.697828514809704203e-01
1.217152712153219518e+00	2.603201946244936282e-01
1.230266243137581261e+00	2.511948712882621781e-01
1.243440379141948160e+00	2.423946270814319737e-01
1.256674051490284549e+00	2.339076630639963517e-01
1.269966171414507405e+00	2.257226157428646462e-01
1.283315630316044231e+00	2.178285406868965268e-01
1.296721299919556536e+00	2.102148992773408831e-01
1.310182032558080412e+00	2.028715411570921334e-01
1.323696661464693669e+00	1.957886897555417283e-01
1.337264000958186427e+00	1.889569295474043120e-01
1.350882846809539073e+00	1.823671915916333930e-01
1.364551976453383775e+00	1.760107408174474974e-01
1.378270149354477558e+00	1.698791632805680130e-01
1.392036107278974200e+00	1.639643542897183948e-01
1.405848574635969239e+00	1.582585070650581183e-01
1.419706258804955157e+00	1.527541012308500923e-01
1.433607850486952495e+00	1.474438921349301712e-01
1.447552024065984488e+00	1.423209008580525181e-01
1.461537437945445328e+00	1.373784041581521120e-01
1.475562734980865098e+00	1.326099247037613726e-01
1.489626542799197706e+00	1.280092222270422520e-01
1.503727474272468889e+00	1.235702846859123988e-01
1.517864127831326515e+00	1.192873193358649359e-01
1.532035088020927471e+00	1.151547446124608770e-01
1.546238925773623984e+00	1.111671834357666755e-01
1.560474198928592404e+00	1.073194543977965959e-01
1.574739452706927390e+00	1.036065643643732936e-01
1.589033220075839248e+00	1.000237023547378701e-01
1.603354022317227789e+00	9.656623219232599031e-02
1.617700369410677297e+00	9.322968656163943546e-02
1.632070760549561905e+00	9.000976017441486565e-02
1.646463684678474593e+00	8.690230371894634709e-02
1.660877620902751595e+00	8.390331901245590140e-02
1.675311039036121441e+00	8.100895247720688030e-02
1.689762400159582789e+00	7.821548984132487004e-02
1.704230157051229932e+00	7.551935180646897339e-02
1.718712754756758443e+00	7.291708800635540721e-02
1.733208631203564387e+00	7.040537298719153070e-02
1.747716217511342984e+00	6.798100215969157811e-02
1.762233938786751164e+00	6.564088557285162329e-02
1.776760214583284592e+00	6.338204459857145479e-02
1.791293459405368660e+00	6.120160871038290984e-02
1.805832083323666737e+00	5.909681063032825449e-02
1.820374492513252562e+00	5.706498238573916998e-02
1.834919089884236687e+00	5.510355199164815310e-02
1.849464275551264691e+00	5.321004004213112509e-02
1.864008447523139544e+00	5.138205611369912190e-02
1.878550002190965129e+00	4.961729567100873345e-02
1.893087334943246880e+00	4.791353626756815476e-02
1.907618840902487900e+00	4.626863550182423040e-02
1.922142915098983718e+00	4.468052880106956198e-02
1.936657953466708326e+00	4.314722394503248126e-02
1.951162353421910245e+00	4.166679928008082401e-02
1.965654514272176856e+00	4.023740385733710900e-02
1.980132837575506066e+00	3.885725218451962365e-02
1.994595728595054851e+00	3.752462151313350897e-02
2.009041595709553985e+00	3.623785157831587583e-02
2.023468852139801655e+00	3.499534059461025665e-02
2.037875915706160335e+00	3.379554426673390261e-02
2.052261209766210737e+00	3.263697289407965080e-02
2.066623164063570162e+00	3.151818967037753327e-02
2.080960214481444748e+00	3.043780973614190755e-02
2.095270804672262788e+00	2.939449623100732351e-02
2.109553385859815222e+00	2.838696018248888439e-02
2.123806417718602901e+00	2.741395846438252071e-02
2.138028369043981414e+00	2.647429155531042314e-02
2.152217718031734783e+00	2.556680296443024358e-02
2.166372953051800554e+00	2.469037671809684240e-02
2.180492573258188127e+00	2.384393616204849922e-02
2.194575088901854709e+00	2.302644316320092907e-02
2.208619022060367421e+00	2.223689587454003719e-02
2.222622907232503220e+00	2.147432755745524655e-02
2.236585291703245382e+00	2.073780610838568336e-02
2.250504736086771818e+00	2.002643220854435913e-02
2.264379814978415340e+00	1.933933727987299095e-02
2.278209117711212706e+00	1.867568396712957282e-02
2.291991247872354531e+00	1.803466513980169980e-02
2.305724825000159850e+00	1.741550052791249886e-02
2.319408484637016432e+00	1.681743768915192061e-02
2.333040878215952851e+00	1.623975151701266897e-02
2.346620674443590904e+00	1.568174094938607974e-02
2.360146559519316067e+00	1.514272989004862222e-02
2.373617236849651757e+00	1.462206665275925764e-02
2.387031428603760386e+00	1.411912152283297320e-02
2.400387875349745403e+00	1.363328697619999204e-02
2.413685336750656329e+00	1.316397662550635589e-02
2.426922592258206723e+00	1.271062453271870965e-02
2.440098440684364434e+00	1.227268496027629843e-02
2.453211701520727761e+00	1.184963064400065304e-02
2.466261214782995204e+00	1.144095270675916584e-02
2.479245841461987787e+00	1.104616021113215794e-02
2.492164463962608600e+00	1.066477904341444141e-02
2.505015986406004203e+00	1.029635165182712399e-02
2.517799334840677972e+00	9.940436534700719876e-03
2.530513457626867968e+00	9.596607340866186026e-03
2.543157325888917519e+00	9.264452348597089840e-03
2.555729933563806622e+00	8.943574274144681924e-03
2.568230297795642603e+00	8.633589642566250749e-03
2.580657459068287807e+00	8.334127980825990073e-03
2.593010481916935284e+00	8.044831709666249928e-03
2.605288454183222413e+00	7.765355806083679667e-03
2.617490488441536201e+00	7.495367011236244749e-03
2.629615720995297057e+00	7.234543592827913025e-03
2.641663313158428394e+00	6.982574577984115502e-03
2.653632450907687623e+00	6.739159983369597332e-03
2.665522344585114389e+00	6.504010445289830356e-03
2.677332229954260345e+00	6.276845913316654590e-03
2.689061367997971796e+00	6.057396220832041503e-03
2.700709044365872558e+00	5.845400828254304279e-03
2.712274570481495228e+00	5.640607565997672081e-03
2.723757283295331177e+00	5.442773092914613212e-03
2.735156544702370240e+00	5.251662721143007112e-03
2.746471742575339992e+00	5.067049337716416149e-03
2.757702290422647362e+00	4.888713754468553864e-03
2.768847626902780856e+00	4.716444499892866009e-03
2.779907216727545816e+00	4.550036942757735951e-03
2.790880550224941192e+00	4.389293636270606355e-03
2.801767142888722084e+00	4.234024000923746617e-03
2.812566536282540941e+00	4.084043595296762280e-03
2.823278297423793770e+00	3.939174504246347949e-03
2.833902018364766739e+00	3.799244963734859076e-03
2.844437317116978114e+00	3.664088690919709707e-03
2.854883836867469604e+00	3.533545301366315065e-03
2.865241245669650993e+00	3.407459982725226117e-03
2.875509237044271416e+00	3.285682786491461206e-03
2.885687529737293922e+00	3.168069023938060655e-03
2.895775866574489488e+00	3.054479119947489142e-03
2.905774015823987533e+00	2.944777996727321757e-03
2.915681769732551221e+00	2.838835141791974052e-03
2.925498945437497333e+00	2.736524464642589322e-03
2.935225383834012991e+00	2.637724200882782775e-03
2.944860949984348331e+00	2.542316693677192704e-03
2.954405532644454269e+00	2.450188165312116272e-03
2.963859044238676521e+00	2.361228686925477376e-03
2.973221420470119281e+00	2.275332137964290301e-03
2.982492619799748113e+00	2.192395898392083143e-03
2.991672624162158289e+00	2.112320708061100200e-03
3.000761437402225784e+00	2.035010752035540469e-03
3.009759086168740438e+00	1.960373419860433810e-03
3.018665618645069326e+00	1.888319176962143355e-03
3.027481105202878719e+00	1.818761505842828247e-03
3.036205637142145086e+00	1.751616793368893045e-03
3.044839327307569565e+00	1.686804179646261056e-03
3.053382309108968240e+00	1.624245544996574418e-03
3.061834736385522060e+00	1.563865363991056049e-03
3.070196783438901900e+00	1.505590661584943740e-03
3.078468643692439777e+00	1.449350925202531415e-03
3.086650530766843037e+00	1.395077838708293563e-03
3.094742677140688514e+00	1.342705500476339001e-03
3.102745333612185075e+00	1.292170250545540515e-03
3.110658769927010514e+00	1.243410365204646387e-03
3.118483273723170690e+00	1.196366295962092863e-03
3.126219149817430765e+00	1.150980514736848212e-03
3.133866720832097830e+00	1.107197241845943531e-03
3.141426326225539967e+00	1.064962681637477392e-03
3.148898321219972374e+00	1.024224855015352584e-03
3.156283078086056904e+00	9.849333356021345263e-04
3.163580984284609876e+00	9.470394616309656555e-04
3.170792442620914642e+00	9.104962363332129872e-04
3.177917870764020769e+00	8.752581494002705442e-04
3.184957701008063413e+00	8.412811880882738354e-04
3.191912379646372422e+00	8.085228251210438595e-04
3.198782366594268733e+00	7.769419262452487542e-04
3.205568135193290757e+00	7.464986978859860416e-04
3.212270171545549502e+00	7.171546835080960542e-04
3.218888974113208068e+00	6.888726621124080735e-04
3.225425053841664891e+00	6.616166489400492285e-04
3.231878932585009245e+00	6.353518899897081604e-04
3.238251144051154107e+00	6.100447149864021311e-04
3.244542232425946526e+00	5.856625541148198152e-04
3.250752752605929441e+00	5.621739502957043364e-04
3.256883269038956641e+00	5.395484721864743198e-04
3.262934356220836829e+00	5.177566467704907555e-04
3.268906597697752936e+00	4.967700019831768629e-04
3.274800585612277715e+00	4.765610363661082786e-04
3.280616920541713277e+00	4.571030759235088442e-04
3.286356211555253370e+00	4.383703148493942156e-04
3.292019074785720090e+00	4.203378795442734702e-04
3.297606133493187652e+00	4.029816675092704695e-04
3.303118018414006762e+00	3.862783298040098844e-04
3.308555365978292251e+00	3.702053264157994703e-04
3.313918819300341490e+00	3.547408340065777020e-04
3.319209026814887498e+00	3.398637534327912896e-04
3.324426642338085269e+00	3.255536719237210001e-04
3.329572324898927516e+00	3.117908412987146615e-04
3.334646737619787249e+00	2.985561780569977544e-04
3.339650548352748771e+00	2.858311981541702723e-04
3.344584428563658118e+00	2.735980356984117883e-04
3.349449053282016919e+00	2.618394120195964309e-04
3.354245100863106899e+00	2.505386046376040015e-04
3.358973252378106178e+00	2.396794521062151431e-04
3.363634191457144595e+00	2.292463147363482103e-04
3.368228604045321539e+00	2.192240617688668636e-04
3.372757177842966581e+00	2.095980732583089460e-04
3.377220602149294315e+00	2.003542071875362245e-04
3.381619567471391807e+00	1.914787588534137537e-04
3.385954765852281501e+00	1.829584951947638486e-04
3.390226888971576535e+00	1.747806500721927757e-04
3.394436629639821401e+00	1.669328277635967960e-04
3.398584680835369465e+00	1.594030522289288014e-04
3.402671734802041215e+00	1.521797735614602027e-04
3.406698483811260836e+00	1.452517879678082396e-04
3.410665619493937317e+00	1.386082751637853915e-04
3.414573832071734927e+00	1.322387905395146451e-04
3.418423810961623843e+00	1.261332099337901394e-04
3.422216244235855687e+00	1.202817569324555531e-04
3.425951817764642637e+00	1.146749907921999594e-04
3.429631216183992581e+00	1.093037692665454769e-04
3.433255121527044817e+00	1.041592706815705450e-04
3.436824213600837563e+00	9.923296193158480274e-05
3.440339169977951084e+00	9.451659232977079094e-05
3.443800665020939178e+00	9.000220359691846856e-05
3.447209370472371415e+00	8.568209290229415829e-05
3.450565955001009932e+00	8.154881912706505860e-05
3.453871083775735595e+00	7.759520220755295285e-05
3.457125418652466919e+00	7.381430003808713025e-05
3.460329617832297533e+00	7.019940881573087112e-05
3.463484335684829496e+00	6.674406017260524414e-05
3.466590222487156758e+00	6.344199976721724677e-05
3.469647924945811202e+00	6.028718767253209040e-05
3.472658084888303076e+00	5.727380492540023701e-05
3.475621340174305463e+00	5.439622819376505741e-05
3.478538323990535197e+00	5.164902392390426626e-05
3.481409665225139172e+00	4.902695524269843973e-05
3.484235987524643807e+00	4.652497050468285407e-05
3.487017910263671361e+00	4.413819557385464042e-05
3.489756047213159906e+00	4.186192974371336502e-05
3.492451007743233582e+00	3.969163112277463665e-05
3.495103395947116720e+00	3.762292813976084134e-05
3.497713810284936553e+00	3.565161156882662853e-05
3.500282844356125356e+00	3.377361153256376098e-05
3.502811086435277055e+00	3.198501156179430713e-05
3.505299118868218322e+00	3.028204373631743001e-05
3.507747518904735351e+00	2.866106828796718178e-05
3.510156858304280814e+00	2.711858348565364345e-05
3.512527702718660105e+00	2.565122209467321081e-05
3.514860612549318031e+00	2.425573444943491123e-05
3.517156142506245420e+00	2.292899592588876003e-05
3.519414841105676484e+00	2.166800329743688466e-05
3.521637251491142706e+00	2.046986007930463118e-05
3.523823910978154839e+00	1.933178437559677696e-05
3.525975350559550581e+00	1.825110314799214677e-05
3.528092095882599200e+00	1.722523976231599737e-05
3.530174666619599666e+00	1.625172270524912792e-05
3.532223575999663634e+00	1.532817848190227498e-05
3.534239332027313107e+00	1.445232014537540269e-05
3.536222436517554080e+00	1.362195648992508725e-05
3.538173385008316352e+00	1.283498529956458311e-05
3.540092667490779110e+00	1.208938201502004452e-05
3.541980768241658861e+00	1.138320718463020303e-05
3.543838164790149126e+00	1.071460370506848777e-05
3.545665329542555977e+00	1.008178623588225927e-05
3.547462728399026766e+00	9.483043460276941006e-06
3.549230821898770927e+00	8.916735584523968671e-06
3.550970064233020196e+00	8.381291984414004559e-06
3.552680904001136231e+00	7.875207374090718358e-06
3.554363783932445564e+00	7.397040117062897506e-06
3.556019140837066939e+00	6.945411330373820038e-06
3.557647405768119331e+00	6.519000717375108252e-06
3.559249004038675945e+00	6.116544773737367068e-06
3.560824355307389943e+00	5.736835853439164775e-06
3.562373873264914614e+00	5.378719429493334777e-06
3.563897966347854940e+00	5.041091600642633652e-06
3.565397036906705619e+00	4.722898226264737867e-06
3.566871482168246121e+00	4.423132615112409205e-06
3.568321693299698172e+00	4.140833801263397944e-06
3.569748056423546423e+00	3.875084125115293337e-06
3.571150951962683617e+00	3.625008646118998644e-06
3.572530754864553959e+00	3.389772938760050726e-06
3.573887835067407703e+00	3.168581915585475711e-06
3.575222556360202475e+00	2.960678276331728442e-06
3.576535278210460245e+00	2.765338762748985304e-06
3.577826354469845871e+00	2.581876545398870087e-06
3.579096133324857210e+00	2.409638251243932073e-06
3.580344958661854982e+00	2.248000287160046235e-06
3.581573168850166411e+00	2.096371373490693573e-06
3.582781096881618055e+00	1.954189394611333036e-06
3.583969071445128218e+00	1.820918505693939477e-06
3.585137416176085612e+00	1.696051517002376080e-06
3.586286448905742219e+00	1.579106934594098750e-06
3.587416484022230012e+00	1.469625768338568558e-06
3.588527830347400194e+00	1.367172441354857988e-06
3.589620792120844950e+00	1.271340443453759646e-06
3.590695668880163449e+00	1.181755601308263711e-06
3.591752736674673763e+00	1.098013678085562369e-06
3.592792343010337675e+00	1.019747004126346393e-06
3.593814716698702227e+00	9.466863740631224745e-07
3.594820158374392616e+00	8.785030705441631392e-07
3.595808945110420041e+00	8.148745782263295598e-07
3.596781349639790459e+00	7.555328644285698750e-07
3.597737640757046940e+00	7.002129467056554596e-07
3.598678082527843269e+00	6.486648869074224015e-07
3.599602935141197335e+00	6.006524307094384227e-07
3.600512454706227050e+00	5.559525180951427381e-07
3.601406893284996080e+00	5.138749206275608228e-07
3.602286498611780186e+00	4.752167955862061551e-07
3.603151514959069157e+00	4.392737130941502642e-07
3.604002182535311238e+00	4.058699042558494151e-07
3.604838737617177102e+00	3.746938380774043867e-07
3.605661412714626479e+00	3.458930348967160122e-07
3.606470436805398361e+00	3.191631187052845132e-07
3.607266035068942500e+00	2.943666028440401320e-07
3.608048428632366633e+00	2.713741704573578882e-07
3.608817836040493443e+00	2.499243507629568349e-07
3.609574471277839702e+00	2.301936471849034739e-07
3.610318545665899492e+00	2.119237057055984571e-07
3.611050266657966024e+00	1.950142469641241026e-07
3.611769838423218637e+00	1.792277917349378558e-07
3.612477462062821942e+00	1.647744580964801603e-07
3.613173334937680892e+00	1.514162977992220165e-07
3.613857651528424419e+00	1.390760853770744890e-07
3.614530603480278437e+00	1.275355564511144370e-07
3.615192378423758512e+00	1.170311943296729521e-07
3.615843161697766206e+00	1.073412444995685773e-07
3.616483135290070816e+00	9.840684622542266451e-08
3.617112478239972173e+00	9.017308078684374742e-08
3.617731366770978063e+00	8.245313965968865358e-08
3.618339974093499833e+00	7.548142914882377535e-08
3.618938470588410006e+00	6.906585688416305830e-08
3.619527023832679546e+00	6.316492719092682140e-08
3.620105799032582006e+00	5.774003019912439217e-08
3.620674957926133253e+00	5.275527253299386634e-08
3.621234660141327222e+00	4.817719427432988164e-08
3.621785062748339890e+00	4.397470278768611254e-08
3.622326319731827393e+00	4.011894490468442382e-08
3.622858582965187590e+00	3.658307269039082722e-08
3.623382001848764578e+00	3.334218159549886695e-08
3.623896722893736211e+00	3.037318764367353192e-08
3.624402890582119952e+00	2.765464866136442249e-08
3.624900647053788560e+00	2.516670621922546277e-08
3.625390131677549199e+00	2.289098137428722002e-08
3.625871481958243603e+00	2.081043781275125350e-08
3.626344832897037129e+00	1.890931892904043347e-08
3.626810317276976114e+00	1.717305308553917199e-08
3.627268065911645856e+00	1.558817116503912075e-08
3.627718206982089022e+00	1.414223385713994291e-08
3.628160867156572600e+00	1.282374794830009697e-08
3.628596170477375260e+00	1.162211788083474564e-08
3.629024239161988685e+00	1.052756781774356139e-08
3.629445193422481619e+00	9.531081278028030420e-09
3.629859151460623323e+00	8.624357326496093615e-09
3.630266229499850006e+00	7.799754964881982592e-09
3.630666541679366865e+00	7.050238955482423566e-09
3.631060200699716134e+00	6.369338166816209704e-09
3.631447316749285559e+00	5.751107521059043186e-09
3.631827998962476656e+00	5.190083197955478894e-09
3.632202353822483243e+00	4.681251890446614751e-09
3.632570486781134811e+00	4.220010186253754435e-09
3.632932500970035505e+00	3.802136397950656262e-09
3.633288498375914166e+00	3.423763678302602665e-09
3.633638578490692161e+00	3.081349513146565688e-09
3.633982840016083848e+00	2.771645575498798465e-09
3.634321379713318034e+00	2.491684218739452437e-09
3.634654292366009898e+00	2.238754075348593353e-09
3.634981671636545730e+00	2.010371667392104826e-09
3.635303609634381594e+00	1.804271037446182321e-09
3.635620196505681800e+00	1.618385661181037243e-09
3.635931521296240643e+00	1.450827011786014011e-09
3.636237671621236345e+00	1.299874456755781916e-09
3.636538733195343820e+00	1.163961552229800232e-09
3.636834790723899591e+00	1.041659491260576003e-09
3.637125927516445145e+00	9.316688770641721459e-10
3.637412225068016092e+00	8.328087049700093906e-10
3.637693763966155736e+00	7.440036551030127949e-10
3.637970623449411800e+00	6.642778597886514096e-10
3.638242880902278209e+00	5.927457482825875894e-10
3.638510613124541049e+00	5.286021905899812467e-10
3.638773895424659788e+00	4.711184031530350951e-10
3.639032801283676122e+00	4.196341372915524017e-10
3.639287403845876234e+00	3.735498690284002775e-10
3.639537774672465531e+00	3.323240773892623465e-10
3.639783983747434171e+00	2.954671732297287921e-10
3.640026100501128514e+00	2.625355352329090058e-10
3.640264193019802974e+00	2.331289102679284578e-10
3.640498327957043756e+00	2.068861205514337824e-10
3.640728571336034669e+00	1.834809394750631658e-10
3.640954987519916308e+00	1.626192663975664019e-10
3.641177640480220301e+00	1.440359347494591807e-10
3.641396592566118695e+00	1.274923750567011614e-10
3.641611905244131364e+00	1.127737632179255238e-10
3.641823639148484393e+00	9.968672226756231107e-11
3.642031853695495869e+00	8.805760245822911073e-11
3.642236607360055611e+00	7.773036532108532518e-11
3.642437957688315908e+00	6.856486348572215169e-11
3.642635961325603411e+00	6.043541987395532270e-11
3.642830673718278511e+00	5.322935432843945055e-11
3.643022149792370712e+00	4.684565429326189061e-11
3.643210443121437603e+00	4.119390352351358795e-11
3.643395606855497793e+00	3.619319089138645530e-11
3.643577692694056847e+00	3.177117359241348986e-11
3.643756751947445416e+00	2.786311640367866006e-11
3.643932835203124831e+00	2.441124099957368721e-11
3.644105991483004292e+00	2.136402781765015993e-11
3.644276269920837308e+00	1.867547115941802486e-11
3.644443717586638876e+00	1.630456347718575341e-11
3.644608382189008733e+00	1.421468375142824639e-11
3.644770309984294077e+00	1.237329137846784573e-11
3.644929546005895027e+00	1.075143115980361761e-11
3.645086135359798529e+00	9.323241205668673636e-12
3.645240122142221484e+00	8.065747874203235666e-12
3.645391549112180218e+00	6.958498546651568293e-12
3.645540459228974850e+00	5.983205171439209152e-12
3.645686894255842692e+00	5.123544291803027724e-12
3.645830895305849140e+00	4.364865445696016057e-12
3.645972502783368263e+00	3.693876650658287227e-12
3.646111756542298465e+00	3.098300039284394034e-12
3.646248695696741038e+00	2.566276284361352956e-12
3.646383358650454820e+00	2.084178911942172790e-12
3.646515783152594725e+00	1.638479633782275203e-12
3.646646006892188652e+00	1.228136330488144601e-12
3.646774065887068428e+00	8.504345191747978620e-13
3.646899996377956477e+00	4.954190277291910151e-13
3.647023833691088512e+00	0.000000000000000000e+00
