# Data associated with arXiv:2110.09653
# 
# Scale-free J-factor angular distribution, J_S(theta), of a einasto0-24 dark matter distribution (see Eq. 8 and the surrounding discussion)
# 
# Published: 3/29/22, Jack Runburg, contact: runburg@hawaii.edu
# 
# 
# -----------------------------------------------------------------
# 
# 	 tilde theta 		 | 	 tilde J s-wave 		 | 	 tilde J p-wave 		 | 	 tilde J d-wave 		 | 	 tilde J sommerfeld 
# 
# -----------------------------------------------------------------
1.000000000000000021e-03	3.307362267714545396e+03	1.378919469526438888e+03	2.431455295717886202e+03	1.610009395448434952e+04
1.021192151037671062e-03	3.294177871416957714e+03	1.377582545524342777e+03	2.430138157391479126e+03	1.593243023314616403e+04
1.042833409340945643e-03	3.280884462362787417e+03	1.376222559686250179e+03	2.428797868172622202e+03	1.576555315276883994e+04
1.064933292458827233e-03	3.267479091095719923e+03	1.374838972766440293e+03	2.427433869038708508e+03	1.559938839463458862e+04
1.087501519637659123e-03	3.253962648301363060e+03	1.373431479417777609e+03	2.426045825072572370e+03	1.543394714267163727e+04
1.110548016095517111e-03	3.240336905439839484e+03	1.371999825669686061e+03	2.424633449697304968e+03	1.526929485122728693e+04
1.134082917387199208e-03	3.226603078659658877e+03	1.370543719126621909e+03	2.423196417302600366e+03	1.510544919727932393e+04
1.158116573861711456e-03	3.212758270026590253e+03	1.369062598132079529e+03	2.421734139373200378e+03	1.494233060384338933e+04
1.182659555214217667e-03	3.198803517097030181e+03	1.367556150612661895e+03	2.420246264567276739e+03	1.477999759934536269e+04
1.207722655134462354e-03	3.184740827271375110e+03	1.366024119643803260e+03	2.418732495957665378e+03	1.461846687217388353e+04
1.233316896053688856e-03	3.170571402678604045e+03	1.364466192158510466e+03	2.417192480435183370e+03	1.445775899733208462e+04
1.259453533992170365e-03	3.156292407470956732e+03	1.362881788293982027e+03	2.415625600353867867e+03	1.429784495919653818e+04
1.286144063509461061e-03	3.141905032308287900e+03	1.361270584063746355e+03	2.414031485560408782e+03	1.413872272887596773e+04
1.313400222759557485e-03	3.127411530346375002e+03	1.359632316285121988e+03	2.412409827050943932e+03	1.398043183848857188e+04
1.341233998653187541e-03	3.112813081352925110e+03	1.357966653852096442e+03	2.410760242543054574e+03	1.382301226683292589e+04
1.369657632129505243e-03	3.098106922132049931e+03	1.356272998563379360e+03	2.409082084015897181e+03	1.366639040970491260e+04
1.398683623539492566e-03	3.083294402259806247e+03	1.354551012717655340e+03	2.407374961414197514e+03	1.351059248072619448e+04
1.428324738143458596e-03	3.068378029693705685e+03	1.352800447037433059e+03	2.405638560091332238e+03	1.335567859539317942e+04
1.458594011725036863e-03	3.053358952828603833e+03	1.351020949866413275e+03	2.403872466220072056e+03	1.320163243232161767e+04
1.489504756324154782e-03	3.038234491582257306e+03	1.349211887161154664e+03	2.402075994244560661e+03	1.304843150108488771e+04
1.521070566091505720e-03	3.023006159728562125e+03	1.347372916912075425e+03	2.400248735565450716e+03	1.289607953605106377e+04
1.553305323267072666e-03	3.007676728151071075e+03	1.345503794609433044e+03	2.398390366046850431e+03	1.274462404423867883e+04
1.586223204285366938e-03	2.992247304157157942e+03	1.343604138508283086e+03	2.396500435060952441e+03	1.259408112923835142e+04
1.619838686010041055e-03	2.976715301189365618e+03	1.341673310776825929e+03	2.394578229571051452e+03	1.244439727529641641e+04
1.654166552100628336e-03	2.961082401769589069e+03	1.339710965073008765e+03	2.392623321907009085e+03	1.229558857486359375e+04
1.689221899514206692e-03	2.945351646840864760e+03	1.337716847531910162e+03	2.390635372554128480e+03	1.214771540162819838e+04
1.725020145144853453e-03	2.929524092186074540e+03	1.335690563039507424e+03	2.388613896555559222e+03	1.200075731714601534e+04
1.761577032603788440e-03	2.913597255011094603e+03	1.333631446186413541e+03	2.386558142437356764e+03	1.185469107729141615e+04
1.798908639143220224e-03	2.897572990355220554e+03	1.331539144207360550e+03	2.384467660623035954e+03	1.170952773387630441e+04
1.837031382726912916e-03	2.881454615182031830e+03	1.329413425182786114e+03	2.382342107507408400e+03	1.156530669370891337e+04
1.875962029250603357e-03	2.865243122679341013e+03	1.327253854490246567e+03	2.380180952815541332e+03	1.142204089756101530e+04
1.915717699915417882e-03	2.848936143691322286e+03	1.325059756217364338e+03	2.377983412308739389e+03	1.127968091765885401e+04
1.956315878757565116e-03	2.832535708745162992e+03	1.322830778704911154e+03	2.375749017379086581e+03	1.113824143184691275e+04
1.997774420337589726e-03	2.816045415451578265e+03	1.320566699485045547e+03	2.373477415120858495e+03	1.099778257131746250e+04
2.040111557592579582e-03	2.799466182745607966e+03	1.318267072796440743e+03	2.371168037049792929e+03	1.085827854284367095e+04
2.083345909854779961e-03	2.782795764558969040e+03	1.315931183467087749e+03	2.368820054222646831e+03	1.071970715391068734e+04
2.127496491040134757e-03	2.766036368900419802e+03	1.313558694168605825e+03	2.366432981880402622e+03	1.058208086745591572e+04
2.172582718010372237e-03	2.749191877246273179e+03	1.311149393966361913e+03	2.364006457485054852e+03	1.044543504494698755e+04
2.218624419112281976e-03	2.732263122004265369e+03	1.308702815728424639e+03	2.361539868238405234e+03	1.030978248239527056e+04
2.265641842897974604e-03	2.715247989150770536e+03	1.306218243375803013e+03	2.359032353417022478e+03	1.017506947556574778e+04
2.313655667029933423e-03	2.698148865192596077e+03	1.303695319685054073e+03	2.356483397083306500e+03	1.004131818536464016e+04
2.362687007374795686e-03	2.680969917123816231e+03	1.301133862240408689e+03	2.353892632647555274e+03	9.908583699436163442e+03
2.412757427289825233e-03	2.663711877955365708e+03	1.298533369884904459e+03	2.351259395224745731e+03	9.776830220381560139e+03
2.463888947106213784e-03	2.646372774078221028e+03	1.295893126129104985e+03	2.348582790701088470e+03	9.646051928877121100e+03
2.516104053813336943e-03	2.628955170350046956e+03	1.293212789136574202e+03	2.345862285641439939e+03	9.516242565032371203e+03
2.569425710948245768e-03	2.611463519241820450e+03	1.290492194321357147e+03	2.343097504108590329e+03	9.387451517424915437e+03
2.623877368694733318e-03	2.593898441168905720e+03	1.287730804707433663e+03	2.340287723288703091e+03	9.259677818647773165e+03
2.679482974196439188e-03	2.576258110424411825e+03	1.284927898274148447e+03	2.337432013094382910e+03	9.132869348350917790e+03
2.736266982088478034e-03	2.558545269016844486e+03	1.282083148917805374e+03	2.334529821702901245e+03	9.007063716947262947e+03
2.794254365252289707e-03	2.540764653049456228e+03	1.279196412134516095e+03	2.331580764670877670e+03	8.882280580973341785e+03
2.853470625798387814e-03	2.522916756597585845e+03	1.276267150158888853e+03	2.328584073304798494e+03	8.758518972754094648e+03
2.913941806281861776e-03	2.504999908714601588e+03	1.273294618675161473e+03	2.325538771947728947e+03	8.635745430917426347e+03
2.975694501155571117e-03	2.487017025985981945e+03	1.270278498279494215e+03	2.322444283585738503e+03	8.513969978986959177e+03
3.038755868466027146e-03	2.468973124325590106e+03	1.267218677023523242e+03	2.319300218989155837e+03	8.393239079942726676e+03
3.103153641797168783e-03	2.450868557647405396e+03	1.264114613810244009e+03	2.316105761075532882e+03	8.273535955172083050e+03
3.168916142467233243e-03	2.432701815488083412e+03	1.260965548853649352e+03	2.312859889568002018e+03	8.154825675146004869e+03
3.236072291984112663e-03	2.414475985217153720e+03	1.257771180265946896e+03	2.309562005543833493e+03	8.037130759995576227e+03
3.304651624764658874e-03	2.396196356843593094e+03	1.254531449845005227e+03	2.306211725537220900e+03	7.920476383604007424e+03
3.374684301123556836e-03	2.377863129906195354e+03	1.251245770006371458e+03	2.302808161312449556e+03	7.804859287666688033e+03
3.446201120537424525e-03	2.359474959245907030e+03	1.247913412117433836e+03	2.299350266351917071e+03	7.690244547439094276e+03
3.519233535190044709e-03	2.341035097904913073e+03	1.244534085694949908e+03	2.295837416701609982e+03	7.576644850400597534e+03
3.593813663804625805e-03	2.322549102014929758e+03	1.241107766036142266e+03	2.292269222814999011e+03	7.464105906554934336e+03
3.669974305769219299e-03	2.304017002633111588e+03	1.237633866979328786e+03	2.288644743258446397e+03	7.352591956049735927e+03
3.747748955561452412e-03	2.285437623525765503e+03	1.234111646738473382e+03	2.284962883472823250e+03	7.242093913861102010e+03
3.827171817478984984e-03	2.266814376917993286e+03	1.230540843172648692e+03	2.281223001546705746e+03	7.132610130321537326e+03
3.908277820682117681e-03	2.248153075026856641e+03	1.226921512981349906e+03	2.277424726217650459e+03	7.024185919435500182e+03
3.991102634555192957e-03	2.229453566307762230e+03	1.223253020801976163e+03	2.273567032127429229e+03	6.916797868788299638e+03
4.075682684393532908e-03	2.210714845880029316e+03	1.219534633043964732e+03	2.269648785938958554e+03	6.810414880612741399e+03
4.162055167422817371e-03	2.191940477266127800e+03	1.215766149455315372e+03	2.265669343551046040e+03	6.705060041684705539e+03
4.250258069157961290e-03	2.173136516538886099e+03	1.211947675907521671e+03	2.261628336183235660e+03	6.600757479335621611e+03
4.340330180108637088e-03	2.154302615642465753e+03	1.208078534851082168e+03	2.257524658461892159e+03	6.497492461226693194e+03
4.432311112838861061e-03	2.135437942180971277e+03	1.204158060614990973e+03	2.253357176224960767e+03	6.395233043589277258e+03
4.526241319388085715e-03	2.116546201752320030e+03	1.200186073162193225e+03	2.249125213670216453e+03	6.293997536099665012e+03
4.622162109061505458e-03	2.097633679808228862e+03	1.196162707507388859e+03	2.244828382669286839e+03	6.193813734074036802e+03
4.720115666597336779e-03	2.078699818211755428e+03	1.192087347544496197e+03	2.240465551806529675e+03	6.094664016630958940e+03
4.820145070719144588e-03	2.059743956901317688e+03	1.187959275710145675e+03	2.236035507952844455e+03	5.996518888441255513e+03
4.922294313081310678e-03	2.040769932861457619e+03	1.183778404558759576e+03	2.231537590488748265e+03	5.899389535195894496e+03
5.026608317615998724e-03	2.021784244335408630e+03	1.179544942185937771e+03	2.226971424211568319e+03	5.803316136848348833e+03
5.133132960290130720e-03	2.002786110025685730e+03	1.175258214092737489e+03	2.222335778556087462e+03	5.708259589685302672e+03
5.241915089281041530e-03	1.983775040559894251e+03	1.170917605497735622e+03	2.217629456866352029e+03	5.614213334255225163e+03
5.353002545579732367e-03	1.964754992433862071e+03	1.166523028213007137e+03	2.212851758915446226e+03	5.521173727460531154e+03
5.466444184030696055e-03	1.945732657814558706e+03	1.162074802285480928e+03	2.208002350184905481e+03	5.429177995799595010e+03
5.582289894817666839e-03	1.926707019844679508e+03	1.157572252030272693e+03	2.203079929246176107e+03	5.338202499134380560e+03
5.700590625404708227e-03	1.907677756915333930e+03	1.153014768394720249e+03	2.198083259080040534e+03	5.248218510832758511e+03
5.821398402942216249e-03	1.888648931711786872e+03	1.148402363677596668e+03	2.193011666097270790e+03	5.159240501156973551e+03
5.944766357147824969e-03	1.869627409368925782e+03	1.143735441924521183e+03	2.187864831623196551e+03	5.071295229468863909e+03
6.070748743672167193e-03	1.850611925981861077e+03	1.139013300006722375e+03	2.182641366409803140e+03	4.984358581835529549e+03
6.199400967959818945e-03	1.831602323244915624e+03	1.134235393773451506e+03	2.177340019873828624e+03	4.898402139349625031e+03
6.330779609615908021e-03	1.812602755568155317e+03	1.129401791436179110e+03	2.171960107031659390e+03	4.813450695876730606e+03
6.464942447289089879e-03	1.793620238116533528e+03	1.124513013596056680e+03	2.166501364021876270e+03	4.729513198591705986e+03
6.601948484081890736e-03	1.774653249386442212e+03	1.119568350575745171e+03	2.160962339453899858e+03	4.646573238466527073e+03
6.741857973499477616e-03	1.755701788509722974e+03	1.114567261015050235e+03	2.155341705314849605e+03	4.564607396972907736e+03
6.884732445948405985e-03	1.736770086007457394e+03	1.109509800007431068e+03	2.149638699353191441e+03	4.483625527990720002e+03
7.030634735796891313e-03	1.717865282240271426e+03	1.104396592209051960e+03	2.143853081524853678e+03	4.403649365843131818e+03
7.179629009008595825e-03	1.698985588741421452e+03	1.099226940768641043e+03	2.137983343834177049e+03	4.324654674893018637e+03
7.331780791361950343e-03	1.680131154849745599e+03	1.094000402785665528e+03	2.132028207333554747e+03	4.246619861404631592e+03
7.487156997267587974e-03	1.661306270524769616e+03	1.088717195648364395e+03	2.125986986229829199e+03	4.169551153743519535e+03
7.645825959196438613e-03	1.642518174720636580e+03	1.083378103220696630e+03	2.119859518284574278e+03	4.093482714492243758e+03
7.807857457731475631e-03	1.623764804030313144e+03	1.077982336355785719e+03	2.113644141739692259e+03	4.018371185616397725e+03
7.973322752256328111e-03	1.605046449362309659e+03	1.072529563466212267e+03	2.107339607653525036e+03	3.944207284189251368e+03
8.142294612294233985e-03	1.586367442617334973e+03	1.067020135769740364e+03	2.100945300484012932e+03	3.870993685619156622e+03
8.314847349511189298e-03	1.567735093068981996e+03	1.061454933757897379e+03	2.094461109008304447e+03	3.798761729528804608e+03
8.491056850397209546e-03	1.549147055982387883e+03	1.055833215540476431e+03	2.087885353424107961e+03	3.727467526276449007e+03
8.671000609640279119e-03	1.530603753949023712e+03	1.050154763495964744e+03	2.081216851938447689e+03	3.657107323163345427e+03
8.854757764207504128e-03	1.512109542372987335e+03	1.044420016401541488e+03	2.074455014518800454e+03	3.587679795692335119e+03
9.042409128148579806e-03	1.493671771421894846e+03	1.038629948963858169e+03	2.067599751710512010e+03	3.519210621747224195e+03
9.234037228136720080e-03	1.475287810241080251e+03	1.032783868403687848e+03	2.060649368538373892e+03	3.451662373436172857e+03
9.429726339762870002e-03	1.456958201875859231e+03	1.026881609444896640e+03	2.053602662683246308e+03	3.385029832435477147e+03
9.629562524599030379e-03	1.438687306470306794e+03	1.020923770642253658e+03	2.046459130764468682e+03	3.319309088683527534e+03
9.833633668047030499e-03	1.420482484296038137e+03	1.014911448774339760e+03	2.039218738379829347e+03	3.254526076371346790e+03
1.004202951798940403e-02	1.402340815441249788e+03	1.008843953521603225e+03	2.031879726844857032e+03	3.190643890777039360e+03
1.025484172425938229e-02	1.384262951278918081e+03	1.002721230818876734e+03	2.024440956955754473e+03	3.127655610336951213e+03
1.047216387894729824e-02	1.366253237193007180e+03	9.965439388478976070e+02	2.016901949633131153e+03	3.065559402334145489e+03
1.069409155756119272e-02	1.348319012117243346e+03	9.903131564703170397e+02	2.009262566150304792e+03	3.004377119531241988e+03
1.092072236105970547e-02	1.330457066151860545e+03	9.840280845965975232e+02	2.001520904761876636e+03	2.944071110122712525e+03
1.115215595877575537e-02	1.312668145654986802e+03	9.776888356515030409e+02	1.993675929402123529e+03	2.884636879311338816e+03
1.138849413224978825e-02	1.294956561724351786e+03	9.712961942897970857e+02	1.985727226258952896e+03	2.826071468991164693e+03
1.162984081999205582e-02	1.277329599751704563e+03	9.648516303356517483e+02	1.977675093543280354e+03	2.768395060387499143e+03
1.187630216319339981e-02	1.259783761065451245e+03	9.583544489976399063e+02	1.969517675630174153e+03	2.711571020380220489e+03
1.212798655240480798e-02	1.242319872928468158e+03	9.518048364659571234e+02	1.961253945222227003e+03	2.655595828362979773e+03
1.238500467520621366e-02	1.224942192501364616e+03	9.452037165109273928e+02	1.952883636519575930e+03	2.600465176680130753e+03
1.264746956488544717e-02	1.207657919226937793e+03	9.385528298788580059e+02	1.944407270996765874e+03	2.546199460507110416e+03
1.291549665014883955e-02	1.190463268992746407e+03	9.318514260794325992e+02	1.935822902125264136e+03	2.492761521235876899e+03
1.318920380588532899e-02	1.173359135181177862e+03	9.250997660065438595e+02	1.927129550421795329e+03	2.440144836091123580e+03
1.346871140500627631e-02	1.156349701534823680e+03	9.182990457134761755e+02	1.918327180437700008e+03	2.388351336556831029e+03
1.375414237138396570e-02	1.139442049116856651e+03	9.114511336099767504e+02	1.909416478521738327e+03	2.337395843542763487e+03
1.404562223391196511e-02	1.122632114123714018e+03	9.045551178922066811e+02	1.900395305060458213e+03	2.287241329640698950e+03
1.434327918171109106e-02	1.105920840705923410e+03	8.976111775167672704e+02	1.891262514136398295e+03	2.237879940520054788e+03
1.464724412050539583e-02	1.089312319997657369e+03	8.906205123982254008e+02	1.882018070262026868e+03	2.189314806843357474e+03
1.495765073019278586e-02	1.072813482817628483e+03	8.835851427566474285e+02	1.872662799286469863e+03	2.141558791365693196e+03
1.527463552363575450e-02	1.056419993536381071e+03	8.765042584888136616e+02	1.863194604217949291e+03	2.094577022264982588e+03
1.559833790669801906e-02	1.040132831470751626e+03	8.693785351741508975e+02	1.853612994322873647e+03	2.048360969546416982e+03
1.592890023955338338e-02	1.023955976613662756e+03	8.622094377716699682e+02	1.843918298333279381e+03	2.002913840808540272e+03
1.626646789929399317e-02	1.007896178174486977e+03	8.549992282632572369e+02	1.834111673331699421e+03	1.958245486195594140e+03
1.661118934386526108e-02	9.919488391690146045e+02	8.477471904514134167e+02	1.824191190203934866e+03	1.914327067406187098e+03
1.696321617735579643e-02	9.761149581907709489e+02	8.404541160193427913e+02	1.814156482238250874e+03	1.871146833961699031e+03
1.732270321667098503e-02	9.603983864266614319e+02	8.331215856516647591e+02	1.804008038296494760e+03	1.828709179459398001e+03
1.768980855961942850e-02	9.448056610809298945e+02	8.257516355877437491e+02	1.793746612081913099e+03	1.787018924704419533e+03
1.806469365444235767e-02	9.293319366837913549e+02	8.183430954947002647e+02	1.783369627231890718e+03	1.746047700791782063e+03
1.844752337081655841e-02	9.139782152952014940e+02	8.108969034993156129e+02	1.772876912599742582e+03	1.705784246127506776e+03
1.883846607236187159e-02	8.987482024473908950e+02	8.034148865074371315e+02	1.762269276556678960e+03	1.666234203974197953e+03
1.923769369068539445e-02	8.836481948582608084e+02	7.958996873115814878e+02	1.751548483515821317e+03	1.627402299329608695e+03
1.964538180099485026e-02	8.686731132889543687e+02	7.883506187633225863e+02	1.740712802088500894e+03	1.589261072388349476e+03
2.006170969931423895e-02	8.538239477936177764e+02	7.807687291475369875e+02	1.729762219519440578e+03	1.551801308126726099e+03
2.048686048133601528e-02	8.391042428246475993e+02	7.731559513070402545e+02	1.718697718470908967e+03	1.515021679587690642e+03
2.092102112294418406e-02	8.245200273430465359e+02	7.655150607141008550e+02	1.707521312110338613e+03	1.478932354389861075e+03
2.136438256244391209e-02	8.100660057933603184e+02	7.578446781763631179e+02	1.696230170222023162e+03	1.443501662221479592e+03
2.181713978453380873e-02	7.957431411318359551e+02	7.501457813352936910e+02	1.684824164967074921e+03	1.408723606276046212e+03
2.227949190605761978e-02	7.815548025631651399e+02	7.424204945517427632e+02	1.673304670892888907e+03	1.374594951188513278e+03
2.275164226357336353e-02	7.675067262486747950e+02	7.346717585507725516e+02	1.661673899229322387e+03	1.341126113528386895e+03
2.323379850277806913e-02	7.535934197629695745e+02	7.268988498187126197e+02	1.649930203857446941e+03	1.308286116342251717e+03
2.372617266982774559e-02	7.398158045044802975e+02	7.191032972357696735e+02	1.638074603197142096e+03	1.276067744727509989e+03
2.422898130459259780e-02	7.261770619311307655e+02	7.112873917811773481e+02	1.626108868614853009e+03	1.244472273831153871e+03
2.474244553588843265e-02	7.126826126681856977e+02	7.034536619268106961e+02	1.614034659738595110e+03	1.213502264667811687e+03
2.526679117872631872e-02	6.993267888890626409e+02	6.956007827334025251e+02	1.601849431000498953e+03	1.183130915247980738e+03
2.580224883362318075e-02	6.861104568446199892e+02	6.877303806288294936e+02	1.589554302186194036e+03	1.153350818393355667e+03
2.634905398801689475e-02	6.730365993769693205e+02	6.798448793150378151e+02	1.577151309362175880e+03	1.124161945308894019e+03
2.690744711983068457e-02	6.601103015174726352e+02	6.719476675463934043e+02	1.564643805151906008e+03	1.095569088889237037e+03
2.747767380323228384e-02	6.473257433347484948e+02	6.640379920405401890e+02	1.552030388032189876e+03	1.067546270663942323e+03
2.805998481663422514e-02	6.346837233393127917e+02	6.561173338259147840e+02	1.539312169777310373e+03	1.040086921177629392e+03
2.865463625298309350e-02	6.221870168284964393e+02	6.481874614808925799e+02	1.526490283858291150e+03	1.013186044783679108e+03
2.926188963238583740e-02	6.098403559421111595e+02	6.402516089113416911e+02	1.513567880711454109e+03	9.868498730689676677e+02
2.988201201712300387e-02	5.976377935939902954e+02	6.323089803204846930e+02	1.500543577211097727e+03	9.610521849577527291e+02
3.051527612909937445e-02	5.855800491813469080e+02	6.243615482747874239e+02	1.487419499072215331e+03	9.357867488743602280e+02
3.116196046978347151e-02	5.736696834348922494e+02	6.164120727069085888e+02	1.474198739564744983e+03	9.110533762311280270e+02
3.182234944268905880e-02	5.619110614168286020e+02	6.084636341407344844e+02	1.460884361972257238e+03	8.868529978865352632e+02
3.249673347845206950e-02	5.502981352466988483e+02	6.005143981299818279e+02	1.447473246899469814e+03	8.631609302143455125e+02
3.318540916255835471e-02	5.388315351019135733e+02	5.925665530220925348e+02	1.433968261959364781e+03	8.399715718111926890e+02
3.388867936577820428e-02	5.275136022117031871e+02	5.846228474990091399e+02	1.420372547756668382e+03	8.172823714650101010e+02
3.460685337736497946e-02	5.163483235801292039e+02	5.766871424652837277e+02	1.406691026617486841e+03	7.950977573526819242e+02
3.534024704107661952e-02	5.053295779997118302e+02	5.687581464305370673e+02	1.392921928064672557e+03	7.733930786513138855e+02
3.608918289407971741e-02	4.944578978464098782e+02	5.608370154501039906e+02	1.379066094929770770e+03	7.521609057781099636e+02
3.685399030879719234e-02	4.837354019663388272e+02	5.529265839427026776e+02	1.365127309519497885e+03	7.313999274023869930e+02
3.763500563776207147e-02	4.731656915998566433e+02	5.450307180556000048e+02	1.351110935701374729e+03	7.111116011941423949e+02
3.843257236154112161e-02	4.627426006593764782e+02	5.371485127323546749e+02	1.337016192605709648e+03	6.912748157888834157e+02
3.924704123979310538e-02	4.524665565808879819e+02	5.292817201270410123e+02	1.322845454754096636e+03	6.718835448964824764e+02
4.007877046552850431e-02	4.423394551401019612e+02	5.214323917825752233e+02	1.308601051322517833e+03	6.529333166396622801e+02
4.092812582263813392e-02	4.323645074951957099e+02	5.136042485561190460e+02	1.294288248042762234e+03	6.344267148986257325e+02
4.179548084676026898e-02	4.225355315905870839e+02	5.057963968128941588e+02	1.279906647507925982e+03	6.163427701169154034e+02
4.268121698955689575e-02	4.128528445432711464e+02	4.980111490332197945e+02	1.265459995670978969e+03	5.986763469179953745e+02
4.358572378647117967e-02	4.033181203467159435e+02	4.902504356955712979e+02	1.250950586127260976e+03	5.814241637659280286e+02
4.450939902804028347e-02	3.939341791866729068e+02	4.825176976755431042e+02	1.236383743389861820e+03	5.645855263301423292e+02
4.545264893483848267e-02	3.846948522948655977e+02	4.748119375612213275e+02	1.221759089640104094e+03	5.481416165954657345e+02
4.641588833612779463e-02	3.756003426686208968e+02	4.671357911863868253e+02	1.207081689929364302e+03	5.320885848145666159e+02
4.739954085229469011e-02	3.666521059312173065e+02	4.594913458065796590e+02	1.192354680153385743e+03	5.164215599533780505e+02
4.840403908115278181e-02	3.578525737099383832e+02	4.518818089889717839e+02	1.177583174674326074e+03	5.011410808938603623e+02
4.942982478819387543e-02	3.491956197246806823e+02	4.443059579287453289e+02	1.162766323634286891e+03	4.862285114718123964e+02
5.047734910087089966e-02	3.406813307315119346e+02	4.367664461268070113e+02	1.147909634857077208e+03	4.716789903274960807e+02
5.154707270699779992e-02	3.323109494129128052e+02	4.292652128825677096e+02	1.133015902526286482e+03	4.574902292446077468e+02
5.263946605735428386e-02	3.240865244536301475e+02	4.218054892878065516e+02	1.118090878835479543e+03	4.436596673452979189e+02
5.375500957258409762e-02	3.160020009261168070e+02	4.143862630478438973e+02	1.103135013979444466e+03	4.301715107302068191e+02
5.489419385447772554e-02	3.080573489039754236e+02	4.070099738737989128e+02	1.088153761608958121e+03	4.170210747562463780e+02
5.605751990173300781e-02	3.002536053729888863e+02	3.996784103191151303e+02	1.073150082376376758e+03	4.042041656261541789e+02
5.724549933028778848e-02	2.925924448578801957e+02	3.923950475037775050e+02	1.058130763709003986e+03	3.917202894936230564e+02
5.845865459832211286e-02	2.850679119176313634e+02	3.851588214760425899e+02	1.043096369171646074e+03	3.795535631227608633e+02
5.969751923602879817e-02	2.776798611331201982e+02	3.779711345504542237e+02	1.028049659461728197e+03	3.676991509284697486e+02
6.096263808025296355e-02	2.704291328358357305e+02	3.708343593336119284e+02	1.012995464467401234e+03	3.561535244822783852e+02
6.225456751410456124e-02	2.633170389422250537e+02	3.637523519433201500e+02	9.979426323291449989e+02	3.449163907361903512e+02
6.357387571164835327e-02	2.563377507748708695e+02	3.567233452651248626e+02	9.828903277214783429e+02	3.339722272145676243e+02
6.492114288777969811e-02	2.494910101021068840e+02	3.497486124778459953e+02	9.678415093903431625e+02	3.233158806539088346e+02
6.629696155339574737e-02	2.427774712452061010e+02	3.428311797396915495e+02	9.528033127778354583e+02	3.129453625110832604e+02
6.770193677597398374e-02	2.361980976476602905e+02	3.359742461565615486e+02	9.377828931350466064e+02	3.028586918383657576e+02
6.913668644567325106e-02	2.297472134810327589e+02	3.291751455575556520e+02	9.227771082472738726e+02	2.930413810356320141e+02
7.060184154707406512e-02	2.234244518018190035e+02	3.224360109979023719e+02	9.077919116533907982e+02	2.834890857199191601e+02
7.209804643667737378e-02	2.172302930193617669e+02	3.157601062953427800e+02	8.928358710208598268e+02	2.742005849803397268e+02
7.362595912628441819e-02	2.111653684401412363e+02	3.091493639174565828e+02	8.779135799003360034e+02	2.651722487517691889e+02
7.518625157238204015e-02	2.052241797997684500e+02	3.026017670085823852e+02	8.630235511279274760e+02	2.563915501830928179e+02
7.677960997166025092e-02	1.994062567858959767e+02	2.961197217011560383e+02	8.481729280685379990e+02	2.478550321945546102e+02
7.840673506279315086e-02	1.937119193276848250e+02	2.897047050968139388e+02	8.333653791841472867e+02	2.395589391720622814e+02
8.006834243461452560e-02	1.881414846230431976e+02	2.833597877334690338e+02	8.186097046228834415e+02	2.315015217071970426e+02
8.176516284082480102e-02	1.826896552543470875e+02	2.770831174783735946e+02	8.039056299456630086e+02	2.236711242565119164e+02
8.349794252136732986e-02	1.773558639279575573e+02	2.708755570478317054e+02	7.892558049508041904e+02	2.160636341049832083e+02
8.526744353061486981e-02	1.721402847492422836e+02	2.647399187022118667e+02	7.746683196052313178e+02	2.086766906130222026e+02
8.707444407251174745e-02	1.670429398186769561e+02	2.586784329166663383e+02	7.601499401081683800e+02	2.015078666546668842e+02
8.891973884281766105e-02	1.620587545760207888e+02	2.526883926790700343e+02	7.456981504156790379e+02	1.945453401158101485e+02
9.080413937860487561e-02	1.571870718977303625e+02	2.467720659189884032e+02	7.313207303735042615e+02	1.877867914544909240e+02
9.272847441516200717e-02	1.524279359865064976e+02	2.409309121163070415e+02	7.170217409385988958e+02	1.812289030884692522e+02
9.469359025046093781e-02	1.477810926406984038e+02	2.351669542522396057e+02	7.028079545781364459e+02	1.748694607209926346e+02
9.670035111734798239e-02	1.432417115460225148e+02	2.294782352213756553e+02	6.886793403336405390e+02	1.686981670429538269e+02
9.874963956362264872e-02	1.388090531917177941e+02	2.238657429860205923e+02	6.746401373766514098e+02	1.627118348782021542e+02
1.008423568401705106e-01	1.344830508021703395e+02	2.183317371565017027e+02	6.606974516991937207e+02	1.569081849867692995e+02
1.029794232973221257e-01	1.302631862209012183e+02	2.128774959856860676e+02	6.468563315774439388e+02	1.512844675757361870e+02
1.051617787896111378e-01	1.261448998618063229e+02	2.075008155840967277e+02	6.331159493421547495e+02	1.458311992363388470e+02
1.073903830891107247e-01	1.221273754037229367e+02	2.022030892478725832e+02	6.194822315657282843e+02	1.405458600759812953e+02
1.096662163075285135e-01	1.182104525564732995e+02	1.969855360594389708e+02	6.059593090636578836e+02	1.354255398984374494e+02
1.119902793272475605e-01	1.143933674286687818e+02	1.918500195313449694e+02	5.925551595926466462e+02	1.304681840059109845e+02
1.143635942415015677e-01	1.106718499191595271e+02	1.867937194764549531e+02	5.792665457139884211e+02	1.256647503979772722e+02
1.167872048038782751e-01	1.070450146663293367e+02	1.818179346139879442e+02	5.660993079099055194e+02	1.210131071331012294e+02
1.192621768873494831e-01	1.035126179299377611e+02	1.769239600198205551e+02	5.530586023379867129e+02	1.165105359963693985e+02
1.217895989530276418e-01	1.000736908967800787e+02	1.721128844495830208e+02	5.401503303622617977e+02	1.121544996596881276e+02
1.243705825288575900e-01	9.672424682294582965e+01	1.673823334229009561e+02	5.273725298071542511e+02	1.079373475351539184e+02
1.270062626984522769e-01	9.346334676460654123e+01	1.627328205083542514e+02	5.147285684387846914e+02	1.038565880751673802e+02
1.296977986002878502e-01	9.029067401063019815e+01	1.581662423820262120e+02	5.022265165842851502e+02	9.991029861108506793e+01
1.324463739374786009e-01	8.720509378020827285e+01	1.536826650437854767e+02	4.898689818940146097e+02	9.609518421676291666e+01
1.352531974983535168e-01	8.420289572984565041e+01	1.492799368300662763e+02	4.776542731273004847e+02	9.240501583495810678e+01
1.381195036880665805e-01	8.128310226656633120e+01	1.449584321892332355e+02	4.655861830927265714e+02	8.883704660077020776e+01
1.410465530714722360e-01	7.844533438120527080e+01	1.407197981083861862e+02	4.536720086538524583e+02	8.538968160713066879e+01
1.440356329275057634e-01	7.568832807876347601e+01	1.365637582060835769e+02	4.419133116081922026e+02	8.205967966130711488e+01
1.470880578153118678e-01	7.300864165603817924e+01	1.324882029894817776e+02	4.303086776044077624e+02	7.884156971082909138e+01
1.502051701523716420e-01	7.040527307580890692e+01	1.284933327989351710e+02	4.188614306199493740e+02	7.573247150340586131e+01
1.533883408048797858e-01	6.787779173750345763e+01	1.245804337550821543e+02	4.075776337251507471e+02	7.273129905383507321e+01
1.566389696906345663e-01	6.542483863998855043e+01	1.207491499150283403e+02	3.964591758993868780e+02	6.983471491668073838e+01
1.599584863947036695e-01	6.304323221118421827e+01	1.169972354164438570e+02	3.855038724625413806e+02	6.703778930516108403e+01
1.633483507981373095e-01	6.073195929133360949e+01	1.133246877295816120e+02	3.747140772625891714e+02	6.433812785399678091e+01
1.668100537200059019e-01	5.849054821222981815e+01	1.097327351390852641e+02	3.640965080954684936e+02	6.173438740165558869e+01
1.703451175730422984e-01	5.631757641087190080e+01	1.062205980726776176e+02	3.536512608929837711e+02	5.922363668014413918e+01
1.739550970331800450e-01	5.421011323302612794e+01	1.027860645501181693e+02	3.433760093059158294e+02	5.680135755273087028e+01
1.776415797232799298e-01	5.216714668554067913e+01	9.942913477612785300e+01	3.332735606211028880e+02	5.446547975335849401e+01
1.814061869113461622e-01	5.018817421164620640e+01	9.615041393401902781e+01	3.233478716482500204e+02	5.221451209502045288e+01
1.852505742235391883e-01	4.827173817755821972e+01	9.294942275849545865e+01	3.136009845312723314e+02	5.004599700262114226e+01
1.891764323722997243e-01	4.641514898711844950e+01	8.982354784188666486e+01	3.040281886670516656e+02	4.795568797710349429e+01
1.931854878999012814e-01	4.461740695438528093e+01	8.677294428795876513e+01	2.946332126287140341e+02	4.594184316057904738e+01
1.972795039377621684e-01	4.287798832659051840e+01	8.379775870251904735e+01	2.854182689281136049e+02	4.400300965423775068e+01
2.014602809818480389e-01	4.119542580214381644e+01	8.089740990210485450e+01	2.763850020750354020e+02	4.213680869875951629e+01
2.057296576845067948e-01	3.956726040987673088e+01	7.806941151879776442e+01	2.675289948227062382e+02	4.033967563348374341e+01
2.100895116630852322e-01	3.799251468608954241e+01	7.531344622834699010e+01	2.588518041485142476e+02	3.860974991527971412e+01
2.145417603256798700e-01	3.647065273877571201e+01	7.262997470580189940e+01	2.503573501078365666e+02	3.694595397212876264e+01
2.190883617143895290e-01	3.500021986257062423e+01	7.001779945199017163e+01	2.420445038197328813e+02	3.534595669168939480e+01
2.237313153664367560e-01	3.357897678519422158e+01	6.747464580233572917e+01	2.339093367496970188e+02	3.380649778282050733e+01
2.284726631935388719e-01	3.220597688184591334e+01	6.500019084663101410e+01	2.259533856149570568e+02	3.232618223150404901e+01
2.333144903799153069e-01	3.088068045567361963e+01	6.259448968706874439e+01	2.181788867043862297e+02	3.090373349357428623e+01
2.382589262993237145e-01	2.960166450558064000e+01	6.025639752706782559e+01	2.105849036106691301e+02	2.953713015683736387e+01
2.433081454515323150e-01	2.836689812266500610e+01	5.798365124894610290e+01	2.031670702680871727e+02	2.822359529665928690e+01
2.484643684186368384e-01	2.717547282267002373e+01	5.577566371642446086e+01	1.959256555564202813e+02	2.696157915286628892e+01
2.537298628416438939e-01	2.602685261409468609e+01	5.363256594896773066e+01	1.888632929807544087e+02	2.575019407241791569e+01
2.591069444177515613e-01	2.491966221476399923e+01	5.155292911100533360e+01	1.819776430456088860e+02	2.458748193136974436e+01
2.645979779187619951e-01	2.385206742557633675e+01	4.953461175391203142e+01	1.752643452825104475e+02	2.347092495028572756e+01
2.702053782310787078e-01	2.282320388372278330e+01	4.757710370514161013e+01	1.687240173144084565e+02	2.239938807806542798e+01
2.759316114177428059e-01	2.183254593493972351e+01	4.568009459805951167e+01	1.623571112806656629e+02	2.137177468629705146e+01
2.817791958029755572e-01	2.087877903554056758e+01	4.384233126363573518e+01	1.561620418125467040e+02	2.038642958632144797e+01
2.877507030797054055e-01	1.996025381968377488e+01	4.206164060569569330e+01	1.501337322013872893e+02	1.944119581458718926e+01
2.938487594405665426e-01	1.907615473238079318e+01	4.033733839846802738e+01	1.442717284113203107e+02	1.853488866422061321e+01
3.000760467328633108e-01	1.822597217055700369e+01	3.866921859541895401e+01	1.385770893371328327e+02	1.766668030469378081e+01
3.064353036380134121e-01	1.740846250442651311e+01	3.705579533660831260e+01	1.330467958038895233e+02	1.683501282240113994e+01
3.129293268759847368e-01	1.662214919929709467e+01	3.549512625611473027e+01	1.276763354016023726e+02	1.603800376228894109e+01
3.195609724352570513e-01	1.586626894651888087e+01	3.398640820634629023e+01	1.224645774064941008e+02	1.527459577509031163e+01
3.263331568288500573e-01	1.514033298246769377e+01	3.252937108347634165e+01	1.174120700246871820e+02	1.454410401648911311e+01
3.332488583769670498e-01	1.444317610200319457e+01	3.112246929054174061e+01	1.125153123051544100e+02	1.384502279881771436e+01
3.403111185168231634e-01	1.377348257310402424e+01	2.976388367237973398e+01	1.077698293746985598e+02	1.317577634826628952e+01
3.475230431402304698e-01	1.313054359946179162e+01	2.845276670101877414e+01	1.031740308950512315e+02	1.253544019120933406e+01
3.548878039595292910e-01	1.251389511759619921e+01	2.718879763133794825e+01	9.872815305478498260e+01	1.192335865002881867e+01
3.624086399024666338e-01	1.192245541756667571e+01	2.597040062483344514e+01	9.442819615519394461e+01	1.133818936611603512e+01
3.700888585366366446e-01	1.135505761098018418e+01	2.479590464436984831e+01	9.026989208933908060e+01	1.077862041233226087e+01
3.779318375241043637e-01	1.081104858905996302e+01	2.366443404371453951e+01	8.625130304582754093e+01	1.024377873100481828e+01
3.859410261068597081e-01	1.028999195929588062e+01	2.257560426508903006e+01	8.237221991814341493e+01	9.733091074858165825e+00
3.941199466237500504e-01	9.790892370745304163e+00	2.152788586086813538e+01	7.862850109663266096e+01	9.245392640356531189e+00
4.024721960595590287e-01	9.312719982829110066e+00	2.051969584826402127e+01	7.501584160244983934e+01	8.779523875265789812e+00
4.110014476269163164e-01	8.854877564348969443e+00	1.955019494943341485e+01	7.153218532590564394e+01	8.334738217276768779e+00
4.197114523817274123e-01	8.416958515873263380e+00	1.861891815648716886e+01	6.817683185277871871e+01	7.910502941013145772e+00
4.286060408728412652e-01	7.998054759058833341e+00	1.772444927361758715e+01	6.494583869894941586e+01	7.505828478792105685e+00
4.376891248266767120e-01	7.597261959296816691e+00	1.686523089485391225e+01	6.183450500929619409e+01	7.119666735487939491e+00
4.469646988675492483e-01	7.214038077356970113e+00	1.604055479163243803e+01	5.884127586463473847e+01	6.751412453289165505e+00
4.564368422744575216e-01	6.848007641193274431e+00	1.524985338831879922e+01	5.596470549516161697e+01	6.400570758872410337e+00
4.661097207750954374e-01	6.498349073431554324e+00	1.449178232815091860e+01	5.320088915105918659e+01	6.066271755078876282e+00
4.759875883778879602e-01	6.164272338082557923e+00	1.376496900408677959e+01	5.054559696235610033e+01	5.747641154722705537e+00
4.860747892428489703e-01	5.845289147425975607e+00	1.306862123247825203e+01	4.799660347070602739e+01	5.444107058045945635e+00
4.963757595920870180e-01	5.541055774198861528e+00	1.240229775429878956e+01	4.555299259055343697e+01	5.155286953992163745e+00
5.068950296608012440e-01	5.250834949376638860e+00	1.176462951413156333e+01	4.321030960921315511e+01	4.880386409246801449e+00
5.176372256896176749e-01	4.973940138475926531e+00	1.115440662716848053e+01	4.096481033912584735e+01	4.618664876805961050e+00
5.286070719591531297e-01	4.709934730210168397e+00	1.057091429956765971e+01	3.881440490884116201e+01	4.369654822669924776e+00
5.398093928676924724e-01	4.458506724011820133e+00	1.001362141717461363e+01	3.675753287472761599e+01	4.132979440582731812e+00
5.512491150528981976e-01	4.218999805419611171e+00	9.481343656678696163e+00	3.479042257845836872e+01	3.907975873131165123e+00
5.629312695584811621e-01	3.990820619219538568e+00	8.972969184906226303e+00	3.290941187532631318e+01	3.694023370484362356e+00
5.748609940467923618e-01	3.773581644591068596e+00	8.487775395164891989e+00	3.111215047913919918e+01	3.490687909330209227e+00
5.870435350582976497e-01	3.567002037184709096e+00	8.025314050313898662e+00	2.939738038357761951e+01	3.297667956081351992e+00
5.994842503189414806e-01	3.370502172923123485e+00	7.584477586230069512e+00	2.776138854074357454e+01	3.114387208343429858e+00
6.121886110964055439e-01	3.183572084122931134e+00	7.164239962480158042e+00	2.620062167847773438e+01	2.940307613827239486e+00
6.251622046063020077e-01	3.005870359692806026e+00	6.763971468757172367e+00	2.471303222380455367e+01	2.775071703611037943e+00
6.384107364693620834e-01	2.837146279070262178e+00	6.383248502864868890e+00	2.329733292357275332e+01	2.618424855462289980e+00
6.519400332206916060e-01	2.676891966983589999e+00	6.021031824648802377e+00	2.194988258574204920e+01	2.469847287625850818e+00
6.657560448722088520e-01	2.524671626182402928e+00	5.676436540097629546e+00	2.066757283913023358e+01	2.328900775726458150e+00
6.798648475293831428e-01	2.380186693573996148e+00	5.348894241240467196e+00	1.944848400827120827e+01	2.195291955712481702e+00
6.942726460634290886e-01	2.243215164587801791e+00	5.037981105258957371e+00	1.829119441480896313e+01	2.068785571858554828e+00
7.089857768401280902e-01	2.113315508722040104e+00	4.742776995538757312e+00	1.719242113467736743e+01	1.948941582229549718e+00
7.240107105064845783e-01	1.990117490960287228e+00	4.462515589260775961e+00	1.614942983577047286e+01	1.835396052994979987e+00
7.393540548364295750e-01	1.873361955782325561e+00	4.196675896268550865e+00	1.516038804197241774e+01	1.727894183675028783e+00
7.550225576368376768e-01	1.762853918068495451e+00	3.944869012738654757e+00	1.422392987384782259e+01	1.626244213660239080e+00
7.710231097151263313e-01	1.658212518135234070e+00	3.706275424183090639e+00	1.333706304109714758e+01	1.530069805204886002e+00
7.873627479097432547e-01	1.559125105519317822e+00	3.480226813681812637e+00	1.249734640053823753e+01	1.439064527667007765e+00
8.040486581848822478e-01	1.465368408894990537e+00	3.266262699824924454e+00	1.170312694187155067e+01	1.353014615264974685e+00
8.210881787907730045e-01	1.376772555857518787e+00	3.064035270257046584e+00	1.095315384375314238e+01	1.271755575806988281e+00
8.384888034909533383e-01	1.293011583360611727e+00	2.872824003315244124e+00	1.024474625052139487e+01	1.194971564230738581e+00
8.562581848579297050e-01	1.213823089958979473e+00	2.692056395222473864e+00	9.575779356202625436e+00	1.122413097791157943e+00
8.744041376386801900e-01	1.139016163881923394e+00	2.521318887634100392e+00	8.944718382185568473e+00	1.053897558808310819e+00
8.929346421914835519e-01	1.068444004289365479e+00	2.360294550583758699e+00	8.350384171206156836e+00	9.892807055766705826e-01
9.118578479955742333e-01	1.001829812920146834e+00	2.208372134947809151e+00	7.790494620864397035e+00	9.283038342851159808e-01
9.311820772351820930e-01	9.389547456743538856e-01	2.065063747496337143e+00	7.263210697984736619e+00	8.707614599392050625e-01
9.509158284595223831e-01	8.796567954440124293e-01	1.930005593909713157e+00	6.767153442142886277e+00	8.164979651109226522e-01
9.710677803203476843e-01	8.238101230749520498e-01	1.802917052148970134e+00	6.301256750690906294e+00	7.653929289680495573e-01
9.916467953887124764e-01	7.711815249539319961e-01	1.683270345734287909e+00	5.863522216460345327e+00	7.172296157022796104e-01
1.012661924052612461e+00	7.215896581173854019e-01	1.570654315289834013e+00	5.452384169176040629e+00	6.718403792192988444e-01
1.034122408497234025e+00	6.748980932440583613e-01	1.464759339255690795e+00	5.066659684437396116e+00	6.290975043543880485e-01
1.056037686769547568e+00	6.309998327296012510e-01	1.365342539054539728e+00	4.705413879920806508e+00	5.889006628231555629e-01
1.078417396929040706e+00	5.896999529237444415e-01	1.271956320494485926e+00	4.366937590135458791e+00	5.510703329495325598e-01
1.101271381286411888e+00	5.508491749732943310e-01	1.184257724429135683e+00	4.049920138291555283e+00	5.154685854360363528e-01
1.124609690732098155e+00	5.143334946097134486e-01	1.101981664344827694e+00	3.753333568945054655e+00	4.819899268730564734e-01
1.148442589156521310e+00	4.800626742378789058e-01	1.024919570480482323e+00	3.476368270242343073e+00	4.505510697321407632e-01
1.172780557964020254e+00	4.478750823250329804e-01	9.526956644681612296e-01	3.217584336288234148e+00	4.210037439383890190e-01
1.197634300682437924e+00	4.176486621380690045e-01	8.850261065843302299e-01	2.975890355324088965e+00	3.932365172535892683e-01
1.223014747670394531e+00	3.892888905696113566e-01	8.216881729051087602e-01	2.750418737407365199e+00	3.671626989755711890e-01
1.248933060924324545e+00	3.627202869792182094e-01	7.625040043135218326e-01	2.540472264538780500e+00	3.427135310304028626e-01
1.275400638987373769e+00	3.378099010347798692e-01	7.071635263745613686e-01	2.344865287490701000e+00	3.197683568270963672e-01
1.302429121962336289e+00	3.144586207982045245e-01	6.554343204237385034e-01	2.162702647578135462e+00	2.982372199166690163e-01
1.330030396630823342e+00	2.925886931296950988e-01	6.071323280114754306e-01	1.993267953312077845e+00	2.780496532083154282e-01
1.358216601680917401e+00	2.721375009733034700e-01	5.621072705285256044e-01	1.835969186310748791e+00	2.591487370997120898e-01
1.387000133045610317e+00	2.529965713884833600e-01	5.201049837344842164e-01	1.689836690900847982e+00	2.414361809729266561e-01
1.416393649354382722e+00	2.350859904537133116e-01	4.809374088566804595e-01	1.554147922840074081e+00	2.248399614864936003e-01
1.446410077500298819e+00	2.183423099684405899e-01	4.444532247813859915e-01	1.428314732673627185e+00	2.093028006650858308e-01
1.477062618325094778e+00	2.027140155007731703e-01	4.105278222479101791e-01	1.311846789282966164e+00	1.947781731594878385e-01
1.508364752424737887e+00	1.881133294166195125e-01	3.789562170655386142e-01	1.203968254790103165e+00	1.811870722887842788e-01
1.540330246078020826e+00	1.744762806873080552e-01	3.495867169068467839e-01	1.104097146679836383e+00	1.684719165080547643e-01
1.572973157300799230e+00	1.617515125815947030e-01	3.222963451591920880e-01	1.011757871207470849e+00	1.565864899721305381e-01
1.606307842028519950e+00	1.498969999104818873e-01	2.969844998670895797e-01	9.265592800968229792e-01	1.454934808267075996e-01
1.640348960429783842e+00	1.388423000398483487e-01	2.734859980448014483e-01	8.478792813296089914e-01	1.351292610890940660e-01
1.675111483353698638e+00	1.285365806396273347e-01	2.516803524448215090e-01	7.752591437628737481e-01	1.254480876599681494e-01
1.710610698913865635e+00	1.189386126513618802e-01	2.314699903475251619e-01	7.083265633876546508e-01	1.164132456067691751e-01
1.746862219211904321e+00	1.100144023664980375e-01	2.127723536814336014e-01	6.467613021041970223e-01	1.079942662334383852e-01
1.783881987203444153e+00	1.017078926018430696e-01	1.954570596954420814e-01	5.900787258036553906e-01	1.001405665474820461e-01
1.821686283709640364e+00	9.397899459090605645e-02	1.794295530432351848e-01	5.379230555435658978e-01	9.281605111544942444e-02
1.860291734577268707e+00	8.679488463009872590e-02	1.646121447976847951e-01	4.900004442362200785e-01	8.599145871461015556e-02
1.899715317990559260e+00	8.012830096418580017e-02	1.509395355837548358e-01	4.460618386996620388e-01	7.964253582986192959e-02
1.939974371937992492e+00	7.393501296966520364e-02	1.383098981273619965e-01	4.057342708001505094e-01	7.372941326519387439e-02
1.981086601837313665e+00	6.818364731472621731e-02	1.266497556381192824e-01	3.687449219780782883e-01	6.822386374775800399e-02
2.023070088322156401e+00	6.284829225522844953e-02	1.158981848228212708e-01	3.348667000171213215e-01	6.310273378641191588e-02
2.065943295193674256e+00	5.790727413809993590e-02	1.060035807089650395e-01	3.039057791963927224e-01	5.834659587167573269e-02
2.109725077540682392e+00	5.332599429483403375e-02	9.688695542501195301e-02	2.755775490705642539e-01	5.392400676514590846e-02
2.154434690031884259e+00	4.908009244406531801e-02	8.849203139081535108e-02	2.496768308730208386e-01	4.981309602288432753e-02
2.200091795383838367e+00	4.514928823433356914e-02	8.077171015735194748e-02	2.260312274398741383e-01	4.599566413048947894e-02
2.246716473008353532e+00	4.151650173281614536e-02	7.368597338438755140e-02	2.044933769753585484e-01	4.245646168229361139e-02
2.294329227843169949e+00	3.815490507728831054e-02	6.717448657990733596e-02	1.848502600245778282e-01	3.917103557318461771e-02
2.342950999369765697e+00	3.504573471028454845e-02	6.119432958188121552e-02	1.669483957756931480e-01	3.612226937241611729e-02
2.392603170822269476e+00	3.217325565576510671e-02	5.570948255855032866e-02	1.506586937712235397e-01	3.329603368034215333e-02
2.443307578591545681e+00	2.952412759196555367e-02	5.068925482027834828e-02	1.358706782744798225e-01	3.068039866674733551e-02
2.495086521828544068e+00	2.707773253850901535e-02	4.608816414843627807e-02	1.224274977213624105e-01	2.825649007517659975e-02
2.547962772251191943e+00	2.481973590710080668e-02	4.187397974455618621e-02	1.102165699679148875e-01	2.601114611064525226e-02
2.601959584159102334e+00	2.273803704144295237e-02	3.801939211306878952e-02	9.914223375005504213e-02	2.393337557600900417e-02
2.657100704660517732e+00	2.082231022832564324e-02	3.450119785536240324e-02	8.912318881683438387e-02	2.201392442665957294e-02
2.713410384115983121e+00	1.905685258914204330e-02	3.128536819757347931e-02	8.004495181010137794e-02	2.023824524380133869e-02
2.770913386803353973e+00	1.743080441218199800e-02	2.834802324619003014e-02	7.182631109186529694e-02	1.859633407463090471e-02
2.829635001808795014e+00	1.593494335662042072e-02	2.566885897465336769e-02	6.439812188253021819e-02	1.707976112565740348e-02
2.889601054148607684e+00	1.456135001490048257e-02	2.323042019785441156e-02	5.770088733263426667e-02	1.568131466909037514e-02
2.950837916126738403e+00	1.329817426049477100e-02	2.100761837274876462e-02	5.165263605468261437e-02	1.438988254395678554e-02
3.013372518932980082e+00	1.213725894833011729e-02	1.898298811652571888e-02	4.619571143064915564e-02	1.319790517498834609e-02
3.077232364486974792e+00	1.107163943849327585e-02	1.714163326377025551e-02	4.128094006019130541e-02	1.209902101994066517e-02
3.142445537533192557e+00	1.009529808389537237e-02	1.547048187855438496e-02	3.686502135403211394e-02	1.108760697834470198e-02
3.209040717992251324e+00	9.199375334043758887e-03	1.395135247866282832e-02	3.289049636209324945e-02	1.015530272432958736e-02
3.277047193573979555e+00	8.377797280188175807e-03	1.257161845967472331e-02	2.931699741044987637e-02	9.296455181308435622e-03
3.346494872657771680e+00	7.625353003097737857e-03	1.132035373937331085e-02	2.610959493382751864e-02	8.506156577297948121e-03
3.417414297445926952e+00	6.937512873880050633e-03	1.018809311894994414e-02	2.323807406979003926e-02	7.780180017135505076e-03
3.489836657395697816e+00	6.307715782926228386e-03	9.161755928126819049e-03	2.066246487878976509e-02	7.112245810150884424e-03
3.563793802936028321e+00	5.731479127129632603e-03	8.232251656116079327e-03	1.835469384160364967e-02	6.498082826344257421e-03
3.639318259474964901e+00	5.204940844417688464e-03	7.391798067265342373e-03	1.629080903983120068e-02	5.934065647698449214e-03
3.716443241703908829e+00	4.724723875100909389e-03	6.633524113382738979e-03	1.444964428423512956e-02	5.416978773769715212e-03
3.795202668205029717e+00	4.286015962427749265e-03	5.948151857090249947e-03	1.280391212933438064e-02	4.942145033512195841e-03
3.875631176368202979e+00	3.885538833957974739e-03	5.329273877809205355e-03	1.133457318491598240e-02	4.506405510421307437e-03
3.957764137624104617e+00	3.520457561042030815e-03	4.771338353545566922e-03	1.002517397557250306e-02	4.107024540285587021e-03
4.041637673000112230e+00	3.188278746750002664e-03	4.269487127311722557e-03	8.861370032421489462e-03	3.741622456399353643e-03
4.127288669005872102e+00	2.885507349901670834e-03	3.817205150777644874e-03	7.824747678501563913e-03	3.406732533914020190e-03
4.214754793855508552e+00	2.609767994552871298e-03	3.410022062825836080e-03	6.902557947873956545e-03	3.100040215369225145e-03
4.304074514033643162e+00	2.359000007309200973e-03	3.044045426691015851e-03	6.083735451626921462e-03	2.819517129399405804e-03
4.395287111212434539e+00	2.131380519329560685e-03	2.715856033078876009e-03	5.358610403187274128e-03	2.563384924494706198e-03
4.488432699527177050e+00	1.924396423414184449e-03	2.420964474018993604e-03	4.715044418053087640e-03	2.329114121295087873e-03
4.583552243217979161e+00	1.736342773546024638e-03	2.156277806838422309e-03	4.144589885051859664e-03	2.115007769323883156e-03
4.680687574645305382e+00	1.565736557668326962e-03	1.919115236276543136e-03	3.639964775930026267e-03	1.919589480049019607e-03
4.779881412687339015e+00	1.411258416389520173e-03	1.707095005989750416e-03	3.194732297330468013e-03	1.741536606492776048e-03
4.881177381527165515e+00	1.271119616823179798e-03	1.517158902895560622e-03	2.800999294180354753e-03	1.579016301771573151e-03
4.984620029838152888e+00	1.144108174175789477e-03	1.347201362009342335e-03	2.453279156133090881e-03	1.430798522614259429e-03
5.090254850375883322e+00	1.029167586981424073e-03	1.195390827108108733e-03	2.146825680171472305e-03	1.295806740377719243e-03
5.198128299985286915e+00	9.253526055640428662e-04	1.060102125969845282e-03	1.877461498028038054e-03	1.173079214710273481e-03
5.308287820031761584e+00	8.314032249262709494e-04	9.392733976567115050e-04	1.640116565621887491e-03	1.061292521620866647e-03
5.420781857265304815e+00	7.464663280335574486e-04	8.314917901096459613e-04	1.431289166543959698e-03	9.595644442134178840e-04
5.535659885126738011e+00	6.697970035476322106e-04	7.355243667875320827e-04	1.247941537923473367e-03	8.671195915974439557e-04
5.652972425505520704e+00	6.007250031056040772e-04	6.502735896656313590e-04	1.087395218498668709e-03	7.832596539432366009e-04
5.772771070958623518e+00	5.383721032669926826e-04	5.743708263088870281e-04	9.464550150730764852e-04	7.070410590970084780e-04
5.895108507400270703e+00	4.821437927813678240e-04	5.068767448823348126e-04	8.229109221394409176e-04	6.378332038272942119e-04
6.020038537272556667e+00	4.315203572488661389e-04	4.469763574899675036e-04	7.148604435998392580e-04	5.750856657160013409e-04
6.147616103207036886e+00	3.860315121401178078e-04	3.939351366428556016e-04	6.206054228085098679e-04	5.182917148987399667e-04
6.277897312187818990e+00	3.450717033616869443e-04	3.468582804160785056e-04	5.381682367181080074e-04	4.667878214687396854e-04
6.410939460226692255e+00	3.082308530475329428e-04	3.051313765779537597e-04	4.661812884541247635e-04	4.201286891095624629e-04
6.546801057561175696e+00	2.751502342596286697e-04	2.682192328865561646e-04	4.034628532124286539e-04	3.779213364084907205e-04
6.685541854386596761e+00	2.455033707439065464e-04	2.356414704755338866e-04	3.489654813614417720e-04	3.398084954124193499e-04
6.827222867133428963e+00	2.188772907324509432e-04	2.068192872565034280e-04	3.014806295248341375e-04	3.053246311674489731e-04
6.971906405301561804e+00	1.949920692508599624e-04	1.813555325003148261e-04	2.601739619447601118e-04	2.741570779531094328e-04
7.119656098863218929e+00	1.736027930412632151e-04	1.589050824828935188e-04	2.243269161013524717e-04	2.460306490969166250e-04
7.270536926246596643e+00	1.544852596155543646e-04	1.391557305303865006e-04	1.932983162788681720e-04	2.206925378136919444e-04
7.424615242912579127e+00	1.373609816839626077e-04	1.217396916236042207e-04	1.663652323728153227e-04	1.978209191897248504e-04
7.581958810536977289e+00	1.220408989196806933e-04	1.064037032885093429e-04	1.430268747084406981e-04	1.771976702467791703e-04
7.742636826811277295e+00	1.083596569650341422e-04	9.292810929241218567e-05	1.228532312663548325e-04	1.586323580388795723e-04
7.906719955874896399e+00	9.616496874750885698e-05	8.111352463742858734e-05	1.054599112720207819e-04	1.419485206490393205e-04
8.074280359392364659e+00	8.527118320061370020e-05	7.072880601958599967e-05	9.041987875324503229e-05	1.269243253243485892e-04
8.245391728289099831e+00	7.555198434576682531e-05	6.161499903759964621e-05	7.743819784350377275e-05	1.134104876574901406e-04
8.420129315159766037e+00	6.689699637606638834e-05	5.363400836628392479e-05	6.626127233103018489e-05	1.012756486843888870e-04
8.598569967363353328e+00	5.920392184969866317e-05	4.666054435832527259e-05	5.666303433361132843e-05	9.039765106782643716e-05
8.780792160819700598e+00	5.235044782874016757e-05	4.055136910622428222e-05	4.839539803744242943e-05	8.062571627584784635e-05
8.966876034522190508e+00	4.625310353991327560e-05	3.520795177755739231e-05	4.128719859756252127e-05	7.185838906050598211e-05
9.156903425781846906e+00	4.083906174623408176e-05	3.054501053001117540e-05	3.519201530385397995e-05	6.400589542424827913e-05
9.350957906218383187e+00	3.604037722013324303e-05	2.648458838248966813e-05	2.997839334923335959e-05	5.698457288054061513e-05
9.549124818513869073e+00	3.177742921457230832e-05	2.293935336491208755e-05	2.550494522026893263e-05	5.069312604146328802e-05
9.751491313945386707e+00	2.799567523436568366e-05	1.984920720245566574e-05	2.167425202768534864e-05	4.506292308462074092e-05
9.958146390713055851e+00	2.464733346988686602e-05	1.716167696249663619e-05	1.840234001026877123e-05	4.003318182677688229e-05
1.016918093308028581e+01	2.168867420128003955e-05	1.483014966439783047e-05	1.561554169453694232e-05	3.554836978691926485e-05
1.038468775134352740e+01	1.906761675430837313e-05	1.280112445500445837e-05	1.323350429850137208e-05	3.153974787415696917e-05
1.060476162264905220e+01	1.674922121816079245e-05	1.103864184058950170e-05	1.120176497378617611e-05	2.796188736656843112e-05
1.082949933267470577e+01	1.470291658244439466e-05	9.511558817339560814e-06	9.473874459733052633e-06	2.477469857954925277e-05
1.105899971819510696e+01	1.289968319947227938e-05	8.190896962512369801e-06	8.007509552426259077e-06	2.193964097417764288e-05
1.129336371054865928e+01	1.130707785442081703e-05	7.045768725297751881e-06	6.759312280699353064e-06	1.941271189099250854e-05
1.153269438002595848e+01	9.902580747168175426e-06	6.054558515913132844e-06	5.698936680972827342e-06	1.716334565293742965e-05
1.177709698119876869e+01	8.666740410806905834e-06	5.198850023503476357e-06	4.800879414176300728e-06	1.516523487978052485e-05
1.202667899920963279e+01	7.580937610487390778e-06	4.461413410465105275e-06	4.041815276600492924e-06	1.339271197739928989e-05
1.228155019704247053e+01	6.624843306208956937e-06	3.824222309535240211e-06	3.398242403271811711e-06	1.181709747559113176e-05
1.254182266379493349e+01	5.784245046595130179e-06	3.274658269596906966e-06	2.853751588958901261e-06	1.041852509734820439e-05
1.280761086397376225e+01	5.046916539235315788e-06	2.801953809533921785e-06	2.394518221289631093e-06	9.179679622708438399e-06
1.307903168783481007e+01	4.401067304446017979e-06	2.396023129048432873e-06	2.007915736455527318e-06	8.083766668526119487e-06
1.335620450278989146e+01	3.834113188640715457e-06	2.046530069875837078e-06	1.681465967113054774e-06	7.112352078410551673e-06
1.363925120590300821e+01	3.337196509553124308e-06	1.746176217890989853e-06	1.406386904103401681e-06	6.252509236057251702e-06
1.392829627749924271e+01	2.902727473151060059e-06	1.488795362895778159e-06	1.175363085016451952e-06	5.493145948459419020e-06
1.422346683590943783e+01	2.523338606081091666e-06	1.268561557170945233e-06	9.816603795276488136e-07	4.823289002248769943e-06
1.452489269337533528e+01	2.191336196389107982e-06	1.079625387275314595e-06	8.187528617389245422e-07	4.231225332429888939e-06
1.483270641313931115e+01	1.901270036252933199e-06	9.173527001549293596e-07	6.816556254352793680e-07	3.708709019690976401e-06
1.514704336774399174e+01	1.648488027791869771e-06	7.797447582483685566e-07	5.677253636119593640e-07	3.248644146472075559e-06
1.546804179856737527e+01	1.428448285013703387e-06	6.619943328169621709e-07	4.717630279960736941e-07	2.843977117014971841e-06
1.579584287661962527e+01	1.236506284741710402e-06	5.609047539850334439e-07	3.918242927321856316e-07	2.487380013725003793e-06
1.613059076462826624e+01	1.069351930087713216e-06	4.751239457061843903e-07	3.250898377807517181e-07	2.173609374292247277e-06
1.647243268043913034e+01	9.241704697758691602e-07	4.020111463798332500e-07	2.693550312166351867e-07	1.898188753119297664e-06
1.682151896176083383e+01	7.982000960396965876e-07	3.399676292866643463e-07	2.230677111587750884e-07	1.656669966808926900e-06
1.717800313228151410e+01	6.886730647408687849e-07	2.871607897423446929e-07	1.844877162462783031e-07	1.444476321383471797e-06
1.754204196918641045e+01	5.931787522147456105e-07	2.423506178614454356e-07	1.523009236807645556e-07	1.258338258646296896e-06
1.791379557210657580e+01	5.113169905423218330e-07	2.042211321817187048e-07	1.257252503493557773e-07	1.095475508120803227e-06
1.829342743352862044e+01	4.397432885124264597e-07	1.720189510045922761e-07	1.036562316552570807e-07	9.530960722643336478e-07
1.868110451069663469e+01	3.780794905503052994e-07	1.447276664212975683e-07	8.535135835038537882e-08	8.283891922269634862e-07
1.907699729903783492e+01	3.246633385447072830e-07	1.216943011988673592e-07	7.034213135103166314e-08	7.188459281458089468e-07
1.948127990714428748e+01	2.786873014788015392e-07	1.020830910789596843e-07	5.762687514216430288e-08	6.242458450493200389e-07
1.989413013334363711e+01	2.390034787875693017e-07	8.561907473113431351e-08	4.739859503129220922e-08	5.408800089138718796e-07
2.031572954389253738e+01	2.047581450387178324e-07	7.187097071594768263e-08	3.893650022849734091e-08	4.685257579523929285e-07
2.074626355282718393e+01	1.753067752837045541e-07	6.028549551484180159e-08	3.195775813349001978e-08	4.055415483346293333e-07
2.118592150350598402e+01	1.498185168977454891e-07	5.027894735713629099e-08	2.607193522874928355e-08	3.507531663291609052e-07
2.163489675188052530e+01	1.279958119825203996e-07	4.209147994391678090e-08	2.135623578480479655e-08	3.031132408570734835e-07
2.209338675153079734e+01	1.092442212623692260e-07	3.519815409132914846e-08	1.747110017200659697e-08	2.616798611869423651e-07
2.256159314050291798e+01	9.332527859366027242e-08	2.941148188948738232e-08	1.428033831962404423e-08	2.256197911443861767e-07
2.303972182998693796e+01	7.943828298288744025e-08	2.443426894093097489e-08	1.160145363538299295e-08	1.944677038211190059e-07
2.352798309487394945e+01	6.760769744590676222e-08	2.037687164077204658e-08	9.463741005481904325e-09	1.674484146380233038e-07
2.402659166623228870e+01	5.758851546017142204e-08	1.697399320338842773e-08	7.709914279372327434e-09	1.440417609288702166e-07
2.453576682574353285e+01	4.902159048843051990e-08	1.412858284968673730e-08	6.275630564947161051e-09	1.238491157133529168e-07
2.505573250213976877e+01	4.149875455693554572e-08	1.169141913778362004e-08	5.076841790228922988e-09	1.062382117041370060e-07
2.558671736968459953e+01	3.525615685009917173e-08	9.712142701215409932e-09	4.124140056458755474e-09	9.111826683153305940e-08
2.612895494874115698e+01	2.992254226262741812e-08	8.058608656735959754e-09	3.345785481744233995e-09	7.821675279588054011e-08
2.668268370847132687e+01	2.537867444684433716e-08	6.681460700220219487e-09	2.711972002845451584e-09	6.709958753462601653e-08
2.724814717171165412e+01	2.140425772143217891e-08	5.506843788794304960e-09	2.184584558807789509e-09	5.724997732812658349e-08
2.782559402207125743e+01	1.811770062603423694e-08	4.556553857541906021e-09	1.767186477471823591e-09	4.901626831911342896e-08
2.841527821329990999e+01	1.531997109429017729e-08	3.765809768998514912e-09	1.427624221917235976e-09	4.192637970736948240e-08
2.901745908097360527e+01	1.294538309662973281e-08	3.109869480175384515e-09	1.152294643257213447e-09	3.583877206889985125e-08
2.963240145654703639e+01	1.087669633725562702e-08	2.552799833389923443e-09	9.242465114774333432e-10	3.046611765540798600e-08
3.026037578382308624e+01	9.172128785501481671e-09	2.103831077930503725e-09	7.444868378486816562e-10	2.599001985358760838e-08
3.090165823789054755e+01	7.726507539036283125e-09	1.731745847317676469e-09	5.988769121163325926e-10	2.214965340568290138e-08
3.155653084658241525e+01	6.504195842507469416e-09	1.424360349527077413e-09	4.813284999315695906e-10	1.886439530251793910e-08
3.222528161450811979e+01	5.443687222034250404e-09	1.164430079232484778e-09	3.844062421622789381e-10	1.597636430306650634e-08
3.290820464971425707e+01	4.573019494223289314e-09	9.557534734892329910e-10	3.083214783265713338e-10	1.357860573541336432e-08
3.360560029302952501e+01	3.837430301776983043e-09	7.835086671196524545e-10	2.469528238203172805e-10	1.152892770861706832e-08
3.431777525015100849e+01	3.217884532554566762e-09	6.418033595525600904e-10	1.976275198186495267e-10	9.782117531142607829e-09
3.504504272652905428e+01	2.682583901314620836e-09	5.225058073594704671e-10	1.571476671477109333e-10	8.252775822825548577e-09
3.578772256511129513e+01	2.244738103093895848e-09	4.271106255528567909e-10	1.255034953039039220e-10	6.987617294373035100e-09
3.654614138700539883e+01	1.876259043175266118e-09	3.486909145854031747e-10	1.000885392526105064e-10	5.910170294286243472e-09
3.732063273512289925e+01	1.567139504594481731e-09	2.844429227437398755e-10	7.974980296475461467e-11	4.995411717269864363e-09
3.811153722086707774e+01	1.301184216302177197e-09	2.305948124473782183e-10	6.313600311070597667e-11	4.197859865887544466e-09
3.891920267392951160e+01	1.084472182652899820e-09	1.877088974020746018e-10	5.020338162186925206e-11	3.540510130631255614e-09
3.974398429526115706e+01	9.028165602501106420e-10	1.526026461713353007e-10	3.986243968737694734e-11	2.982873252496590177e-09
4.058624481328516254e+01	7.510408361493701713e-10	1.239630603666221767e-10	3.162378917337233193e-11	2.511297886709129878e-09
4.144635464342010778e+01	6.210216857312755877e-10	1.000659757414061380e-10	2.492480603276925919e-11	2.101865779648038910e-09
4.232469205098434628e+01	5.154863687397201363e-10	8.111069201264205044e-11	1.973209346397922407e-11	1.765666858407045185e-09
4.322164331755172384e+01	4.273809555957632302e-10	6.565957021336386536e-11	1.559825541426988741e-11	1.481592527649348688e-09
4.413760291083362119e+01	3.540716028570435184e-10	5.310939111961539792e-11	1.231976234869701701e-11	1.242339916871658684e-09
4.507297365816076251e+01	2.915469050821210510e-10	4.268534300715978787e-11	9.666612019537314282e-12	1.035514371345551440e-09
4.602816692364147144e+01	2.409967263913871550e-10	3.445113539230317884e-11	7.618874958531392464e-12	8.663377912075025493e-10
4.700360278907441369e+01	1.989695196805417033e-10	2.776775551294882571e-11	5.995868687322290693e-12	7.239641347974374938e-10
4.799971023869517950e+01	1.641475416211564100e-10	2.236267745227769708e-11	4.714413466203466410e-12	6.045475563117891433e-10
4.901692734783804895e+01	1.345812653658472400e-10	1.789392276181104067e-11	3.682286012780577982e-12	5.017669467436236843e-10
5.005570147559598126e+01	1.107738483664591260e-10	1.437888118163121060e-11	2.889179254261678929e-12	4.180317308655728630e-10
5.111648946156338980e+01	9.106384444312767481e-11	1.153838923932686639e-11	2.263431763734257262e-12	3.478564344253034659e-10
5.219975782674825382e+01	7.480319170165164081e-11	9.251399838695117099e-12	1.771632960510098380e-12	2.892451627400336665e-10
5.330598297874255564e+01	6.105975000744389346e-11	7.369474796568450967e-12	1.377437950944046595e-12	2.390257251092120697e-10
5.443565142123959077e+01	5.003879041436502745e-11	5.895407358005020490e-12	1.075829336421104947e-12	1.982764893303402080e-10
5.558925996799251124e+01	4.095381427243700389e-11	4.709441781477752340e-12	8.389314038940849504e-13	1.642691961860829833e-10
5.676731596130657209e+01	3.349163675017133806e-11	3.758880263206624273e-12	6.536056650166116896e-13	1.359881759442220941e-10
5.797033749516177181e+01	2.721393028666035181e-11	2.980429932670298813e-12	5.057923517133035509e-13	1.118687900435863275e-10
5.919885364306400533e+01	2.220093147607069850e-11	2.373350372624931811e-12	3.932061302903918668e-13	9.237898461512915649e-11
6.045340469072480261e+01	1.808662803913272339e-11	1.887119391873973348e-12	3.051828719030434725e-13	7.618428843003389022e-11
6.173454237367209174e+01	1.472234583007340705e-11	1.499189705231058109e-12	2.366457513870976007e-13	6.277546949940845015e-11
6.304283011989645757e+01	1.190544451555449284e-11	1.183020222918428938e-12	1.822472902097467567e-13	5.139343279047303843e-11
6.437884329763940627e+01	9.665643115930358975e-12	9.375217870580400338e-13	1.409952066234290209e-13	4.223413481981137133e-11
6.574316946843353549e+01	7.835553423267340988e-12	7.417880216772818029e-13	1.088929236808849830e-13	3.465678421091779987e-11
6.713640864550379206e+01	6.345868743520242690e-12	5.863572749295323097e-13	8.401756106260546110e-14	2.841117158345369266e-11
6.855917355764610477e+01	5.104521130791677509e-12	4.603008616353616571e-13	6.437307988881234822e-14	2.313478470002752111e-11
7.001208991869765441e+01	4.121736829248109981e-12	3.628573181587786630e-13	4.954434635652123975e-14	1.890692422388022040e-11
7.149579670271769771e+01	3.322312324422822142e-12	2.855224267804791726e-13	3.805866633678849153e-14	1.542457926024650805e-11
7.301094642500031284e+01	2.674529965272767063e-12	2.243971382816843880e-13	2.920109735584478170e-14	1.256713035343803181e-11
7.455820542904223203e+01	2.137291931674706129e-12	1.750618541092317093e-13	2.224021203172292248e-14	1.016419062558586853e-11
7.613825417959219521e+01	1.713731257110186782e-12	1.370898365221130844e-13	1.700910762267517686e-14	8.246603019768997199e-12
7.775178756191070306e+01	1.370662495047422657e-12	1.070883614907530824e-13	1.297609074910628100e-14	6.673708379106680843e-12
7.939951518737163383e+01	1.093833401430409485e-12	8.348074419963678297e-14	9.880362183547219441e-15	5.388312790957668358e-12
8.108216170554010205e+01	8.652164394982226758e-13	6.451306428944665821e-14	7.459170483344197514e-15	4.311847458513582972e-12
8.280046712286477373e+01	6.855578094458716743e-13	4.996741562924298433e-14	5.646850916053473721e-15	3.455401292436296367e-12
8.455518712812224180e+01	5.404597768663512711e-13	3.851347283892028067e-14	4.254813627475474261e-15	2.754754737875197553e-12
8.634709342475994731e+01	4.236072732637433923e-13	2.952386447521952349e-14	3.189596275910962651e-15	2.183048987691378710e-12
8.817697407028136070e+01	3.271874448653809412e-13	2.231249044297448971e-14	2.358305785093463674e-15	1.704480703649153138e-12
9.004563382282356088e+01	2.511790512498206331e-13	1.677235417939204355e-14	1.735621941353495824e-15	1.322237173741184602e-12
9.195389449507966617e+01	1.893159597642998124e-13	1.238385837158545219e-14	1.255238212236404877e-15	1.006797343578039322e-12
9.390259531572145590e+01	1.385970661248813471e-13	8.887065605770352127e-15	8.829288304039983939e-16	7.443929090515603494e-13
9.589259329848152902e+01	9.513032474501859023e-14	5.984736699355651411e-15	5.833513737381874510e-16	5.158072231158924030e-13
9.792476361905691817e+01	5.707698598387606936e-14	3.526608229349577332e-15	3.376277475618049218e-16	3.122737982004503149e-13
