# Data associated with arXiv:2110.09653
# 
# Scale-free gravitational potential, Phi(r), of a einasto0-24 dark matter distribution (see Eq. 12 and the surrounding discussion)
# 
# Published: 3/29/22, Jack Runburg, contact: runburg@hawaii.edu
# 
# 
# -----------------------------------------------------------------
# 
# 	 tilde r 		 | 		 tilde Phi
# 
# -----------------------------------------------------------------
1.000000000000000082e-05	4.496819145498982316e-08
1.016902569856036418e-05	4.642041500815116153e-08
1.034090836579813217e-05	4.791920419613875669e-08
1.051569629182590727e-05	4.946603995764720175e-08
1.069343858298338107e-05	5.106244988582341508e-08
1.087418517563349352e-05	5.271000968192320347e-08
1.105798685019213608e-05	5.441034465368259520e-08
1.124489524539464294e-05	5.616513125975206236e-08
1.143496287280373749e-05	5.797609870159433356e-08
1.162824313156251011e-05	5.984503056427724971e-08
1.182479032339672186e-05	6.177376650764181989e-08
1.202465966787094358e-05	6.376420400937102983e-08
1.222790731790219642e-05	6.581830016152112679e-08
1.243459037553620304e-05	6.793807352213715103e-08
1.264476690798990365e-05	7.012560602360708837e-08
1.285849596396550032e-05	7.238304493947361780e-08
1.307583759024001738e-05	7.471260491145937988e-08
1.329685284853523648e-05	7.711657003852181786e-08
1.352160383267306994e-05	7.959729602980880635e-08
1.375015368602047702e-05	8.215721242343015617e-08
1.398256661922970337e-05	8.479882487303423888e-08
1.421890792827791775e-05	8.752471750421751487e-08
1.445924401281218556e-05	9.033755534287481945e-08
1.470364239480425140e-05	9.324008681764243997e-08
1.495217173752060936e-05	9.623514633865997317e-08
1.520490186481353606e-05	9.932565695494386777e-08
1.546190378073772831e-05	1.025146330927193174e-07
1.572324968949899453e-05	1.058051833771469806e-07
1.598901301573965207e-05	1.092005135399292341e-07
1.625926842516730133e-05	1.127039294153776071e-07
1.653409184553174079e-05	1.163188400275730660e-07
1.681356048795696318e-05	1.200487607713550216e-07
1.709775286863338809e-05	1.238973166899300630e-07
1.738674883087671066e-05	1.278682458519878841e-07
1.768062956756000055e-05	1.319654028312986286e-07
1.797947764392438726e-05	1.361927622918331227e-07
1.828337702077590442e-05	1.405544226815660384e-07
1.859241307807381921e-05	1.450546100381808958e-07
1.890667263891824960e-05	1.496976819100233488e-07
1.922624399394281931e-05	1.544881313957154747e-07
1.955121692611963820e-05	1.594305913059634863e-07
1.988168273598394005e-05	1.645298384511935924e-07
2.021773426728446277e-05	1.697907980587349288e-07
2.055946593306806188e-05	1.752185483234120854e-07
2.090697374220454717e-05	1.808183250954806633e-07
2.126035532636048084e-05	1.865955267099945439e-07
2.161970996742848953e-05	1.925557189617754217e-07
2.198513862542019826e-05	1.987046402302983281e-07
2.235674396683105304e-05	2.050482067589326834e-07
2.273463039348393747e-05	2.115925180930812772e-07
2.311890407186101566e-05	2.183438626819314708e-07
2.350967296293065580e-05	2.253087236486218028e-07
2.390704685247916156e-05	2.324937847338138660e-07
2.431113738195477895e-05	2.399059364177600481e-07
2.472205807983296721e-05	2.475522822261289277e-07
2.513992439351238667e-05	2.554401452250072214e-07
2.556485372174920653e-05	2.635770747106162352e-07
2.599696544764047972e-05	2.719708530994951800e-07
2.643638097216418787e-05	2.806295030250061490e-07
2.688322374828698802e-05	2.895612946462466350e-07
2.733761931564792142e-05	2.987747531755724642e-07
2.779969533582839453e-05	3.082786666311477376e-07
2.826958162821882354e-05	3.180820938211218080e-07
2.874741020649071774e-05	3.281943725661838807e-07
2.923331531568612113e-05	3.386251281675009945e-07
2.972743346993304866e-05	3.493842821271711354e-07
3.022990349079926684e-05	3.604820611286029158e-07
3.074086654629380722e-05	3.719290062843754997e-07
3.126046619052763072e-05	3.837359826593873066e-07
3.178884840404535552e-05	3.959141890773319953e-07
3.232616163483768439e-05	4.084751682187111701e-07
3.287255684004812447e-05	4.214308170189133803e-07
3.342818752838356790e-05	4.347933973750319158e-07
3.399320980324275641e-05	4.485755471704396030e-07
3.456778240657304527e-05	4.627902916263033878e-07
3.515206676346841592e-05	4.774510549895361711e-07
3.574622702752206616e-05	4.925716725669567385e-07
3.635043012694450139e-05	5.081664031156383724e-07
3.696484581146223093e-05	5.242499415998076380e-07
3.758964670000808795e-05	5.408374323248367312e-07
3.822500832921870388e-05	5.579444824592806246e-07
3.887110920275097572e-05	5.755871759561139599e-07
3.952813084143210176e-05	5.937820878847030046e-07
4.019625783425803943e-05	6.125462991853727211e-07
4.087567789025284005e-05	6.318974118586881924e-07
4.156658189120576708e-05	6.518535646020261939e-07
4.226916394529853092e-05	6.724334489062284873e-07
4.298362144164019741e-05	6.936563256256266763e-07
4.371015510572303796e-05	7.155420420349688116e-07
4.444896905581571312e-05	7.381110493872380824e-07
4.520027086031053377e-05	7.613844209867466365e-07
4.596427159603870473e-05	7.853838707921933527e-07
4.674118590757267352e-05	8.101317725649337441e-07
4.753123206752940771e-05	8.356511795779606864e-07
4.833463203789430644e-05	8.619658449017000770e-07
4.915161153238073493e-05	8.891002422830121489e-07
4.998240007984356624e-05	9.170795876343423797e-07
5.082723108876559525e-05	9.459298611504415476e-07
5.168634191283236288e-05	9.756778300704325652e-07
5.255997391761710167e-05	1.006351072103692694e-06
5.344837254839108326e-05	1.037977999538293860e-06
5.435178739908172257e-05	1.070587884051498393e-06
5.527047228239525742e-05	1.104210882242134144e-06
5.620468530112457639e-05	1.138878061905339253e-06
5.715468892066349253e-05	1.174621429070745530e-06
5.812075004274504757e-05	1.211473955825596060e-06
5.910314008042789533e-05	1.249469608945107860e-06
6.010213503434843707e-05	1.288643379352747670e-06
6.111801557026345553e-05	1.329031312433965027e-06
6.215106709790228898e-05	1.370670539227332447e-06
6.320157985115178797e-05	1.413599308517844534e-06
6.426984896959787321e-05	1.457857019857812387e-06
6.535617458144342038e-05	1.503484257541297726e-06
6.646086188782971240e-05	1.550522825559027260e-06
6.758422124858115099e-05	1.599015783561129506e-06
6.872656826940111863e-05	1.649007483856103342e-06
6.988822389054047174e-05	1.700543609474907202e-06
7.106951447696465861e-05	1.753671213330011566e-06
7.227077191004629639e-05	1.808438758500087095e-06
7.349233368080552791e-05	1.864896159671599368e-06
7.473454298472863809e-05	1.923094825769778913e-06
7.599774881818697982e-05	1.983087703811896840e-06
7.728230607648789517e-05	2.044929324017086949e-06
7.858857565358148443e-05	2.108675846207489269e-06
7.991692454345255051e-05	2.174385107536647216e-06
8.126772594322802224e-05	2.242116671582091321e-06
8.264135935802465773e-05	2.311931878839723542e-06
8.403821070757165439e-05	2.383893898659088882e-06
8.545867243463269578e-05	2.458067782659126776e-06
8.690314361526321394e-05	2.534520519665598110e-06
8.837203007092955202e-05	2.613321092211980049e-06
8.986574448252320402e-05	2.694540534647040916e-06
9.138470650630395851e-05	2.778251992893459735e-06
9.292934289180014931e-05	2.864530785902702100e-06
9.450008760170456993e-05	2.953454468853083914e-06
9.609738193379394305e-05	3.045102898138578826e-06
9.772167464491231779e-05	3.139558298197845830e-06
9.937342207704681467e-05	3.236905330233541746e-06
1.010530882855375953e-04	3.337231162874039494e-06
1.027611451694522251e-04	3.440625544830324853e-06
1.044980726041651943e-04	3.547180879602814597e-06
1.062643585761784858e-04	3.656992302293948085e-06
1.080604993202192510e-04	3.770157758583826140e-06
1.098869994586575572e-04	3.886778085928060769e-06
1.117443721432778697e-04	4.006957097037915351e-06
1.136331391994486811e-04	4.130801665705014231e-06
1.155538312727281931e-04	4.258421815034061529e-06
1.175069879779481330e-04	4.389930808148877100e-06
1.194931580508180820e-04	4.525445241438730889e-06
1.215128995020904455e-04	4.665085140413477769e-06
1.235667797743341897e-04	4.808974058238269261e-06
1.256553759013554958e-04	4.957239177019706934e-06
1.277792746703147969e-04	5.110011411917871357e-06
1.299390727865835948e-04	5.267425518160118224e-06
1.321353770413874452e-04	5.429620201034615250e-06
1.343688044822834680e-04	5.596738228943698357e-06
1.366399825865173903e-04	5.768926549598837475e-06
1.389495494373137348e-04	5.946336409441719607e-06
1.412981539031428761e-04	6.129123476377251041e-06
1.436864558200198782e-04	6.317447965907292668e-06
1.461151261768842277e-04	6.511474770755666890e-06
1.485848473041125864e-04	6.711373594077447985e-06
1.510963130652191798e-04	6.917319086348018545e-06
1.536502290517936125e-04	7.129490986029357534e-06
1.562473127817378576e-04	7.348074264114328937e-06
1.588882939008491742e-04	7.573259272651042698e-06
1.615739143878149021e-04	7.805241897353392392e-06
1.643049287626683534e-04	8.044223714405044633e-06
1.670821042987704773e-04	8.290412151568140567e-06
1.699062212383743503e-04	8.544020653709921307e-06
1.727780730118311508e-04	8.805268852863453829e-06
1.756984664605053779e-04	9.074382742942182877e-06
1.786682220634525510e-04	9.351594859229656520e-06
1.816881741679340619e-04	9.637144462770606173e-06
1.847591712238235014e-04	9.931277729790768038e-06
1.878820760219775598e-04	1.023424794627755433e-05
1.910577659366365815e-04	1.054631570785619324e-05
1.942871331719188508e-04	1.086774912509894313e-05
1.975710850124866975e-04	1.119882403440974369e-05
2.009105440784431595e-04	1.153982421462805205e-05
2.043064485845435532e-04	1.189104160950160763e-05
2.077597526037827484e-04	1.225277655617906351e-05
2.112714263354412516e-04	1.262533801987918210e-05
2.148424563776607336e-04	1.300904383489576938e-05
2.184738460046266035e-04	1.340422095210195069e-05
2.221666154484372088e-04	1.381120569312143764e-05
2.259218021857336319e-04	1.423034401133776331e-05
2.297404612291798821e-04	1.466199175991815814e-05
2.336236654238643619e-04	1.510651496703076497e-05
2.375725057487147664e-04	1.556429011844046321e-05
2.415880916230062926e-04	1.603570444767134326e-05
2.456715512180506823e-04	1.652115623392929705e-05
2.498240317741551374e-04	1.702105510798258814e-05
2.540466999229345113e-04	1.753582236620236456e-05
2.583407420150777146e-04	1.806589129297164872e-05
2.627073644536481322e-04	1.861170749167359893e-05
2.671477940330213769e-04	1.917372922447758347e-05
2.716632782835508839e-04	1.975242776114486147e-05
2.762550858220584886e-04	2.034828773708172210e-05
2.809245067082517420e-04	2.096180752087340951e-05
2.856728528071605542e-04	2.159349959153652074e-05
2.905014581577071149e-04	2.224389092573556741e-05
2.954116793474984839e-04	2.291352339521158664e-05
3.004048958939589458e-04	2.360295417468013019e-05
3.054825106319022541e-04	2.431275616045925340e-05
3.106459501076553839e-04	2.504351840009555618e-05
3.158966649798455200e-04	2.579584653326235546e-05
3.212361304269563162e-04	2.657036324420912040e-05
3.266658465617811426e-04	2.736770872605094758e-05
3.321873388528732334e-04	2.818854115718870675e-05
3.378021585531251671e-04	2.903353719016201406e-05
3.435118831355896260e-04	2.990339245324058479e-05
3.493181167366675791e-04	3.079882206506831966e-05
3.552224906067888996e-04	3.172056116268114360e-05
3.612266635687054364e-04	3.266936544322596831e-05
3.673323224835388411e-04	3.364601171971831790e-05
3.735411827246973185e-04	3.465129849117942306e-05
3.798549886598084251e-04	3.568604652750593880e-05
3.862755141407951480e-04	3.675109946942962870e-05
3.928045630022363724e-04	3.784732444393480418e-05
3.994439695681523583e-04	3.897561269550824602e-05
4.061955991673505371e-04	4.013688023360418265e-05
4.130613486574917070e-04	4.133206849671863575e-05
4.200431469580040238e-04	4.256214503347030369e-05
4.271429555920115370e-04	4.382810420110042678e-05
4.343627692374198417e-04	4.513096788180829329e-05
4.417046162873167637e-04	4.647178621735053759e-05
4.491705594198478857e-04	4.785163836234158409e-05
4.567626961777168084e-04	4.927163325669967856e-05
4.644831595574927248e-04	5.073291041769865571e-05
4.723341186088662533e-04	5.223664075208648650e-05
4.803177790440425624e-04	5.378402738875073059e-05
4.884363838574312710e-04	5.537630653241513924e-05
4.966922139558113680e-04	5.701474833886456951e-05
5.050875887991499369e-04	5.870065781220645677e-05
5.136248670522445235e-04	6.043537572468445128e-05
5.223064472473935762e-04	6.222027955957799882e-05
5.311347684582509721e-04	6.405678447772207866e-05
5.401123109850867847e-04	6.594634430820555814e-05
5.492415970516181150e-04	6.789045256380556550e-05
5.585251915136241153e-04	6.989064348173692641e-05
5.679657025795404723e-04	7.194849309030283799e-05
5.775657825432239500e-04	7.406562030204405381e-05
5.873281285291183634e-04	7.624368803400315207e-05
5.972554832499969713e-04	7.848440435572146207e-05
6.073506357775315233e-04	8.078952366561377636e-05
6.176164223258701069e-04	8.316084789636346878e-05
6.280557270484683893e-04	8.560022775000712019e-05
6.386714828483902292e-04	8.810956396338390651e-05
6.494666722022935214e-04	9.069080860463775678e-05
6.604443279983617009e-04	9.334596640148369389e-05
6.716075343883770371e-04	9.607709610194758900e-05
6.829594276542177208e-04	9.888631186832322773e-05
6.945031970889825731e-04	1.017757847050844200e-04
7.062420858930204982e-04	1.047477439215222623e-04
7.181793920851009278e-04	1.078044786298808461e-04
7.303184694289851413e-04	1.109483392797862137e-04
7.426627283756636558e-04	1.141817392297772685e-04
7.552156370215079703e-04	1.175071563567593253e-04
7.679807220826359018e-04	1.209271347042278097e-04
7.809615698857278474e-04	1.244442861701093410e-04
7.941618273756021005e-04	1.280612922351003283e-04
8.075852031398165869e-04	1.317809057323893597e-04
8.212354684505887787e-04	1.356059526596696974e-04
8.351164583243314002e-04	1.395393340343681116e-04
8.492320725990840828e-04	1.435840277930248120e-04
8.635862770301777234e-04	1.477430907357944322e-04
8.781831044043956558e-04	1.520196605170302405e-04
8.930266556729828109e-04	1.564169576829590460e-04
9.081211011037989590e-04	1.609382877574520182e-04
9.234706814529467173e-04	1.655870433769257750e-04
9.390797091562086895e-04	1.703667064754258234e-04
9.549525695406079406e-04	1.752808505209551670e-04
9.710937220564705170e-04	1.803331428041490088e-04
9.875077015302894702e-04	1.855273467803899136e-04
1.004199119438780371e-03	1.908673244665022508e-04
1.021172665204465608e-03	1.963570388931692068e-04
1.038433107513160114e-03	2.020005566142423045e-04
1.055985295653722377e-03	2.078020502741307924e-04
1.073834160880457900e-03	2.137658012344846137e-04
1.091984717798539194e-03	2.198962022613940991e-04
1.110442065772854507e-03	2.261977602743669568e-04
1.129211390360662605e-03	2.326750991583492604e-04
1.148297964768467102e-03	2.393329626400882257e-04
1.167707151333511727e-03	2.461762172301513703e-04
1.187444403030319794e-03	2.532098552319429438e-04
1.207515265002700490e-03	2.604389978190778409e-04
1.227925376121640280e-03	2.678688981824928358e-04
1.248680470569537605e-03	2.755049447487068750e-04
1.269786379451208914e-03	2.833526644706558595e-04
1.291249032432127903e-03	2.914177261925533888e-04
1.313074459404352896e-03	2.997059440902543150e-04
1.335268792180613557e-03	3.082232811886177933e-04
1.357838266217031810e-03	3.169758529573940531e-04
1.380789222364966172e-03	3.259699309871802605e-04
1.404128108652453718e-03	3.352119467470112183e-04
1.427861482095777682e-03	3.447084954251863832e-04
1.451996010541646868e-03	3.544663398549445922e-04
1.476538474540514635e-03	3.644924145266331315e-04
1.501495769251562883e-03	3.747938296880365372e-04
1.526874906379880551e-03	3.853778755345545854e-04
1.552683016146397385e-03	3.962520264909545988e-04
1.578927349291094897e-03	4.074239455864247183e-04
1.605615279110095620e-03	4.189014889247105657e-04
1.632754303527175332e-03	4.306927102511159933e-04
1.660352047200289172e-03	4.428058656181869924e-04
1.688416263663707062e-03	4.552494181519245084e-04
1.716954837506350865e-03	4.680320429203859486e-04
1.745975786586963620e-03	4.811626319065788601e-04
1.775487264286699802e-03	4.946502990875478213e-04
1.805497561799810540e-03	5.085043856216176546e-04
1.836015110463037458e-03	5.227344651457462065e-04
1.867048484124379315e-03	5.373503491849879144e-04
1.898606401551900620e-03	5.523620926760865668e-04
1.930697728883249645e-03	5.677799996072380477e-04
1.963331482116591892e-03	5.836146287761051705e-04
1.996516829643624896e-03	5.998767996681575931e-04
2.030263094825430960e-03	6.165775984574838617e-04
2.064579758611852570e-03	6.337283841322004013e-04
2.099476462205150749e-03	6.513407947466384349e-04
2.134963009768679927e-03	6.694267538025013052e-04
2.171049371181348660e-03	6.879984767612076562e-04
2.207745684838647703e-03	7.070684776896802790e-04
2.245062260500998302e-03	7.266495760418198229e-04
2.283009582190270292e-03	7.467549035779908308e-04
2.321598311135244109e-03	7.673979114248097137e-04
2.360839288766866315e-03	7.885923772775894468e-04
2.400743539764126078e-03	8.103524127477961967e-04
2.441322275151419988e-03	8.326924708579068121e-04
2.482586895448264750e-03	8.556273536860788771e-04
2.524548993872262424e-03	8.791722201630602050e-04
2.567220359596177753e-03	9.033425940237875280e-04
2.610612981060093842e-03	9.281543719161569877e-04
2.654739049339540410e-03	9.536238316694577079e-04
2.699610961570552640e-03	9.797676407249807616e-04
2.745241324432623389e-03	1.006602864731342408e-03
2.791642957690524101e-03	1.034146976307077394e-03
2.838828897796003177e-03	1.062417863973078372e-03
2.886812401550338004e-03	1.091433841257459254e-03
2.935606949828818354e-03	1.121213655975476656e-03
2.985226251368169013e-03	1.151776499687114574e-03
3.035684246617996723e-03	1.183142017334988571e-03
3.086995111657330013e-03	1.215330317065222744e-03
3.139173262177360861e-03	1.248361980233966394e-03
3.192233357531519197e-03	1.282258071602267397e-03
3.246190304853968818e-03	1.317040149721942967e-03
3.301059263247754609e-03	1.352730277515236173e-03
3.356855648043719550e-03	1.389351033050918163e-03
3.413595135131412741e-03	1.426925520519607346e-03
3.471293665363201029e-03	1.465477381411032717e-03
3.529967449032819348e-03	1.505030805895996504e-03
3.589632970429635240e-03	1.545610544415803233e-03
3.650306992469857896e-03	1.587241919481893705e-03
3.712006561406061729e-03	1.629950837688488472e-03
3.774749011616297320e-03	1.673763801940986477e-03
3.838551970474150202e-03	1.718707923902904359e-03
3.903433363301120080e-03	1.764810936664126806e-03
3.969411418402700453e-03	1.812101207633243921e-03
4.036504672189604979e-03	1.860607751656765708e-03
4.104731974385511864e-03	1.910360244367931759e-03
4.174112493322873658e-03	1.961389035767943743e-03
4.244665721328222743e-03	2.013725164042337069e-03
4.316411480198500787e-03	2.067400369615246449e-03
4.389369926769958255e-03	2.122447109444307312e-03
4.463561558581177410e-03	2.178898571558924614e-03
4.539007219631814756e-03	2.236788689844598516e-03
4.615728106238700494e-03	2.296152159076043225e-03
4.693745772990876204e-03	2.357024450201716283e-03
4.773082138805334954e-03	2.419441825882482668e-03
4.853759493085097083e-03	2.483441356287001498e-03
4.935800501981372872e-03	2.549060935146468202e-03
5.019228214761578891e-03	2.616339296071296464e-03
5.104066070284974874e-03	2.685316029132272641e-03
5.190337903587798063e-03	2.756031597708768262e-03
5.278067952579629761e-03	2.828527355606401048e-03
5.367280864853020243e-03	2.902845565726978536e-03
5.458001704608171807e-03	2.979029412761434632e-03
5.550255959694683563e-03	3.057123028378488060e-03
5.644069548772311269e-03	3.137171504742586499e-03
5.739468828592763153e-03	3.219220914160172108e-03
5.836480601404602127e-03	3.303318327864557518e-03
5.935132122483251921e-03	3.389511835086531609e-03
6.035451107788337120e-03	3.477850562412915063e-03
6.137465741750428375e-03	3.568384693435082758e-03
6.241204685189401941e-03	3.661165488689443592e-03
6.346697083366644419e-03	3.756245305891844910e-03
6.453972574173352621e-03	3.853677620467752495e-03
6.563061296457267831e-03	3.953517046380023228e-03
6.673993898490092683e-03	4.055819357255935342e-03
6.786801546578089504e-03	4.160641507815192319e-03
6.901515933818189001e-03	4.268041655600403154e-03
7.018169289002107285e-03	4.378079183011524336e-03
7.136794385670962304e-03	4.490814719645647851e-03
7.257424551322942327e-03	4.606310164943404166e-03
7.380093676776592997e-03	4.724628711143174543e-03
7.504836225692410046e-03	4.845834866544220312e-03
7.631687244255296390e-03	4.969994479079617271e-03
7.760682371020751966e-03	5.097174760199970137e-03
7.891857846927448697e-03	5.227444309068574047e-03
8.025250525479058969e-03	5.360873137068678830e-03
8.160897883098169533e-03	5.497532692623339177e-03
8.298838029655216872e-03	5.637495886328247954e-03
8.439109719175405186e-03	5.780837116397792921e-03
8.581752360726531761e-03	5.927632294424334258e-03
8.726806029490927208e-03	6.077958871450836464e-03
8.874311478024487360e-03	6.231895864356487742e-03
9.024310147706032098e-03	6.389523882555055330e-03
9.176844180380181251e-03	6.550925155005422537e-03
9.331956430197019259e-03	6.716183557533648291e-03
9.489690475651922641e-03	6.885384640465733001e-03
9.650090631828802876e-03	7.058615656569954509e-03
9.813201962850383320e-03	7.235965589307748885e-03
9.979070294538865127e-03	7.417525181391591317e-03
1.014774222729061814e-02	7.603386963648409505e-03
1.031926514916845991e-02	7.793645284186648259e-03
1.049368724921524200e-02	7.988396337865083172e-03
1.067105753099251327e-02	8.187738197388012146e-03
1.085142582634790812e-02	8.391770838216601816e-03
1.103484280941536416e-02	8.600596176446522606e-03
1.122136001085190064e-02	8.814318094580773574e-03
1.141102983231507065e-02	9.033042473658336319e-03
1.160390556118510476e-02	9.256877224479528876e-03
1.180004138553588516e-02	9.485932319112997183e-03
1.199949240935904021e-02	9.720319822680581479e-03
1.220231466804522213e-02	9.960153925415750342e-03
1.240856514412720830e-02	1.020555097499155871e-02
1.261830178328901021e-02	1.045662950911323621e-02
1.283158351064561664e-02	1.071351028837065969e-02
1.304847024729788307e-02	1.097631632934540843e-02
1.326902292716726148e-02	1.124517293796703510e-02
1.349330351411505598e-02	1.152020774311263325e-02
1.372137501935110325e-02	1.180155073044378798e-02
1.395330151913657356e-02	1.208933427647423953e-02
1.418914817278613301e-02	1.238369318286187785e-02
1.442898124097431733e-02	1.268476471091774076e-02
1.467286810435134044e-02	1.299268861632478858e-02
1.492087728247356443e-02	1.330760718405865628e-02
1.517307845305392207e-02	1.362966526350236143e-02
1.542954247153780281e-02	1.395901030374661379e-02
1.569034139100966910e-02	1.429579238906668152e-02
1.595554848243628532e-02	1.464016427456703642e-02
1.622523825525205854e-02	1.499228142198399776e-02
1.649948647829230924e-02	1.535230203563651280e-02
1.677837020108039270e-02	1.572038709851487914e-02
1.706196777547459506e-02	1.609670040849655454e-02
1.735035887768101442e-02	1.648140861467826956e-02
1.764362453063833894e-02	1.687468125381242842e-02
1.794184712678114843e-02	1.727669078683645443e-02
1.824511045118791530e-02	1.768761263548239426e-02
1.855349970512023758e-02	1.810762521895411398e-02
1.886710152996000367e-02	1.853690999065887857e-02
1.918600403155108769e-02	1.897565147497965593e-02
1.951029680495259405e-02	1.942403730407422924e-02
1.984007095961033348e-02	1.988225825468616786e-02
2.017541914495388569e-02	2.035050828495310951e-02
2.051643557642630553e-02	2.082898457119668201e-02
2.086321606195374462e-02	2.131788754467801861e-02
2.121585802886252412e-02	2.181742092962753177e-02
2.157446055125112477e-02	2.232779177473467880e-02
2.193912437782497352e-02	2.284921049720949754e-02
2.230995196020145455e-02	2.338189091435774122e-02
2.268704748169360005e-02	2.392605028109657389e-02
2.307051688658016617e-02	2.448190932614238008e-02
2.346046790987047978e-02	2.504969228803905629e-02
2.385701010757239338e-02	2.562962695100674121e-02
2.426025488747183059e-02	2.622194468059067460e-02
2.467031554043257191e-02	2.682688045908904542e-02
2.508730727222522119e-02	2.744467292073869691e-02
2.551134723589388795e-02	2.807556438663598095e-02
2.594255456467021298e-02	2.871980089937101188e-02
2.638105040544361582e-02	2.937763225735175524e-02
2.682695795279727360e-02	3.004931204879436255e-02
2.728040248361941061e-02	3.073509768535566053e-02
2.774151139229957819e-02	3.143525043538299146e-02
2.821041422651998296e-02	3.215003545675645252e-02
2.868724272365149111e-02	3.287972182929688181e-02
2.917213084776511603e-02	3.362458258671430222e-02
2.966521482726893269e-02	3.438489474806917523e-02
3.016663319318120540e-02	3.516093934871908355e-02
3.067652681805041123e-02	3.595300147072303526e-02
3.119503895553308453e-02	3.676137027267455115e-02
3.172231528064078931e-02	3.758633901893480844e-02
3.225850393066707206e-02	3.842820510823524022e-02
3.280375554680643041e-02	3.928727010162058608e-02
3.335822331647670530e-02	4.016383974970066939e-02
3.392206301635675159e-02	4.105822401917987030e-02
3.449543305615163091e-02	4.197073711863243822e-02
3.507849452309746291e-02	4.290169752349114879e-02
3.567141122721874391e-02	4.385142800021661624e-02
3.627434974735024853e-02	4.482025562961298309e-02
3.688747947793717674e-02	4.580851182925704812e-02
3.751097267662616142e-02	4.681653237500543741e-02
3.814500451266075037e-02	4.784465742154521417e-02
3.878975311609485915e-02	4.889323152152465213e-02
3.944539962783806530e-02	4.996260364250899866e-02
4.011212825054691344e-02	5.105312719202351190e-02
4.079012630037611581e-02	5.216516002761494020e-02
4.147958425960481671e-02	5.329906446395036440e-02
4.218069583015218033e-02	5.445520730633203466e-02
4.289365798799760210e-02	5.563395985124527238e-02
4.361867103852071215e-02	5.683569788894873159e-02
4.435593867277683178e-02	5.806080174250283915e-02
4.510566802472350950e-02	5.930965623801318087e-02
4.586806972941463723e-02	6.058265075463022120e-02
4.664335798217766893e-02	6.188017919217889129e-02
4.743175059879158745e-02	6.320263999158953760e-02
4.823346907668181471e-02	6.455043615819927583e-02
4.904873865714945436e-02	6.592397522542711719e-02
4.987778838865244979e-02	6.732366927283954527e-02
5.072085119115625484e-02	6.874993494646566838e-02
5.157816392157245355e-02	7.020319340667766084e-02
5.244996744030298863e-02	7.168387037949708329e-02
5.333650667890960095e-02	7.319239610047441336e-02
5.423803070892688205e-02	7.472920533437182877e-02
5.515479281183843091e-02	7.629473735004148327e-02
5.608705055023580077e-02	7.788943593934220810e-02
5.703506584018021297e-02	7.951374935685687206e-02
5.799910502478755614e-02	8.116813032631903235e-02
5.897943894905668949e-02	8.285303604649285614e-02
5.997634303596301869e-02	8.456892812422366068e-02
6.099009736383805003e-02	8.631627257518259544e-02
6.202098674505685666e-02	8.809553982298297392e-02
6.306930080605555045e-02	8.990720462630426291e-02
6.413533406870128295e-02	9.175174607301056495e-02
6.521938603303781279e-02	9.362964757146299832e-02
6.632176126142910744e-02	9.554139677254339102e-02
6.744276946412586238e-02	9.748748555614589195e-02
6.858272558627788451e-02	9.946841001366263368e-02
6.974194989641739617e-02	1.014846703596042482e-01
7.092076807643786507e-02	1.035367709400809855e-01
7.211951131309368712e-02	1.056252201442685751e-01
7.333851639104646547e-02	1.077505303745542042e-01
7.457812578748428123e-02	1.099132180105953094e-01
7.583868776833958825e-02	1.121138033206499213e-01
7.712055648613416747e-02	1.143528104382794397e-01
7.842409207947753647e-02	1.166307672850471350e-01
7.974966077424722188e-02	1.189482055117050130e-01
8.109763498647923341e-02	1.213056604356690521e-01
8.246839342699753550e-02	1.237036709732820539e-01
8.386232120781254851e-02	1.261427795763186421e-01
8.527980995031705924e-02	1.286235321285106314e-01
8.672125789531190398e-02	1.311464779199981723e-01
8.818707001489085873e-02	1.337121695103501984e-01
8.967765812621682209e-02	1.363211627044582097e-01
9.119344100722104329e-02	1.389740164051338489e-01
9.273484451425793862e-02	1.416712925898906128e-01
9.430230170174896953e-02	1.444135561497033871e-01
9.589625294384790388e-02	1.472013748660947197e-01
9.751714605816352854e-02	1.500353192477543451e-01
9.916543643157306465e-02	1.529159624554811692e-01
1.008415871481621734e-01	1.558438802295692427e-01
1.025460691193275653e-01	1.588196507195913931e-01
1.042793612160791694e-01	1.618438544022436643e-01
1.060419504035768068e-01	1.649170740005542202e-01
1.078343318779438342e-01	1.680398942994002776e-01
1.096570092053898021e-01	1.712129020554203906e-01
1.115104944636879369e-01	1.744366859069906017e-01
1.133953083860418237e-01	1.777118361768292021e-01
1.153119805073836990e-01	1.810389447730316737e-01
1.172610493131479026e-01	1.844186050887779149e-01
1.192430623905555293e-01	1.878514117935059236e-01
1.212585765824598510e-01	1.913379607241225688e-01
1.233081581437884267e-01	1.948788487734275099e-01
1.253923829006330093e-01	1.984746736714360915e-01
1.275118364120260972e-01	2.021260338658451283e-01
1.296671141344518663e-01	2.058335283981448938e-01
1.318588215891403626e-01	2.095977566768341682e-01
1.340875745321854495e-01	2.134193183461979559e-01
1.363539991275424801e-01	2.172988131491546127e-01
1.386587321229457159e-01	2.212368406941486176e-01
1.410024210288032542e-01	2.252340003113324218e-01
1.433857243001131487e-01	2.292908909013820218e-01
1.458093115214542101e-01	2.334081106898841795e-01
1.482738635951064698e-01	2.375862571093710074e-01
1.507800729323471867e-01	2.418259265490720344e-01
1.533286436479847636e-01	2.461277142124849437e-01
1.559202917581761494e-01	2.504922138887180627e-01
1.585557453815923112e-01	2.549200177678074275e-01
1.612357449439809631e-01	2.594117162304694357e-01
1.639610433861866667e-01	2.639678976467216831e-01
1.667324063756906449e-01	2.685891481713967854e-01
1.695506125217208226e-01	2.732760515064617812e-01
1.724164535940033438e-01	2.780291887175670440e-01
1.753307347452060516e-01	2.828491379787037574e-01
1.782942747371474568e-01	2.877364743987753659e-01
1.813079061708234574e-01	2.926917697282491182e-01
1.843724757203275000e-01	2.977155922053930093e-01
1.874888443707211083e-01	3.028085062550799345e-01
1.906578876599247796e-01	3.079710722812973311e-01
1.938804959247014126e-01	3.132038464644466558e-01
1.971575745507916644e-01	3.185073804400715414e-01
2.004900442272835592e-01	3.238822211472489609e-01
2.038788412052750798e-01	3.293289104992048744e-01
2.073249175609150063e-01	3.348479851676113839e-01
2.108292414628857858e-01	3.404399763580372995e-01
2.143927974444073958e-01	3.461054095244124329e-01
2.180165866798430274e-01	3.518448040817762634e-01
2.217016272659736997e-01	3.576586732304108396e-01
2.254489545080342605e-01	3.635475236041483815e-01
2.292596212105766917e-01	3.695118550444238537e-01
2.331346979732569213e-01	3.755521603747123405e-01
2.370752734916163618e-01	3.816689250519668675e-01
2.410824548629473540e-01	3.878626269354265577e-01
2.451573678973335835e-01	3.941337360544859836e-01
2.493011574339402958e-01	4.004827142555603126e-01
2.535149876626587306e-01	4.069100149656637577e-01
2.578000424511790456e-01	4.134160829535780679e-01
2.621575256775992568e-01	4.200013539752581182e-01
2.665886615686511307e-01	4.266662545321683875e-01
2.710946950436425307e-01	4.334112016257700706e-01
2.756768920642191367e-01	4.402366024046318604e-01
2.803365399900296095e-01	4.471428539175940076e-01
2.850749479404112718e-01	4.541303428618407856e-01
2.898934471621800180e-01	4.611994452257029975e-01
2.947933914036459657e-01	4.683505260821005378e-01
2.997761572949446118e-01	4.755839392333973126e-01
3.048431447347966228e-01	4.829000269842944615e-01
3.099957772838110026e-01	4.902991198219493474e-01
3.152355025644269504e-01	4.977815361364952285e-01
3.205637926676255800e-01	5.053475819512502909e-01
3.259821445665060935e-01	5.129975506286525988e-01
3.314920805368620771e-01	5.207317225700335284e-01
3.370951485848599494e-01	5.285503649559446515e-01
3.427929228819465157e-01	5.364537314955427627e-01
3.485870042071142483e-01	5.444420620485628248e-01
3.544790203966314834e-01	5.525155824534137006e-01
3.604706268013856407e-01	5.606745041632864579e-01
3.665635067519453227e-01	5.689190240500482387e-01
3.727593720314937853e-01	5.772493240573933759e-01
3.790599633567491855e-01	5.856655709581516378e-01
3.854670508670132723e-01	5.941679161224121541e-01
3.919824346214941246e-01	6.027564951781414493e-01
3.986079451050231759e-01	6.114314277802276321e-01
4.053454437423328338e-01	6.201928173892946594e-01
4.121968234210137139e-01	6.290407509205091507e-01
4.191640090233237359e-01	6.379752985935779330e-01
4.262489579669776485e-01	6.469965136119842919e-01
4.334536607550772414e-01	6.561044318532516240e-01
4.407801415353455599e-01	6.652990718139299986e-01
4.482304586688004022e-01	6.745804341881819211e-01
4.558067053080539499e-01	6.839485017095491282e-01
4.635110099853732013e-01	6.934032388896036458e-01
4.713455372106929997e-01	7.029445918491320500e-01
4.793124880797287601e-01	7.125724880067105804e-01
4.874141008923670304e-01	7.222868359036495045e-01
4.956526517815184607e-01	7.320875250351127628e-01
5.040304553525852826e-01	7.419744255552832568e-01
5.125498653337533517e-01	7.519473881184404185e-01
5.212132752372591327e-01	7.620062437248243947e-01
5.300231190318516195e-01	7.721508034465669468e-01
5.389818718266018438e-01	7.823808582855691363e-01
5.480920505662881803e-01	7.926961790348092673e-01
5.573562147385243692e-01	8.030965160176001261e-01
5.667769670928383130e-01	8.135815990205572668e-01
5.763569543719186949e-01	8.241511370559185812e-01
5.860988680552025043e-01	8.348048182463014832e-01
5.960054451150506027e-01	8.455423097103802466e-01
6.060794687856858598e-01	8.563632573620306720e-01
6.163237693451454335e-01	8.672672858453208677e-01
6.267412249104387101e-01	8.782539983825706775e-01
6.373347622461452699e-01	8.893229766652228641e-01
6.481073575866924674e-01	9.004737807592023691e-01
6.590620374725127961e-01	9.117059490087957574e-01
6.702018796003550438e-01	9.230189979475542650e-01
6.815300136879469672e-01	9.344124222336681607e-01
6.930496223532930378e-01	9.458856945730190757e-01
7.047639420088206430e-01	9.574382656364165411e-01
7.166762637706404204e-01	9.690695640739769301e-01
7.287899343831883980e-01	9.807789963959662183e-01
7.411083571594764274e-01	9.925659470280596697e-01
7.536349929372584411e-01	1.004429778201799683e+00
7.663733610513340233e-01	1.016369830038502009e+00
7.793270403223097054e-01	1.028385420465350863e+00
7.924996700620573487e-01	1.040475845280069089e+00
8.058949510961670448e-01	1.052640378136494137e+00
8.195166468036988450e-01	1.064878270610175592e+00
8.333685841744831180e-01	1.077188752203442679e+00
8.474546548843202576e-01	1.089571030461017553e+00
8.617788163883257635e-01	1.102024290948226293e+00
8.763450930327818522e-01	1.114547697366630397e+00
8.911575771857650485e-01	1.127140391685182763e+00
9.062204303868837130e-01	1.139801494148169780e+00
9.215378845164673427e-01	1.152530103426091301e+00
9.371142429844909749e-01	1.165325296780551190e+00
9.529538819396250471e-01	1.178186130104752039e+00
9.690612514986907122e-01	1.191111638109183746e+00
9.854408769969253967e-01	1.204100834519703289e+00
1.002097360259361913e+00	1.217152712153219518e+00
1.019035380893695386e+00	1.230266243137581261e+00
1.036259697605026009e+00	1.243440379141948160e+00
1.053775149532790278e+00	1.256674051490284549e+00
1.071586657610325677e+00	1.269966171414507405e+00
1.089699225947380778e+00	1.283315630316044231e+00
1.108117943236025305e+00	1.296721299919556536e+00
1.126847984180302076e+00	1.310182032558080412e+00
1.145894610950043413e+00	1.323696661464693669e+00
1.165263174659284751e+00	1.337264000958186427e+00
1.184959116869630069e+00	1.350882846809539073e+00
1.204987971119068746e+00	1.364551976453383775e+00
1.225355364476592435e+00	1.378270149354477558e+00
1.246067019123127118e+00	1.392036107278974200e+00
1.267128753959161580e+00	1.405848574635969239e+00
1.288546486239548816e+00	1.419706258804955157e+00
1.310326233235965754e+00	1.433607850486952495e+00
1.332474113927433867e+00	1.447552024065984488e+00
1.354996350719455345e+00	1.461537437945445328e+00
1.377899271192165376e+00	1.475562734980865098e+00
1.401189309878072775e+00	1.489626542799197706e+00
1.424873010069821255e+00	1.503727474272468889e+00
1.448957025658507369e+00	1.517864127831326515e+00
1.473448123003098242e+00	1.532035088020927471e+00
1.498353182831403840e+00	1.546238925773623984e+00
1.523679202173229497e+00	1.560474198928592404e+00
1.549433296326152343e+00	1.574739452706927390e+00
1.575622700854574010e+00	1.589033220075839248e+00
1.602254773622528550e+00	1.603354022317227789e+00
1.629336996860851317e+00	1.617700369410677297e+00
1.656876979269319872e+00	1.632070760549561905e+00
1.684882458154278284e+00	1.646463684678474593e+00
1.713361301602444930e+00	1.660877620902751595e+00
1.742321510691409836e+00	1.675311039036121441e+00
1.771771221737550084e+00	1.689762400159582789e+00
1.801718708581883988e+00	1.704230157051229932e+00
1.832172384914617203e+00	1.718712754756758443e+00
1.863140806638941216e+00	1.733208631203564387e+00
1.894632674274788098e+00	1.747716217511342984e+00
1.926656835403250945e+00	1.762233938786751164e+00
1.959222287152264430e+00	1.776760214583284592e+00
1.992338178724363251e+00	1.791293459405368660e+00
2.026013813967100230e+00	1.805832083323666737e+00
2.060258653986974053e+00	1.820374492513252562e+00
2.095082319807497040e+00	1.834919089884236687e+00
2.130494595072189856e+00	1.849464275551264691e+00
2.166505428793310539e+00	1.864008447523139544e+00
2.203124938146971523e+00	1.878550002190965129e+00
2.240363411315581477e+00	1.893087334943246880e+00
2.278231310378250996e+00	1.907618840902487900e+00
2.316739274250128933e+00	1.922142915098983718e+00
2.355898121671370138e+00	1.936657953466708326e+00
2.395718854246625451e+00	1.951162353421910245e+00
2.436212659535957670e+00	1.965654514272176856e+00
2.477390914197924676e+00	1.980132837575506066e+00
2.519265187185870225e+00	1.994595728595054851e+00
2.561847242998160024e+00	2.009041595709553985e+00
2.605149044983431139e+00	2.023468852139801655e+00
2.649182758701655427e+00	2.037875915706160335e+00
2.693960755342017954e+00	2.052261209766210737e+00
2.739495615198612732e+00	2.066623164063570162e+00
2.785800131204812846e+00	2.080960214481444748e+00
2.832887312527463397e+00	2.095270804672262788e+00
2.880770388221738365e+00	2.109553385859815222e+00
2.929462810947857765e+00	2.123806417718602901e+00
2.978978260750571039e+00	2.138028369043981414e+00
3.029330648902521350e+00	2.152217718031734783e+00
3.080534121812634751e+00	2.166372953051800554e+00
3.132603065000477027e+00	2.180492573258188127e+00
3.185552107137887834e+00	2.194575088901854709e+00
3.239396124158830492e+00	2.208619022060367421e+00
3.294150243438799031e+00	2.222622907232503220e+00
3.349829848044809655e+00	2.236585291703245382e+00
3.406450581057223204e+00	2.250504736086771818e+00
3.464028349964686004e+00	2.264379814978415340e+00
3.522579331133254943e+00	2.278209117711212706e+00
3.582119974351172242e+00	2.291991247872354531e+00
3.642667007450346439e+00	2.305724825000159850e+00
3.704237441006055231e+00	2.319408484637016432e+00
3.766848573116013732e+00	2.333040878215952851e+00
3.830517994260218551e+00	2.346620674443590904e+00
3.895263592243014550e+00	2.360146559519316067e+00
3.961103557218577542e+00	2.373617236849651757e+00
4.028056386801467603e+00	2.387031428603760386e+00
4.096140891263432948e+00	2.400387875349745403e+00
4.165376198818180775e+00	2.413685336750656329e+00
4.235781760995385170e+00	2.426922592258206723e+00
4.307377358105535237e+00	2.440098440684364434e+00
4.380183104797232829e+00	2.453211701520727761e+00
4.454219455708298803e+00	2.466261214782995204e+00
4.529507211212534301e+00	2.479245841461987787e+00
4.606067523263474683e+00	2.492164463962608600e+00
4.683921901337057214e+00	2.505015986406004203e+00
4.763092218474635153e+00	2.517799334840677972e+00
4.843600717428146574e+00	2.530513457626867968e+00
4.925470016909234694e+00	2.543157325888917519e+00
5.008723117943856273e+00	2.555729933563806622e+00
5.093383410334457295e+00	2.568230297795642603e+00
5.179474679231212519e+00	2.580657459068287807e+00
5.267021111814501388e+00	2.593010481916935284e+00
5.356047304090164829e+00	2.605288454183222413e+00
5.446578267799784712e+00	2.617490488441536201e+00
5.538639437447652192e+00	2.629615720995297057e+00
5.632256677446509485e+00	2.641663313158428394e+00
5.727456289384188715e+00	2.653632450907687623e+00
5.824265019412900202e+00	2.665522344585114389e+00
5.922710065763608256e+00	2.677332229954260345e+00
6.022819086387228182e+00	2.689061367997971796e+00
6.124620206725158056e+00	2.700709044365872558e+00
6.228142027611035303e+00	2.712274570481495228e+00
6.333413633306047785e+00	2.723757283295331177e+00
6.440464599670190360e+00	2.735156544702370240e+00
6.549325002471445778e+00	2.746471742575339992e+00
6.660025425835619295e+00	2.757702290422647362e+00
6.772596970838784536e+00	2.768847626902780856e+00
6.887071264245168578e+00	2.779907216727545816e+00
7.003480467392588338e+00	2.790880550224941192e+00
7.121857285228077927e+00	2.801767142888722084e+00
7.242234975496383065e+00	2.812566536282540941e+00
7.364647358083541206e+00	2.823278297423793770e+00
7.489128824518638261e+00	2.833902018364766739e+00
7.615714347635920589e+00	2.844437317116978114e+00
7.744439491400456177e+00	2.854883836867469604e+00
7.875340420899716420e+00	2.865241245669650993e+00
8.008453912504041483e+00	2.875509237044271416e+00
8.143817364199005482e+00	2.885687529737293922e+00
8.281468806092183499e+00	2.895775866574489488e+00
8.421446911097760335e+00	2.905774015823987533e+00
8.563791005801492773e+00	2.915681769732551221e+00
8.708541081509549642e+00	2.925498945437497333e+00
8.855737805483945735e+00	2.935225383834012991e+00
9.005422532367880706e+00	2.944860949984348331e+00
9.157637315804374012e+00	2.954405532644454269e+00
9.312424920251002547e+00	2.963859044238676521e+00
9.469828832994659606e+00	2.973221420470119281e+00
9.629893276369060118e+00	2.982492619799748113e+00
9.792663220179065320e+00	2.991672624162158289e+00
9.958184394334800515e+00	3.000761437402225784e+00
1.012650330169933710e+01	3.009759086168740438e+00
1.029766723115371541e+01	3.018665618645069326e+00
1.047172427088250757e+01	3.027481105202878719e+00
1.064872332188427428e+01	3.036205637142145086e+00
1.082871411171002762e+01	3.044839327307569565e+00
1.101174720843425447e+01	3.053382309108968240e+00
1.119787403486185262e+01	3.061834736385522060e+00
1.138714688297520183e+01	3.070196783438901900e+00
1.157961892862566167e+01	3.078468643692439777e+00
1.177534424647303979e+01	3.086650530766843037e+00
1.197437782517795135e+01	3.094742677140688514e+00
1.217677558285059547e+01	3.102745333612185075e+00
1.238259438276100788e+01	3.110658769927010514e+00
1.259189204931461603e+01	3.118483273723170690e+00
1.280472738429782709e+01	3.126219149817430765e+00
1.302116018339845027e+01	3.133866720832097830e+00
1.324125125300498418e+01	3.141426326225539967e+00
1.346506242729025793e+01	3.148898321219972374e+00
1.369265658558342480e+01	3.156283078086056904e+00
1.392409767003596599e+01	3.163580984284609876e+00
1.415945070358605307e+01	3.170792442620914642e+00
1.439878180822651998e+01	3.177917870764020769e+00
1.464215822358192653e+01	3.184957701008063413e+00
1.488964832579915942e+01	3.191912379646372422e+00
1.514132164675782732e+01	3.198782366594268733e+00
1.539724889360486770e+01	3.205568135193290757e+00
1.565750196861980470e+01	3.212270171545549502e+00
1.592215398941546312e+01	3.218888974113208068e+00
1.619127930948012661e+01	3.225425053841664891e+00
1.646495353906724546e+01	3.231878932585009245e+00
1.674325356643772622e+01	3.238251144051154107e+00
1.702625757946180585e+01	3.244542232425946526e+00
1.731404508758553007e+01	3.250752752605929441e+00
1.760669694416904463e+01	3.256883269038956641e+00
1.790429536920192888e+01	3.262934356220836829e+00
1.820692397240297211e+01	3.268906597697752936e+00
1.851466777671009822e+01	3.274800585612277715e+00
1.882761324216724574e+01	3.280616920541713277e+00
1.914584829021545431e+01	3.286356211555253370e+00
1.946946232839389879e+01	3.292019074785720090e+00
1.979854627545908841e+01	3.297606133493187652e+00
2.013319258692800773e+01	3.303118018414006762e+00
2.047349528105359084e+01	3.308555365978292251e+00
2.081954996523887758e+01	3.313918819300341490e+00
2.117145386289756814e+01	3.319209026814887498e+00
2.152930584076909071e+01	3.324426642338085269e+00
2.189320643669466548e+01	3.329572324898927516e+00
2.226325788786357052e+01	3.334646737619787249e+00
2.263956415953613899e+01	3.339650548352748771e+00
2.302223097425292053e+01	3.344584428563658118e+00
2.341136584153708355e+01	3.349449053282016919e+00
2.380707808809889059e+01	3.354245100863106899e+00
2.420947888855114627e+01	3.358973252378106178e+00
2.461868129664312121e+01	3.363634191457144595e+00
2.503480027702318367e+01	3.368228604045321539e+00
2.545795273753748944e+01	3.372757177842966581e+00
2.588825756207539186e+01	3.377220602149294315e+00
2.632583564396948717e+01	3.381619567471391807e+00
2.677080991996021808e+01	3.385954765852281501e+00
2.722330540473507554e+01	3.390226888971576535e+00
2.768344922605082559e+01	3.394436629639821401e+00
2.815137066045024739e+01	3.398584680835369465e+00
2.862720116958168148e+01	3.402671734802041215e+00
2.911107443713334675e+01	3.406698483811260836e+00
2.960312640639132908e+01	3.410665619493937317e+00
3.010349531843243653e+01	3.414573832071734927e+00
3.061232175096317221e+01	3.418423810961623843e+00
3.112974865781429301e+01	3.422216244235855687e+00
3.165592140910392160e+01	3.425951817764642637e+00
3.219098783207849834e+01	3.429631216183992581e+00
3.273509825264502382e+01	3.433255121527044817e+00
3.328840553760464616e+01	3.436824213600837563e+00
3.385106513760008085e+01	3.440339169977951084e+00
3.442323513078967778e+01	3.443800665020939178e+00
3.500507626725861599e+01	3.447209370472371415e+00
3.559675201418191648e+01	3.450565955001009932e+00
3.619842860174963306e+01	3.453871083775735595e+00
3.681027506986945497e+01	3.457125418652466919e+00
3.743246331565791252e+01	3.460329617832297533e+00
3.806516814173434682e+01	3.463484335684829496e+00
3.870856730533186152e+01	3.466590222487156758e+00
3.936284156823732872e+01	3.469647924945811202e+00
4.002817474757663518e+01	3.472658084888303076e+00
4.070475376745718421e+01	3.475621340174305463e+00
4.139276871148439341e+01	3.478538323990535197e+00
4.209241287616510618e+01	3.481409665225139172e+00
4.280388282521361276e+01	3.484235987524643807e+00
4.352737844477648110e+01	3.487017910263671361e+00
4.426310299958944938e+01	3.489756047213159906e+00
4.501126319008503884e+01	3.492451007743233582e+00
4.577206921046389709e+01	3.495103395947116720e+00
4.654573480774909910e+01	3.497713810284936553e+00
4.733247734183772337e+01	3.500282844356125356e+00
4.813251784656739574e+01	3.502811086435277055e+00
4.894608109181602629e+01	3.505299118868218322e+00
4.977339564664967497e+01	3.507747518904735351e+00
5.061469394353941453e+01	3.510156858304280814e+00
5.147021234366199849e+01	3.512527702718660105e+00
5.234019120330587782e+01	3.514860612549318031e+00
5.322487494139806330e+01	3.517156142506245420e+00
5.412451210817385316e+01	3.519414841105676484e+00
5.503935545500626603e+01	3.521637251491142706e+00
5.596966200541572789e+01	3.523823910978154839e+00
5.691569312728113772e+01	3.525975350559550581e+00
5.787771460626974118e+01	3.528092095882599200e+00
5.885599672051007758e+01	3.530174666619599666e+00
5.985081431652515249e+01	3.532223575999663634e+00
6.086244688645088985e+01	3.534239332027313107e+00
6.189117864655855783e+01	3.536222436517554080e+00
6.293729861710444595e+01	3.538173385008316352e+00
6.400110070353041181e+01	3.540092667490779110e+00
6.508288377903505761e+01	3.541980768241658861e+00
6.618295176854263673e+01	3.543838164790149126e+00
6.730161373408913050e+01	3.545665329542555977e+00
6.843918396165355489e+01	3.547462728399026766e+00
6.959598204945567090e+01	3.549230821898770927e+00
7.077233299774606223e+01	3.550970064233020196e+00
7.196856730011528214e+01	3.552680904001136231e+00
7.318502103634435230e+01	3.554363783932445564e+00
7.442203596682681166e+01	3.556019140837066939e+00
7.567995962858455528e+01	3.557647405768119331e+00
7.695914543290872700e+01	3.559249004038675945e+00
7.825995276464949768e+01	3.560824355307389943e+00
7.958274708318410262e+01	3.562373873264914614e+00
8.092790002509306646e+01	3.563897966347854940e+00
8.229578950856954123e+01	3.565397036906705619e+00
8.368679983959597735e+01	3.566871482168246121e+00
8.510132181991289713e+01	3.568321693299698172e+00
8.653975285681501362e+01	3.569748056423546423e+00
8.800249707480163863e+01	3.571150951962683617e+00
8.948996542911412178e+01	3.572530754864553959e+00
9.100257582119419908e+01	3.573887835067407703e+00
9.254075321609118987e+01	3.575222556360202475e+00
9.410492976185659586e+01	3.576535278210460245e+00
9.569554491095378523e+01	3.577826354469845871e+00
9.731304554372266580e+01	3.579096133324857210e+00
9.895788609392928947e+01	3.580344958661854982e+00
1.006305286764376348e+02	3.581573168850166411e+00
1.023314432170412118e+02	3.582781096881618055e+00
1.040611075844862796e+02	3.583969071445128218e+00
1.058200077247298054e+02	3.585137416176085612e+00
1.076086377974633734e+02	3.586286448905742219e+00
1.094275003149479204e+02	3.587416484022230012e+00
1.112771062831930067e+02	3.588527830347400194e+00
1.131579753455222743e+02	3.589620792120844950e+00
1.150706359285678531e+02	3.590695668880163449e+00
1.170156253907290136e+02	3.591752736674673763e+00
1.189934901731438543e+02	3.592792343010337675e+00
1.210047859532090087e+02	3.593814716698702227e+00
1.230500778006978635e+02	3.594820158374392616e+00
1.251299403365151335e+02	3.595808945110420041e+00
1.272449578941347568e+02	3.596781349639790459e+00
1.293957246837690604e+02	3.597737640757046940e+00
1.315828449593089147e+02	3.598678082527843269e+00
1.338069331880899426e+02	3.599602935141197335e+00
1.360686142235236389e+02	3.600512454706227050e+00
1.383685234806508220e+02	3.601406893284996080e+00
1.407073071146594430e+02	3.602286498611780186e+00
1.430856222024197280e+02	3.603151514959069157e+00
1.455041369270908831e+02	3.604002182535311238e+00
1.479635307658433305e+02	3.604838737617177102e+00
1.504644946807591168e+02	3.605661412714626479e+00
1.530077313129538652e+02	3.606470436805398361e+00
1.555939551799847322e+02	3.607266035068942500e+00
1.582238928765917478e+02	3.608048428632366633e+00
1.608982832788323662e+02	3.608817836040493443e+00
1.636178777516695106e+02	3.609574471277839702e+00
1.663834403600635596e+02	3.610318545665899492e+00
1.691957480836375396e+02	3.611050266657966024e+00
1.720555910349655733e+02	3.611769838423218637e+00
1.749637726815560939e+02	3.612477462062821942e+00
1.779211100715817793e+02	3.613173334937680892e+00
1.809284340634302453e+02	3.613857651528424419e+00
1.839865895591310334e+02	3.614530603480278437e+00
1.870964357417281576e+02	3.615192378423758512e+00
1.902588463166685528e+02	3.615843161697766206e+00
1.934747097572649466e+02	3.616483135290070816e+00
1.967449295543138987e+02	3.617112478239972173e+00
2.000704244699266781e+02	3.617731366770978063e+00
2.034521287956564777e+02	3.618339974093499833e+00
2.068909926149848104e+02	3.618938470588410006e+00
2.103879820702443340e+02	3.619527023832679546e+00
2.139440796340576298e+02	3.620105799032582006e+00
2.175602843853577042e+02	3.620674957926133253e+00
2.212376122900808468e+02	3.621234660141327222e+00
2.249770964865966505e+02	3.621785062748339890e+00
2.287797875759696069e+02	3.622326319731827393e+00
2.326467539171220835e+02	3.622858582965187590e+00
2.365790819269863619e+02	3.623382001848764578e+00
2.405778763857347258e+02	3.623896722893736211e+00
2.446442607471615247e+02	3.624402890582119952e+00
2.487793774543193308e+02	3.624900647053788560e+00
2.529843882604822340e+02	3.625390131677549199e+00
2.572604745555416912e+02	3.625871481958243603e+00
2.616088376979143391e+02	3.626344832897037129e+00
2.660306993520598553e+02	3.626810317276976114e+00
2.705273018317088258e+02	3.627268065911645856e+00
2.750999084488843778e+02	3.627718206982089022e+00
2.797498038688314637e+02	3.628160867156572600e+00
2.844782944709368735e+02	3.628596170477375260e+00
2.892867087157579817e+02	3.629024239161988685e+00
2.941763975182495869e+02	3.629445193422481619e+00
2.991487346272989498e+02	3.629859151460623323e+00
3.042051170116823755e+02	3.630266229499850006e+00
3.093469652525361084e+02	3.630666541679366865e+00
3.145757239424706313e+02	3.631060200699716134e+00
3.198928620914214775e+02	3.631447316749285559e+00
3.252998735393691732e+02	3.631827998962476656e+00
3.307982773760288637e+02	3.632202353822483243e+00
3.363896183676337728e+02	3.632570486781134811e+00
3.420754673909387975e+02	3.632932500970035505e+00
3.478574218745504822e+02	3.633288498375914166e+00
3.537371062477265582e+02	3.633638578490692161e+00
3.597161723967509488e+02	3.633982840016083848e+00
3.657963001290331135e+02	3.634321379713318034e+00
3.719791976450445077e+02	3.634654292366009898e+00
3.782666020182322768e+02	3.634981671636545730e+00
3.846602796830517832e+02	3.635303609634381594e+00
3.911620269312371079e+02	3.635620196505681800e+00
3.977736704164719868e+02	3.635931521296240643e+00
4.044970676675784489e+02	3.636237671621236345e+00
4.113341076103915839e+02	3.636538733195343820e+00
4.182867110984475403e+02	3.636834790723899591e+00
4.253568314526407903e+02	3.637125927516445145e+00
4.325464550100122665e+02	3.637412225068016092e+00
4.398576016817999061e+02	3.637693763966155736e+00
4.472923255209361173e+02	3.637970623449411800e+00
4.548527152991227354e+02	3.638242880902278209e+00
4.625408950936740666e+02	3.638510613124541049e+00
4.703590248842695019e+02	3.638773895424659788e+00
4.783093011597930513e+02	3.639032801283676122e+00
4.863939575354394265e+02	3.639287403845876234e+00
4.946152653802362238e+02	3.639537774672465531e+00
5.029755344551887219e+02	3.639783983747434171e+00
5.114771135621948588e+02	3.640026100501128514e+00
5.201223912039447441e+02	3.640264193019802974e+00
5.289137962549582426e+02	3.640498327957043756e+00
5.378537986439790757e+02	3.640728571336034669e+00
5.469449100478946093e+02	3.640954987519916308e+00
5.561896845973827794e+02	3.641177640480220301e+00
5.655907195944980685e+02	3.641396592566118695e+00
5.751506562423700188e+02	3.641611905244131364e+00
5.848721803872531382e+02	3.641823639148484393e+00
5.947580232731010028e+02	3.642031853695495869e+00
6.048109623089127354e+02	3.642236607360055611e+00
6.150338218490370537e+02	3.642437957688315908e+00
6.254294739866654709e+02	3.642635961325603411e+00
6.360008393607505468e+02	3.642830673718278511e+00
6.467508879765434813e+02	3.643022149792370712e+00
6.576826400400219654e+02	3.643210443121437603e+00
6.687991668064009900e+02	3.643395606855497793e+00
6.801035914430051434e+02	3.643577692694056847e+00
6.915990899067132887e+02	3.643756751947445416e+00
7.032888918362326649e+02	3.643932835203124831e+00
7.151762814594706015e+02	3.644105991483004292e+00
7.272645985162197348e+02	3.644276269920837308e+00
7.395572391964639110e+02	3.644443717586638876e+00
7.520576570945196409e+02	3.644608382189008733e+00
7.647693641793268853e+02	3.644770309984294077e+00
7.776959317811260917e+02	3.644929546005895027e+00
7.908409915948119533e+02	3.645086135359798529e+00
8.042082367002620913e+02	3.645240122142221484e+00
8.178014225998882694e+02	3.645391549112180218e+00
8.316243682737505196e+02	3.645540459228974850e+00
8.456809572524798568e+02	3.645686894255842692e+00
8.599751387083596228e+02	3.645830895305849140e+00
8.745109285648341029e+02	3.645972502783368263e+00
8.892924106247685359e+02	3.646111756542298465e+00
9.043237377177986218e+02	3.646248695696741038e+00
9.196091328670457870e+02	3.646383358650454820e+00
9.351528904755820122e+02	3.646515783152594725e+00
9.509593775329200298e+02	3.646646006892188652e+00
9.670330348419231541e+02	3.646774065887068428e+00
9.833783782664356750e+02	3.646899996377956477e+00
1.000000000000000000e+03	3.647023833691088512e+00
