# Data associated with arXiv:2110.09653
# 
# Scale-free velocity distribution, f(E), of a burkert dark matter distribution (see Eq. 13 and the surrounding discussion)
# 
# Published: 3/29/22, Jack Runburg, contact: runburg@hawaii.edu
# 
# 
# -----------------------------------------------------------------
# 
# 	 tilde E 		 | 		 tilde f
# 
# -----------------------------------------------------------------
1.666658333283333917e-11	2.601259695111643314e+09
1.723475964499308319e-11	2.527476833781087399e+09
1.782230548784346861e-11	2.452898215869919777e+09
1.842988118101603420e-11	2.377878109655968666e+09
1.905816955479150015e-11	2.303676960931600571e+09
1.970787671749571445e-11	2.228813143137249947e+09
2.037973284905748996e-11	2.155336134142529488e+09
2.107449302161766123e-11	2.084281472140959978e+09
2.179293804811395825e-11	2.015569225622691631e+09
2.253587535979354303e-11	1.949122216603316307e+09
2.330413991363986099e-11	1.884865760589929581e+09
2.409859513073476437e-11	1.822727636507837534e+09
2.492013386660801699e-11	1.762638019957154274e+09
2.576967941466764192e-11	1.704529372558833599e+09
2.664818654383563823e-11	1.648336383150747776e+09
2.755664257155826088e-11	1.593995900045220613e+09
2.849606847339427249e-11	1.541446865105479717e+09
2.946752003042891081e-11	1.490630206553924799e+09
3.047208901580445841e-11	1.441488806526595354e+09
3.151090442169773736e-11	1.393967463033724070e+09
3.258513372812727449e-11	1.348012746025780439e+09
3.369598421501196373e-11	1.303572997864266872e+09
3.484470431895961053e-11	1.260598302531960964e+09
3.603258503630709288e-11	1.219040357376490116e+09
3.726096137398986301e-11	1.178852446623121262e+09
3.853121384987295301e-11	1.139989403640934229e+09
3.984477004422582746e-11	1.102407551368310928e+09
4.120310620408916770e-11	1.066064661966868401e+09
4.260774890233182684e-11	1.030919882877743006e+09
4.406027675326736411e-11	9.969337113775111437e+08
4.556232218675270101e-11	9.640679634247627258e+08
4.711557328276825914e-11	9.322856986345045567e+08
4.872177566853668126e-11	9.015511981778100729e+08
5.038273448031364093e-11	8.718299186001799107e+08
5.210031639205780094e-11	8.430884544304529428e+08
5.387645171325429874e-11	8.152945115982373953e+08
5.571313655825585408e-11	7.884168480813596249e+08
5.761243508957242754e-11	7.624252522970186472e+08
5.957648183763739726e-11	7.372905203126573563e+08
6.160748409965118775e-11	7.129844037267009020e+08
6.370772442020065246e-11	6.894795815515943766e+08
6.587956315644427763e-11	6.667496443575092554e+08
6.812544113073943712e-11	6.447690416379731894e+08
7.044788237370096078e-11	6.235130586453229189e+08
7.284949696076476813e-11	6.029578396253445148e+08
7.533298394545279291e-11	5.830802524528332949e+08
7.790113439262855998e-11	5.638579653383680582e+08
8.055683451515472020e-11	5.452693786959518194e+08
8.330306891748058509e-11	5.272936013515843153e+08
8.614292394979694221e-11	5.099104296942276359e+08
8.907959117653711319e-11	4.931003256844549775e+08
9.211637096311168003e-11	4.768443952380913496e+08
9.525667618491772166e-11	4.611243731164287925e+08
9.850403606278240033e-11	4.459225942878128290e+08
1.018621001291534685e-10	4.312219692510926723e+08
1.053346423294988319e-10	4.170059753536291122e+08
1.089255652635131161e-10	4.032586391967756152e+08
1.126389045709105968e-10	3.899645107324479818e+08
1.164788334667192249e-10	3.771086463690387011e+08
1.204496674311856560e-10	3.646765999487028718e+08
1.245558690595504584e-10	3.526543999872778058e+08
1.288020530771478268e-10	3.410285328515958190e+08
1.331929915254700599e-10	3.297859346693962216e+08
1.377336191250126081e-10	3.189139699486218691e+08
1.424290388209415188e-10	3.084004187544742227e+08
1.472845275177982518e-10	2.982334664316873550e+08
1.523055420097028420e-10	2.884016872486913204e+08
1.574977251127059409e-10	2.788940304668036699e+08
1.628669120061849877e-10	2.696998102589973211e+08
1.684191367904184222e-10	2.608086946969495416e+08
1.741606392676893302e-10	2.522106913190516829e+08
1.800978719545600123e-10	2.438961366015877724e+08
1.862375073331744794e-10	2.358556870955486298e+08
1.925864453497596609e-10	2.280803054722834229e+08
1.991518211687332802e-10	2.205612531441031992e+08
2.059410131911379151e-10	2.132900807563689649e+08
2.129616513464209759e-10	2.062586153879553676e+08
2.202216256668570778e-10	1.994589547074813247e+08
2.277290951542727509e-10	1.928834577273727953e+08
2.354924969490110550e-10	1.865247338287862539e+08
2.435205558114652085e-10	1.803756367054245472e+08
2.518222939268133943e-10	1.744292556885313392e+08
2.604070410439803919e-10	1.686789077680709660e+08
2.692844449602296990e-10	1.631181308807449937e+08
2.784644823631420887e-10	1.577406750012289584e+08
2.879574700421947480e-10	1.525404962239996493e+08
2.977740764825053051e-10	1.475117505275715292e+08
3.079253338538022871e-10	1.426487869655475020e+08
3.184226504080650392e-10	1.379461399808414578e+08
3.292778232997747157e-10	1.333985235831999928e+08
3.405030518431949816e-10	1.290008272147145569e+08
3.521109512215468587e-10	1.247481090799293518e+08
3.641145666635218516e-10	1.206355895525910109e+08
3.765273881030202873e-10	1.166586465786282271e+08
3.893633653386290124e-10	1.128128104365570247e+08
4.026369237098376297e-10	1.090937588467006385e+08
4.163629803076199769e-10	1.054973126668568105e+08
4.305569607376134057e-10	1.020194298095066845e+08
4.452348164546882692e-10	9.865620112471395731e+07
4.604130426884396776e-10	9.540384721953910589e+07
4.761086969796842262e-10	9.225871291947023571e+07
4.923394183488462493e-10	8.921726344265732169e+07
5.091234471177261298e-10	8.627608084557764232e+07
5.264796454069378057e-10	8.343185942198897898e+07
5.444275183320689453e-10	8.068140257704450190e+07
5.629872359223279148e-10	7.802161926163291931e+07
5.821796557863671730e-10	7.544952033443738520e+07
6.020263465506852935e-10	7.296221517527006567e+07
6.225496120970063596e-10	7.055690831653311849e+07
6.437725166258146807e-10	6.823089651253899932e+07
6.657189105742267718e-10	6.598156558296667039e+07
6.884134574173473375e-10	6.380638776638648659e+07
7.118816613831555631e-10	6.170291840266216546e+07
7.361498961121427144e-10	5.966879340025217086e+07
7.612454342938172635e-10	5.770172693636756390e+07
7.871964783134554166e-10	5.579950809771665186e+07
8.140321919434645358e-10	5.395999901475577801e+07
8.417827331149879871e-10	5.218113250070798397e+07
8.704792878066052031e-10	5.046090931255561858e+07
9.001541050881222641e-10	4.879739615897276253e+07
9.308405333589237796e-10	4.718872347159167379e+07
9.625730578214907129e-10	4.563308337030032277e+07
9.953873392322961060e-10	4.412872756951121241e+07
1.029320253973524609e-09	4.267396529898079485e+07
1.064409935490665205e-09	4.126716161368514597e+07
1.100695817142580804e-09	3.990673553369813412e+07
1.138218676512082868e-09	3.859115819565335661e+07
1.177020681226931840e-09	3.731895045348779857e+07
1.217145436342592212e-09	3.608868414629894495e+07
1.258638033340119146e-09	3.489897501582872868e+07
1.301545100794106217e-09	3.374848657230740041e+07
1.345914856767657026e-09	3.263592588335105032e+07
1.391797162993298688e-09	3.156004204225458950e+07
1.439243580900573979e-09	3.051962732370928675e+07
1.488307429553415041e-09	2.951351111325282976e+07
1.539043845562210630e-09	2.854056309715827554e+07
1.591509845038056977e-09	2.759968985042101890e+07
1.645764387658591683e-09	2.668983396617829800e+07
1.701868442917583187e-09	2.580997289974829927e+07
1.759885058632510519e-09	2.495911783986987919e+07
1.819879431787223461e-09	2.413631252445109561e+07
1.881918981789221915e-09	2.334063223556462303e+07
1.946073426223781805e-09	2.257118277625728026e+07
2.012414859190177173e-09	2.182709941797210649e+07
2.081017832307803269e-09	2.110754589182727784e+07
2.151959438483355732e-09	2.041171351800779253e+07
2.225319398533066878e-09	1.973882030403028429e+07
2.301180150757333642e-09	1.908811004127621278e+07
2.379626943568373202e-09	1.845885141189023852e+07
2.460747931274853126e-09	1.785033722766837478e+07
2.544634273131277244e-09	1.726188360285919905e+07
2.631380235763148539e-09	1.669282921021675132e+07
2.721083299083145661e-09	1.614253453500397876e+07
2.813844265817184289e-09	1.561038110516189039e+07
2.909767374763401492e-09	1.509577087241601758e+07
3.008960417911311597e-09	1.459812552663728409e+07
3.111534861552568426e-09	1.411688577153833769e+07
3.217605971519567651e-09	1.365151074427145161e+07
3.327292942692301524e-09	1.320147745053639449e+07
3.440719032919121318e-09	1.276628014456583560e+07
3.558011701501722749e-09	1.234542972600224242e+07
3.679302752399895751e-09	1.193845321609337814e+07
3.804728482316948409e-09	1.154489323667365871e+07
3.934429833831924007e-09	1.116430749692366086e+07
4.068552553750931927e-09	1.079626827930625714e+07
4.207247356854988329e-09	1.044036196376210265e+07
4.350670095228743915e-09	1.009618856901787966e+07
4.498981933359810597e-09	9.763361305426353589e+06
4.652349529205674321e-09	9.441506123213469982e+06
4.810945221431384376e-09	9.130261310544764623e+06
4.974947223028185069e-09	8.829277077265942469e+06
5.144539821530870733e-09	8.538215158617254347e+06
5.319913586058165661e-09	8.256748500687173568e+06
5.501265581409264017e-09	7.984560718042506836e+06
5.688799589456325280e-09	7.721345937993056141e+06
5.882726338081968589e-09	7.466808351859463379e+06
6.083263737918748701e-09	7.220661906056756154e+06
6.290637127156143477e-09	6.982629972486458719e+06
6.505079524690566924e-09	6.752445040626933798e+06
6.726831891901852802e-09	6.529848428081821650e+06
6.956143403350997768e-09	6.314589968959555030e+06
7.193271726702316658e-09	6.106427746218051761e+06
7.438483312184909288e-09	5.905127825071386062e+06
7.692053691918112130e-09	5.710463979762504809e+06
7.954267789437114299e-09	5.522217440120183863e+06
8.225420239766333212e-09	5.340176655598668382e+06
8.505815720399573585e-09	5.164137040041705593e+06
8.795769293559196934e-09	4.993900748884413391e+06
9.095606760117812261e-09	4.829276474202771671e+06
9.405665025580379194e-09	4.670079211045526899e+06
9.726292478537355881e-09	4.516130045977856964e+06
1.005784938201374648e-08	4.367255963281651959e+06
1.040070827815363025e-08	4.223289659552562982e+06
1.075525440669384766e-08	4.084069344089948572e+06
1.112188613769760533e-08	3.949438556243498344e+06
1.150101541903267465e-08	3.819245996607939713e+06
1.189306823909730501e-08	3.693345351046671625e+06
1.229848510531287135e-08	3.571595131792779546e+06
1.271772153892036059e-08	3.453858515615415759e+06
1.315124858663645675e-08	3.340003186017895583e+06
1.359955334974266916e-08	3.229901189870758448e+06
1.406313953120266361e-08	3.123428795388760045e+06
1.454252800142042629e-08	3.020466348019312136e+06
1.503825738327540532e-08	2.920898137601613533e+06
1.555088465709053783e-08	2.824612267281629611e+06
1.608098578621242349e-08	2.731500530721696559e+06
1.662915636390577853e-08	2.641458288650843315e+06
1.719601228228752153e-08	2.554384350660596509e+06
1.778219042405250754e-08	2.470180862807853613e+06
1.838834937776545907e-08	2.388753197643740568e+06
1.901517017752323945e-08	2.310009845596221741e+06
1.966335706781660776e-08	2.233862314844822045e+06
2.033363829445000932e-08	2.160225031659188680e+06
2.102676692240706260e-08	2.089015241933460580e+06
2.174352168157859917e-08	2.020152920658761170e+06
2.248470784130377364e-08	1.953560680571177509e+06
2.325115811470341000e-08	1.889163684857808985e+06
2.404373359382207045e-08	1.826889565695201280e+06
2.486332471662676538e-08	1.766668339628337184e+06
2.571085226694776058e-08	1.708432329762017122e+06
2.658726840848331419e-08	1.652116092765165493e+06
2.749355775402736542e-08	1.597656339521939633e+06
2.843073847112159218e-08	1.544991869655952789e+06
2.939986342536959102e-08	1.494063499388697091e+06
3.040202136269781389e-08	1.444813995962936198e+06
3.143833813188810072e-08	1.397188014426501933e+06
3.250997794875346531e-08	1.351132033204002073e+06
3.361814470337545456e-08	1.306594295580817387e+06
3.476408331186761441e-08	1.263524751104526455e+06
3.594908111418410689e-08	1.221874998633458978e+06
3.717446931953738230e-08	1.181598234032947337e+06
3.844162450104899287e-08	1.142649195380023215e+06
3.975197014130782114e-08	1.104984112301081186e+06
4.110697823056964581e-08	1.068560657944756327e+06
4.250817091939023431e-08	1.033337901464293012e+06
4.395712222754329829e-08	9.992762603989187628e+05
4.545545981114335043e-08	9.663374571884848410e+05
4.700486678994908084e-08	9.344844765660610283e+05
4.860708363690198952e-08	9.036815236808996415e+05
5.026391013201337740e-08	8.738939832861385075e+05
5.197720738279355743e-08	8.450883814778180094e+05
5.374889991348721290e-08	8.172323478212913033e+05
5.558097782545487803e-08	7.902945788987249834e+05
5.747549903112676053e-08	7.642448034259846900e+05
5.943459156402650214e-08	7.390537479129486019e+05
6.146045596746072198e-08	7.146931041555666598e+05
6.355536776454532878e-08	6.911354972010931233e+05
6.572168001234094087e-08	6.683544540226095123e+05
6.796182594295876396e-08	6.463243756446084008e+05
7.027832169459343571e-08	6.250205030689047417e+05
7.267376913554957275e-08	6.044188995875028195e+05
7.515085878441758194e-08	5.844964132885977160e+05
7.771237282968007520e-08	5.652306567288906081e+05
8.036118825212279231e-08	5.465999722863372881e+05
8.310028005355497454e-08	5.285834483867191011e+05
8.593272459545264489e-08	5.111608152573440457e+05
8.886170305126505433e-08	4.943125028686234728e+05
9.189050497625313002e-08	4.780195782682960853e+05
9.502253199885368614e-08	4.622637329047697131e+05
9.826130163771128232e-08	4.470272617568271235e+05
1.016104512486437848e-07	4.322930434232910629e+05
1.050737421059680525e-07	4.180445208601115155e+05
1.086550636227533858e-07	4.042656832094494603e+05
1.123584377147278068e-07	3.909410466731572524e+05
1.161880233127254627e-07	3.780556387388988514e+05
1.201481210287217363e-07	3.655949788138477015e+05
1.242431779806893098e-07	3.535450684221728588e+05
1.284777927816641397e-07	3.418923636872483185e+05
1.328567206986161517e-07	3.306237717902856530e+05
1.373848789868926881e-07	3.197266303652235656e+05
1.420673524062072798e-07	3.091886946274812217e+05
1.469093989243474644e-07	2.989981231345020351e+05
1.519164556149787469e-07	2.891434650446381420e+05
1.570941447561554804e-07	2.796136469823331572e+05
1.624482801363473797e-07	2.703979606493017054e+05
1.679848735750488623e-07	2.614860506048808747e+05
1.737101416652590087e-07	2.528679029008627112e+05
1.796305127453770612e-07	2.445338336960689921e+05
1.857526341083091814e-07	2.364744783474087308e+05
1.920833794558539534e-07	2.286807809768308944e+05
1.986298566066947133e-07	2.211439838511833223e+05
2.053994154666280105e-07	2.138556195138753683e+05
2.123996562699318961e-07	2.068074971794405719e+05
2.196384381010930895e-07	1.999916977607475419e+05
2.271238877064158991e-07	1.934005628366123128e+05
2.348644086053661117e-07	1.870266864342332992e+05
2.428686905118338623e-07	1.808629066638592631e+05
2.511457190758385697e-07	1.749022978810967179e+05
2.597047859565732294e-07	1.691381625573319034e+05
2.685554992380336706e-07	1.635640240718859422e+05
2.777077941988762502e-07	1.581736193442020740e+05
2.871719444485337580e-07	1.529608916617374925e+05
2.969585734420281060e-07	1.479199840103615716e+05
3.070786663863440613e-07	1.430452324803165393e+05
3.175435825516616466e-07	1.383311598632225068e+05
3.283650680011876703e-07	1.337724695189065824e+05
3.395552687538137337e-07	1.293640393883978977e+05
3.511267443942846148e-07	1.251009144040033134e+05
3.630924821460758688e-07	1.209783102548220049e+05
3.754659114226896140e-07	1.169915893725033529e+05
3.882609188736036879e-07	1.131362742718088120e+05
4.014918639416749681e-07	1.094080333314261370e+05
4.151735949493401199e-07	1.058026776823194814e+05
4.293214657315767477e-07	1.023161565632961720e+05
4.439513528341709463e-07	9.894455274377575552e+04
4.590796732964737974e-07	9.568407811269437661e+04
4.747234030384818860e-07	9.253106947231483355e+04
4.909000958727432119e-07	8.948198434463165177e+04
5.076279031622899410e-07	8.653339703581342474e+04
5.249255941464998882e-07	8.368199481613453827e+04
5.428125769575603727e-07	8.092457410751488351e+04
5.613089203509446906e-07	7.825803696956929343e+04
5.804353761741166054e-07	7.567938759748145822e+04
6.002134025985027918e-07	7.318572892390022753e+04
6.206651881406027839e-07	7.077425937346638239e+04
6.418136764990083860e-07	6.844226973942773475e+04
6.636825922349642431e-07	6.618714013901755970e+04
6.862964673250975912e-07	6.400633702332778194e+04
7.096806686158495192e-07	6.189741038209183898e+04
7.338614262101849983e-07	5.985799096140699112e+04
7.588658628181627718e-07	5.788578761341870268e+04
7.847220241040296600e-07	5.597858471611587447e+04
8.114589100636078381e-07	5.413423968023546331e+04
8.391065074668523031e-07	5.235068056154026999e+04
8.676958234016948497e-07	5.062590369612719223e+04
8.972589199564431592e-07	4.895797148561476206e+04
9.278289500793098324e-07	4.734501019680279569e+04
9.594401946549205638e-07	4.578520786544174916e+04
9.921281008390105598e-07	4.427681226461099141e+04
1.025929321693895268e-06	4.281812892026574991e+04
1.060881757168762502e-06	4.140751919887695112e+04
1.097024596470266877e-06	4.004339852436369983e+04
1.134398361870514372e-06	3.872423452441370318e+04
1.173044954001046772e-06	3.744854535267900792e+04
1.213007698683105015e-06	3.621489800710007694e+04
1.254331395346143469e-06	3.502190672326972708e+04
1.297062367088305096e-06	3.386823141697768006e+04
1.341248512434404207e-06	3.275257617545159883e+04
1.386939358848774081e-06	3.167368781848974686e+04
1.434186118062359631e-06	3.063035445765761688e+04
1.483041743275339012e-06	2.962140416393252235e+04
1.533560988298692365e-06	2.864570364288550991e+04
1.585800468700216014e-06	2.770215695467701516e+04
1.639818725022727174e-06	2.678970427195649609e+04
1.695676288144465581e-06	2.590732072660858103e+04
1.753435746854003695e-06	2.505401521461829179e+04
1.813161817714525169e-06	2.422882931637128058e+04
1.874921417294717188e-06	2.343083619730220380e+04
1.938783736846191262e-06	2.265913957768843829e+04
2.004820319510022222e-06	2.191287271957921257e+04
2.073105140137737416e-06	2.119119746159873466e+04
2.143714687815015875e-06	2.049330326848621189e+04
2.216728051179199662e-06	1.981840631351466800e+04
2.292227006624942785e-06	1.916574862595650848e+04
2.370296109495338260e-06	1.853459720593523889e+04
2.451022788359196592e-06	1.792424321775577118e+04
2.534497442478517158e-06	1.733400119612708659e+04
2.620813542573664669e-06	1.676320826714500799e+04
2.710067734997409412e-06	1.621122340730812175e+04
2.802359949432588126e-06	1.567742672288079120e+04
2.897793510232179338e-06	1.516121875715157148e+04
2.996475251524384261e-06	1.466201981003408400e+04
3.098515636209489068e-06	1.417926928907746696e+04
3.204028878979509414e-06	1.371242508245747558e+04
3.313133073496006929e-06	1.326096294880377536e+04
3.425950323865958419e-06	1.282437592170425887e+04
3.542606880560300589e-06	1.240217375596544480e+04
3.663233280924444506e-06	1.199388235578348576e+04
3.787964494435298850e-06	1.159904325181228342e+04
3.916940072864223716e-06	1.121721309814486995e+04
4.050304305510827621e-06	1.084796315315876382e+04
4.188206379677948588e-06	1.049087880867896820e+04
4.330800546563850534e-06	1.014555912712313875e+04
4.478246292753572561e-06	9.811616382438493019e+03
4.630708517497275956e-06	9.488675627595475817e+03
4.788357715969945687e-06	9.176374280041769453e+03
4.951370168712978899e-06	8.874361703606433366e+03
5.119928137465098796e-06	8.582298822062564795e+03
5.294220067596745842e-06	8.299857734139033710e+03
5.474440797369342069e-06	8.026721348127755846e+03
5.660791774248160422e-06	7.762583022581438854e+03
5.853481278504907875e-06	7.507146224226281447e+03
6.052724654354403190e-06	7.260124193733425273e+03
6.258744548877367023e-06	7.021239623260081316e+03
6.471771158989954729e-06	6.790224345905819064e+03
6.692042486729263822e-06	6.566819033287257298e+03
6.919804603132865673e-06	6.350772904984189154e+03
7.155311920999777508e-06	6.141843445278992476e+03
7.398827476829481930e-06	5.939796133929990901e+03
7.650623222245868916e-06	5.744404178162922108e+03
7.910980325222634812e-06	5.555448264153578748e+03
8.180189481437430161e-06	5.372716301554103666e+03
8.458551236092703870e-06	5.196003193983242454e+03
8.746376316552386478e-06	5.025110604033689924e+03
9.043985976155004584e-06	4.859846732218926263e+03
9.351712349575811705e-06	4.700026098973174157e+03
9.669898820122466466e-06	4.545469340916182773e+03
9.998900399361953655e-06	4.396003001377150213e+03
1.033908411948890522e-05	4.251459346683201147e+03
1.069082943885945939e-05	4.111676167655207792e+03
1.105452866112829446e-05	3.976496603068939294e+03
1.143058736844119342e-05	3.845768959961882501e+03
1.181942486915000210e-05	3.719346547933984311e+03
1.222147466053212535e-05	3.597087505304065871e+03
1.263718490701297262e-05	3.478854653775169027e+03
1.306701893440520856e-05	3.364515331293345298e+03
1.351145574069618665e-05	3.253941249719544430e+03
1.397099052393187195e-05	3.147008347835306267e+03
1.444613522776351174e-05	3.043596654262953962e+03
1.493741910524192666e-05	2.943590151433003939e+03
1.544538930146278620e-05	2.846876645043056214e+03
1.597061145568669954e-05	2.753347638377129897e+03
1.651367032357735882e-05	2.662898211428800550e+03
1.707517042022238285e-05	2.575426900612438658e+03
1.765573668462265634e-05	2.490835587781195045e+03
1.825601516635858585e-05	2.409029386971706572e+03
1.887667373516437538e-05	2.329916540512726897e+03
1.951840281416447899e-05	2.253408313954569621e+03
2.018191613755217849e-05	2.179418897360377741e+03
2.086795153351368333e-05	2.107865309704154697e+03
2.157727173322813638e-05	2.038667302562625537e+03
2.231066520680018430e-05	1.971747274111334946e+03
2.306894702700921140e-05	1.907030179554190227e+03
2.385295976178826769e-05	1.844443446260352857e+03
2.466357439637356815e-05	1.783916894290879782e+03
2.550169128609771634e-05	1.725382655761737624e+03
2.636824114082859046e-05	1.668775100025239908e+03
2.726418604208954893e-05	1.614030758323862074e+03
2.819052049392843052e-05	1.561088254501351912e+03
2.914827250863760987e-05	1.509888234193434755e+03
3.013850472846181310e-05	1.460373299372466136e+03
3.116231558446691546e-05	1.412487943255267737e+03
3.222084049377913493e-05	1.366178488632751169e+03
3.331525309644403274e-05	1.321393026624285540e+03
3.444676653319225519e-05	1.278081359003120269e+03
3.561663476544058785e-05	1.236194941957642868e+03
3.682615393889857096e-05	1.195686830994282900e+03
3.807666379219353344e-05	1.156511628892919134e+03
3.936954911197195221e-05	1.118625433862841192e+03
4.070624123597923761e-05	1.081985791117463577e+03
4.208821960566889634e-05	1.046551644968501023e+03
4.351701336993877927e-05	1.012283292085077051e+03
4.499420304164219135e-05	9.791423375944524423e+02
4.652142220857340480e-05	9.470916519271739844e+02
4.810035930067857549e-05	9.160953286290276765e+02
4.973275941529904155e-05	8.861186447577941863e+02
5.142042620230658000e-05	8.571280210781943651e+02
5.316522381105133330e-05	8.290909848880705795e+02
5.496907890109887232e-05	8.019761336809430077e+02
5.683398271879450608e-05	7.757530993450616279e+02
5.876199324175575110e-05	7.503925144301963428e+02
6.075523739345660776e-05	7.258659790743445228e+02
6.281591333013449116e-05	7.021460291948276335e+02
6.494629280231596039e-05	6.792061054301925651e+02
6.714872359332977366e-05	6.570205237220565095e+02
6.942563203724480005e-05	6.355644459087686755e+02
7.177952561874358973e-05	6.148138525004103485e+02
7.421299565751922757e-05	5.947455150749847235e+02
7.672872007985810107e-05	5.753369706577941542e+02
7.932946628015317286e-05	5.565664961669507420e+02
8.201809407516886510e-05	5.384130843764876317e+02
8.479755875396872023e-05	5.208564200016465975e+02
8.767091422649644689e-05	5.038768570573471948e+02
9.064131627389181633e-05	4.874553967812013866e+02
9.371202590371251098e-05	4.715736662917735771e+02
9.688641281332420799e-05	4.562138980017402332e+02
1.001679589648164689e-04	4.413589096175467716e+02
1.035602622749000313e-04	4.269920847990186985e+02
1.070670404233350724e-04	4.130973546634439231e+02
1.106921347835499114e-04	3.996591796200440285e+02
1.144395144792059618e-04	3.866625319785595707e+02
1.183132805705746575e-04	3.740928790477298094e+02
1.223176703747006714e-04	3.619361668612035032e+02
1.264570619234361721e-04	3.501788043946722269e+02
1.307359785635461814e-04	3.388076482000815304e+02
1.351590937031971499e-04	3.278099879037440019e+02
1.397312357092674062e-04	3.171735317379274193e+02
1.444573929600306340e-04	3.068863926893330358e+02
1.493427190578937205e-04	2.969370756708743215e+02
1.543925382069934800e-04	2.873144631036075793e+02
1.596123507605864858e-04	2.780078051008421198e+02
1.650078389432998137e-04	2.690067047388783408e+02
1.705848727534365694e-04	2.603011079632264568e+02
1.763495160506788756e-04	2.518812916776126656e+02
1.823080328346587693e-04	2.437378530312093972e+02
1.884668937200123105e-04	2.358616989004371476e+02
1.948327826136787041e-04	2.282440355109473842e+02
2.014126036003456382e-04	2.208763587800752930e+02
2.082134880420993621e-04	2.137504445973219447e+02
2.152428018984736593e-04	2.068583397739182033e+02
2.225081532732633895e-04	2.001923528808991080e+02
2.300174001946041300e-04	1.937450458558635376e+02
2.377786586349878704e-04	1.875092255436933044e+02
2.458003107780366175e-04	1.814779355301156158e+02
2.540910135390173638e-04	1.756444487292518204e+02
2.626597073462445049e-04	1.700022592268599055e+02
2.715156251906705059e-04	1.645450754782390845e+02
2.806683019511428852e-04	1.592668131014968935e+02
2.901275840029555824e-04	1.541615878205985268e+02
2.999036391174973878e-04	1.492237096763949467e+02
3.100069666609612238e-04	1.444476752246275169e+02
3.204484081002468795e-04	1.398281626739429271e+02
3.312391578243526445e-04	1.353600253774810653e+02
3.423907742897228665e-04	1.310382860339479407e+02
3.539151914981684532e-04	1.268581312445184608e+02
3.658247308161657755e-04	1.228149059829197398e+02
3.781321131444768512e-04	1.189041085264439346e+02
3.908504714472095455e-04	1.151213852522934502e+02
4.039933636495886379e-04	1.114625258856565182e+02
4.175747859138662500e-04	1.079234586728234575e+02
4.316091863029546246e-04	1.045002458973801396e+02
4.461114788414986907e-04	1.011890794162047058e+02
4.610970579842754149e-04	9.798627643545187027e+01
4.765818135019183450e-04	9.488827528401145628e+01
4.925821457941155848e-04	9.189163156770148078e+01
5.091149816405478919e-04	8.899301422824066776e+01
5.261977903999558301e-04	8.618920163494102837e+01
5.438486006678378308e-04	8.347707841965376474e+01
5.620860174033618989e-04	8.085363155429577375e+01
5.809292395362053180e-04	7.831594714764739251e+01
6.003980780640724929e-04	7.586120715454437402e+01
6.205129746517340332e-04	7.348668629727416146e+01
6.412950207424783240e-04	7.118974884877849263e+01
6.627659771929032568e-04	6.896784582407941855e+01
6.849482944420042007e-04	6.681851207176342200e+01
7.078651332254997644e-04	6.473936349153291303e+01
7.315403858463642240e-04	6.272809438601845500e+01
7.559986980124485355e-04	6.078247490450225854e+01
7.812654912520562408e-04	5.890034846166644655e+01
8.073669859182363824e-04	5.707962941653235589e+01
8.343302247924543882e-04	5.531830067173782339e+01
8.621830972981683102e-04	5.361441144496813394e+01
8.909543643346686708e-04	5.196607506654861197e+01
9.206736837413247339e-04	5.037146689026141644e+01
9.513716364021870342e-04	4.882882221384282673e+01
9.830797530005785413e-04	4.733643433603857886e+01
1.015830541433011608e-03	4.589265262232100895e+01
1.049657514891427302e-03	4.449588068468519708e+01
1.084595220622320373e-03	4.314457455513925765e+01
1.120679269370899143e-03	4.183724098824495030e+01
1.157946365517867685e-03	4.057243577593813910e+01
1.196434337915943400e-03	3.934876213613564033e+01
1.236182171432514618e-03	3.816486914899086713e+01
1.277230039204212868e-03	3.701945023652671551e+01
1.319619335608408425e-03	3.591124170747378486e+01
1.363392709955809365e-03	3.483902135873167794e+01
1.408594100907463367e-03	3.380160705869204918e+01
1.455268771618432140e-03	3.279785549364989805e+01
1.503463345609427817e-03	3.182666082611396163e+01
1.553225843366455323e-03	3.088695349797508527e+01
1.604605719667302147e-03	2.997769901518675439e+01
1.657653901632355400e-03	2.909789679572462617e+01
1.712422827495778616e-03	2.824657905279693537e+01
1.768966486091412202e-03	2.742280970838893239e+01
1.827340457046301193e-03	2.662568334992993258e+01
1.887601951672584523e-03	2.585432421994811136e+01
1.949809854546929793e-03	2.510788522758922525e+01
2.014024765764255934e-03	2.438554701616764575e+01
2.080309043850452587e-03	2.368651703739812930e+01
2.148726849316473595e-03	2.301002867402016250e+01
2.219344188833335518e-03	2.235534036403923963e+01
2.292228960005289560e-03	2.172173480194199868e+01
2.367450996715043075e-03	2.110851811480358720e+01
2.445082115012361512e-03	2.051501909734213314e+01
2.525196159513641830e-03	1.994058846176330135e+01
2.607869050276887327e-03	1.938459811251103204e+01
2.693178830112877807e-03	1.884644044283273345e+01
2.781205712289092861e-03	1.832552766280645429e+01
2.872032128579403692e-03	1.782129113774246321e+01
2.965742777607575931e-03	1.733318076143621411e+01
3.062424673428710588e-03	1.686066433349414595e+01
3.162167194287352715e-03	1.640322697815381403e+01
3.265062131486251139e-03	1.596037056062460557e+01
3.371203738294495985e-03	1.553161313998679915e+01
3.480688778817688737e-03	1.511648842762602207e+01
3.593616576747611906e-03	1.471454527064984674e+01
3.710089063901921263e-03	1.432534715341300924e+01
3.830210828458735766e-03	1.394847171315698198e+01
3.954089162783523681e-03	1.358351025609414542e+01
4.081834110739064082e-03	1.323006732611654357e+01
4.213558514362034796e-03	1.288776025029629757e+01
4.349378059781448987e-03	1.255621872861932609e+01
4.489411322247209395e-03	1.223508440644833861e+01
4.633779810127698628e-03	1.192401049098640797e+01
4.782608007727839027e-03	1.162266136639647129e+01
4.936023416769064892e-03	1.133071221990874022e+01
5.094156596364651964e-03	1.104784868526975927e+01
5.257141201313306200e-03	1.077376649822399557e+01
5.425114018524833555e-03	1.050817099660280185e+01
5.598215001381767232e-03	1.025077744785313527e+01
5.776587301829744052e-03	1.000130975809499212e+01
5.960377299980189336e-03	9.759500825549864089e+00
6.149734630996672897e-03	9.525092083607654914e+00
6.344812209026848802e-03	9.297833218687028278e+00
6.545766247929467492e-03	9.077481897687013301e+00
6.752756278535534430e-03	8.863803504729023786e+00
6.965945162171314868e-03	8.656570886867477554e+00
7.185499100158686606e-03	8.455564108538935031e+00
7.411587638998221386e-03	8.260570214480674522e+00
7.644383670927390288e-03	8.071383000868536328e+00
7.884063429536639078e-03	7.887802794425620156e+00
8.130806480113349222e-03	7.709636239292023241e+00
8.384795704373728190e-03	7.536696091378870754e+00
8.646217279231958180e-03	7.368801020097303756e+00
8.915260649244598559e-03	7.205775417116994319e+00
9.192118492360087587e-03	7.047449212075788338e+00
9.476986678591786672e-03	6.893657694962959326e+00
9.770064221226495635e-03	6.744241345085627337e+00
1.007155322017044309e-02	6.599045666303918978e+00
1.038165879702895519e-02	6.457921028494406634e+00
1.070058902150991705e-02	6.320722515009749465e+00
1.102855482873492214e-02	6.187309775968991232e+00
1.136576992704029648e-02	6.057546887268121516e+00
1.171245069584567547e-02	5.931302215097299602e+00
1.206881607316938332e-02	5.808448285863350158e+00
1.243508743236861405e-02	5.688861661362994759e+00
1.281148844768676028e-02	5.572422819070381728e+00
1.319824494819516435e-02	5.459016037376068553e+00
1.359558475972208122e-02	5.348529285678705669e+00
1.400373753437382345e-02	5.240854119184162663e+00
1.442293456726211932e-02	5.135885578266133678e+00
1.485340860006985515e-02	5.033522092285966920e+00
1.529539361110217148e-02	4.933665387717997675e+00
1.574912459149292385e-02	4.836220400472882375e+00
1.621483730726076128e-02	4.741095192282961612e+00
1.669276804693483468e-02	4.648200871001503032e+00
1.718315335450498402e-02	4.557451514742530740e+00
1.768622974748282686e-02	4.468764099631268749e+00
1.820223341990300295e-02	4.382058431152408673e+00
1.873139993013407667e-02	4.297257078891094650e+00
1.927396387341806516e-02	4.214285314474354394e+00
1.983015853910960816e-02	4.133071052726990935e+00
2.040021555263961742e-02	4.053544795732036299e+00
2.098436450229275094e-02	3.975639579744789209e+00
2.158283255094871692e-02	3.899290924805649539e+00
2.219584403301135336e-02	3.824436786803083965e+00
2.282362003681917551e-02	3.751017511979637842e+00
2.346637797291164021e-02	3.678975793529573934e+00
2.412433112860761300e-02	3.608256630328508408e+00
2.479768820943568236e-02	3.538807287362868426e+00
2.548665286804993602e-02	3.470577257944915228e+00
2.619142322135300030e-02	3.403518227339748847e+00
2.691219135664862233e-02	3.337584037686815108e+00
2.764914282774063106e-02	3.272730654028998654e+00
2.840245614199772214e-02	3.208916131208600753e+00
2.917230223950620371e-02	3.146100581495312909e+00
2.995884396553226067e-02	3.084246142710150629e+00
3.076223553762384363e-02	3.023316946591853238e+00
3.158262200877857279e-02	2.963279087366610387e+00
3.242013872821243592e-02	2.904100590048068309e+00
3.327491080135593082e-02	2.845751378608452509e+00
3.414705255080809077e-02	2.788203243521499175e+00
3.503666698006450281e-02	2.731429808625128963e+00
3.594384524192697355e-02	2.675406497175356169e+00
3.686866611358401852e-02	2.620110496745102768e+00
3.781119548042181921e-02	2.565520722945799914e+00
3.877148583069842114e-02	2.511617781734771793e+00
3.974957576326412084e-02	2.458383930220011226e+00
4.074548951056573831e-02	2.405803035699803694e+00
4.175923647920266185e-02	2.353860533034485947e+00
4.279081081033071082e-02	2.302543380014133501e+00
4.384019096222147027e-02	2.251840010787373281e+00
4.490733931727841632e-02	2.201740287230845361e+00
4.599220181580078448e-02	2.152235448247934890e+00
4.709470761874649802e-02	2.103318056944283754e+00
4.821476880170542934e-02	2.054981945646686903e+00
4.935228008222298374e-02	2.007222158886923680e+00
5.050711858253827125e-02	1.960034894339506950e+00
5.167914362970338349e-02	1.913417441724839962e+00
5.286819659493232487e-02	1.867368119909917024e+00
5.407410077390536335e-02	1.821886212256668580e+00
5.529666130959916270e-02	1.776971900306232310e+00
5.653566515906071482e-02	1.732626196082007297e+00
5.779088110535803013e-02	1.688850873136622965e+00
5.906205981575528979e-02	1.645648396558935911e+00
6.034893394695706875e-02	1.603021852216518273e+00
6.165121829804608850e-02	1.560974875365217507e+00
6.296861001152291581e-02	1.519511579115108146e+00
6.430078882261297535e-02	1.478636482757173853e+00
6.564741735677608048e-02	1.438354440447166427e+00
6.700814147510024410e-02	1.398670570491345133e+00
6.838259066701919686e-02	1.359590185392395734e+00
6.977037848954426025e-02	1.321118723244749882e+00
7.117110305194869480e-02	1.283261680577608699e+00
7.258434754460683924e-02	1.246024546861313365e+00
7.400968081044184688e-02	1.209412741183247153e+00
7.544665795721507140e-02	1.173431551398527839e+00
7.689482100865910330e-02	1.138086075648607753e+00
7.835369959225205183e-02	1.103381166980127226e+00
7.982281166123468552e-02	1.069321380947851230e+00
8.130166424828406957e-02	1.035910952183939582e+00
8.278975424810228190e-02	1.003153645901708302e+00
8.428656922602183188e-02	9.710528715088232454e-01
8.579158824961241603e-02	9.396115155709747757e-01
8.730428274015740453e-02	9.088320320123024487e-01
8.882411734078969612e-02	8.787162648413940902e-01
9.035055079801145028e-02	8.492655203758188165e-01
9.188303685327499359e-02	8.204805205608369789e-01
9.342102514129357882e-02	7.923613850256541191e-01
9.496396209173972591e-02	7.649076171188821105e-01
9.651129183102756526e-02	7.381180940443143879e-01
9.806245708090850777e-02	7.119910607345468767e-01
9.961690005068343789e-02	6.865241276246604185e-01
1.011740633199195161e-01	6.617142720042931137e-01
1.027333907086572240e-01	6.375578428693758903e-01
1.042943281322245563e-01	6.140505691098324670e-01
1.058563244378993573e-01	5.911875707922994438e-01
1.074188322208239621e-01	5.689633733834074114e-01
1.089813086167278205e-01	5.473719246692234641e-01
1.105432160691943583e-01	5.264066141600548532e-01
1.121040230693910178e-01	5.060602947238183047e-01
1.136632048663640121e-01	4.863253062164199503e-01
1.152202441462055887e-01	4.671935009290967833e-01
1.167746316785883975e-01	4.486562705097965065e-01
1.183258669293742460e-01	4.307045741690612162e-01
1.198734586381949851e-01	4.133289679711793507e-01
1.214169253601105197e-01	3.965196349354289107e-01
1.229557959706447934e-01	3.802664157051240390e-01
1.244896101336888106e-01	3.645588396437752232e-01
1.260179187319567795e-01	3.493861561163295049e-01
1.275402842598511999e-01	3.347373657287294746e-01
1.290562811787793196e-01	3.206012513725985946e-01
1.305654962351143200e-01	3.069664090051540950e-01
1.320675287411667564e-01	2.938212778112277435e-01
1.335619908196615246e-01	2.811541697653517913e-01
1.350485076123645878e-01	2.689532984224102807e-01
1.365267174536239081e-01	2.572068068397515006e-01
1.379962720096991613e-01	2.459027944707170843e-01
1.394568363848680825e-01	2.350293430032165121e-01
1.409080891953768955e-01	2.245745410666465658e-01
1.423497226123955628e-01	2.145265077784085095e-01
1.437814423751974657e-01	2.048734149585166864e-01
1.452029677758495396e-01	1.956035081090801986e-01
1.466140316167466040e-01	1.867051261011991592e-01
1.480143801423574601e-01	1.781667195280971228e-01
1.494037729465880759e-01	1.699768677333173827e-01
1.507819828571771159e-01	1.621242945077620845e-01
1.521487957985606099e-01	1.545978824796055973e-01
1.535040106346375055e-01	1.473866862822923729e-01
1.548474389928678752e-01	1.404799443478462195e-01
1.561789050711259730e-01	1.338670895236299119e-01
1.574982454287063571e-01	1.275377585603710007e-01
1.588053087628669424e-01	1.214818003131985513e-01
1.600999556722550177e-01	1.156892829508686660e-01
1.613820584085389476e-01	1.101505000101042075e-01
1.626515006175219547e-01	1.048559755279554612e-01
1.639081770709799324e-01	9.979646811691178510e-02
1.651519933904193604e-01	9.496297418925779554e-02
1.663828657639097597e-01	9.034673031408230193e-02
1.676007206570828689e-01	8.593921474494470303e-02
1.688054945193616652e-01	8.173214823060892531e-02
1.699971334864177896e-01	7.771749407463889037e-02
1.711755930798044001e-01	7.388745759967690896e-02
1.723408379046660888e-01	7.023448498145029584e-02
1.734928413463719954e-01	6.675126153960671271e-02
1.746315852668621493e-01	6.343070953781752841e-02
1.757570597014576630e-01	6.026598550588610492e-02
1.768692625568158427e-01	5.725047718576910943e-02
1.779681993106828897e-01	5.437780007621953460e-02
1.790538827140308598e-01	5.164179367349790856e-02
1.801263324961261680e-01	4.903651740554895028e-02
1.811855750730324011e-01	4.655624633605055102e-02
1.822316432599899449e-01	4.419546663896804783e-02
1.832645759881204872e-01	4.194887086249272923e-02
1.842844180258312869e-01	3.981135309968872327e-02
1.852912197050093634e-01	3.777800398626381118e-02
1.862850366528893131e-01	3.584410559420517922e-02
1.872659295291538295e-01	3.400512629280161292e-02
1.882339637689532663e-01	3.225671551659565345e-02
1.891892093318724988e-01	3.059469850489096240e-02
1.901317404570332381e-01	2.901507107121684484e-02
1.910616354244615012e-01	2.751399431825303846e-02
1.919789763228310631e-01	2.608778942015475485e-02
1.928838488236594984e-01	2.473293240463841566e-02
1.937763419620220362e-01	2.344604901568093577e-02
1.946565479238115959e-01	2.222390960925545861e-02
1.955245618395369811e-01	2.106342412753662435e-02
1.963804815848713692e-01	1.996163716203622901e-02
1.972244075872841562e-01	1.891572308794870969e-02
1.980564426398003786e-01	1.792298129334376697e-02
1.988766917207618612e-01	1.698083150693592211e-02
1.996852618201732099e-01	1.608680925221828498e-02
2.004822617723472089e-01	1.523856137590040745e-02
2.012678020947927249e-01	1.443384169954396896e-02
2.020419948332539128e-01	1.367050681091338572e-02
2.028049534128010534e-01	1.294651191865867253e-02
2.035567924948599727e-01	1.225990687600447826e-02
2.042976278400686907e-01	1.160883229160408064e-02
2.050275761768375338e-01	1.099151577397210026e-02
2.057467550754936703e-01	1.040626828502141769e-02
2.064552828278677921e-01	9.851480612075648111e-03
2.071532783322043714e-01	9.325619970606010764e-03
2.078408609832540221e-01	8.827226698349564457e-03
2.085181505674065794e-01	8.354911092055473942e-03
2.091852671627362770e-01	7.907350335695980184e-03
2.098423310438079503e-01	7.483285547401418575e-03
2.104894625911149786e-01	7.081518938509023288e-03
2.111267822049998633e-01	6.700911072208523382e-03
2.117544102239249659e-01	6.340378234651719742e-03
2.123724668469470500e-01	5.998889902847165390e-03
2.129810720602682006e-01	5.675466308358873696e-03
2.135803455677130758e-01	5.369176116587672486e-03
2.141704067250080334e-01	5.079134165966130501e-03
2.147513744777283518e-01	4.804499336644584007e-03
2.153233673027546147e-01	4.544472483205448665e-03
2.158865031532492540e-01	4.298294456177717375e-03
2.164408994066358560e-01	4.065244222828590624e-03
2.169866728160987357e-01	3.844637046398998500e-03
2.175239394648388891e-01	3.635822757087240915e-03
2.180528147233602998e-01	3.438184097434747715e-03
2.185734132095290272e-01	3.251135135123412942e-03
2.190858487513199226e-01	3.074119747674131098e-03
2.195902343521430322e-01	2.906610174202750758e-03
2.200866821586300870e-01	2.748105639005196232e-03
2.205753034307884053e-01	2.598131024999198943e-03
2.210562085144186784e-01	2.456235612789988646e-03
2.215295068156919456e-01	2.321991886873532324e-03
2.219953067777963862e-01	2.194994377523537630e-03
2.224537158595632225e-01	2.074858574392044516e-03
2.229048405159736457e-01	1.961219878425614523e-03
2.233487861804678287e-01	1.853732610873056212e-03
2.237856572489711482e-01	1.752069065591488600e-03
2.242155570655529062e-01	1.655918603138140273e-03
2.246385879096431948e-01	1.564986794962979540e-03
2.250548509847315193e-01	1.478994600607864843e-03
2.254644464084728517e-01	1.397677591715545432e-03
2.258674732041346389e-01	1.320785209984806988e-03
2.262640292933128794e-01	1.248080057165855319e-03
2.266542114898562610e-01	1.179337228810452059e-03
2.270381154949338287e-01	1.114343669793207720e-03
2.274158358931846202e-01	1.052897573267333681e-03
2.277874661499001974e-01	9.948077956731550802e-04
2.281530986091676039e-01	9.398933137553127683e-04
2.285128244929391372e-01	8.879826975386201230e-04
2.288667339009637369e-01	8.389136173312576692e-04
2.292149158115384111e-01	7.925323714911053277e-04
2.295574580830290756e-01	7.486934374413843673e-04
2.298944474561180340e-01	7.072590483280445954e-04
2.302259695567338560e-01	6.680987862453054062e-04
2.305521088996232704e-01	6.310892003442601043e-04
2.308729488925248818e-01	5.961134436905164051e-04
2.311885718409077695e-01	5.630609239263233536e-04
2.314990589532390508e-01	5.318269778269082027e-04
2.318044903467429696e-01	5.023125590656134492e-04
2.321049450536273040e-01	4.744239425164753694e-04
2.324005010277206129e-01	4.480724432617910302e-04
2.326912351515547650e-01	4.231741508239062182e-04
2.329772232438244717e-01	3.996496776870922833e-04
2.332585400669659470e-01	3.774239176037048199e-04
2.335352593354916573e-01	3.564258213428203115e-04
2.338074537242318118e-01	3.365881789416744359e-04
2.340751948770135593e-01	3.178474159946766478e-04
2.343385534155592032e-01	3.001434026475996724e-04
2.345975989486155933e-01	2.834192658273112586e-04
2.348524000812831081e-01	2.676212191642954948e-04
2.351030244245350120e-01	2.526983957188937819e-04
2.353495386049098692e-01	2.386026925713387423e-04
2.355920082743482302e-01	2.252886234457111825e-04
2.358304981201712058e-01	2.127131772476448192e-04
2.360650718751750587e-01	2.008356860674338860e-04
2.362957923278344585e-01	1.896176988933710706e-04
2.365227213325923894e-01	1.790228622413948822e-04
2.367459198202348514e-01	1.690168076861666693e-04
2.369654478083239590e-01	1.595670444179194010e-04
2.371813644116898268e-01	1.506428579394491509e-04
2.373937278529638095e-01	1.422152148952226353e-04
2.376025954731431911e-01	1.342566708647353695e-04
2.378080237421800192e-01	1.267412856895832490e-04
2.380100682694956116e-01	1.196445410607654405e-04
2.382087838150112047e-01	1.129432635122736667e-04
2.384042242988991811e-01	1.066155528846428346e-04
2.385964428130202264e-01	1.006407108105170935e-04
2.387854916310722664e-01	9.499917722132905911e-05
2.389714222192156901e-01	8.967246790920322297e-05
2.391542852465856905e-01	8.464311558926524662e-05
2.393341305957667475e-01	7.989461521953779408e-05
2.395110073732208134e-01	7.541137085185393248e-05
2.396849639195738624e-01	7.117864634749295827e-05
2.398560478204100344e-01	6.718251826770251173e-05
2.400243059156006997e-01	6.340983211909777717e-05
2.401897843104482677e-01	5.984815901392372600e-05
2.403525283853517602e-01	5.648575745519853099e-05
2.405125828059687110e-01	5.331153436290988974e-05
2.406699915332078943e-01	5.031501066138496445e-05
2.408247978331447547e-01	4.748628661127324724e-05
2.409770442868572893e-01	4.481601088167675730e-05
2.411267728001728339e-01	4.229534992319437087e-05
2.412740246133476818e-01	3.991595960093479860e-05
2.414188403106966863e-01	3.766995850782472094e-05
2.415612598299193281e-01	3.554990236283180310e-05
2.417013224717026731e-01	3.354875964436649873e-05
2.418390669089188760e-01	3.165988957440393601e-05
2.419745311958646505e-01	2.987701992405127541e-05
2.421077527773337901e-01	2.819422690457620132e-05
2.422387684978748179e-01	2.660591622585333865e-05
2.423676146102488604e-01	2.510680443122786752e-05
2.424943267847269601e-01	2.369190214983416331e-05
2.426189401175819771e-01	2.235649755195607771e-05
2.427414891397698116e-01	2.109614114674483111e-05
2.428620078254548620e-01	1.990663128962070195e-05
2.429805296004392545e-01	1.878400042360267962e-05
2.430970873504945673e-01	1.772450203219617118e-05
2.432117134295860295e-01	1.672459866636056240e-05
2.433244396679999921e-01	1.578094993459001525e-05
2.434352973803704800e-01	1.489040210560794529e-05
2.435443173736015487e-01	1.404997716807478912e-05
2.436515299546940239e-01	1.325686361475037930e-05
2.437569649384673798e-01	1.250840688959787256e-05
2.438606516551806713e-01	1.180210070851853882e-05
2.439626189580595406e-01	1.113557891132165568e-05
2.440628952307164201e-01	1.050660760848544134e-05
2.441615083944757569e-01	9.913077786949471947e-06
2.442584859155991772e-01	9.352998546134495790e-06
2.443538548124155052e-01	8.824490218769073568e-06
2.444476416623474757e-01	8.325778464835906949e-06
2.445398726088454655e-01	7.855188266839253989e-06
2.446305733682269667e-01	7.411138369307929327e-06
2.447197692364141419e-01	6.992136230078289420e-06
2.448074850955833381e-01	6.596772783891773379e-06
2.448937454207160691e-01	6.223718072335781365e-06
2.449785742860587923e-01	5.871716655818869103e-06
2.450619953714890387e-01	5.539583497147795427e-06
2.451440319687914204e-01	5.226200042397017875e-06
2.452247069878395469e-01	4.930510537843320460e-06
2.453040429626941188e-01	4.651518431620027168e-06
2.453820620576052935e-01	4.388283154029966825e-06
2.454587860729286752e-01	4.139916959664001154e-06
2.455342364509594255e-01	3.905581927029266377e-06
2.456084342816546306e-01	3.684487224283722442e-06
2.456814003083781783e-01	3.475886495146018603e-06
2.457531549333034637e-01	3.279075281717709319e-06
2.458237182230749440e-01	3.093388747624292765e-06
2.458931099141271059e-01	2.918199481846890211e-06
2.459613494180324655e-01	2.752915294205619934e-06
2.460284558267424315e-01	2.596977357614134673e-06
2.460944479177528954e-01	2.449858267585324710e-06
2.461593441591945208e-01	2.311060308067538809e-06
2.462231627148382951e-01	2.180113764497585323e-06
2.462859214490267790e-01	2.056575391769659578e-06
2.463476379315351072e-01	1.940026905870112621e-06
2.464083294423480841e-01	1.830073559203551303e-06
2.464680129763678618e-01	1.726342838889901136e-06
2.465267052480517029e-01	1.628483271383002188e-06
2.465844226959715835e-01	1.536163127953332168e-06
2.466411814873050445e-01	1.449069416446012230e-06
2.466969975222605138e-01	1.366906769255967091e-06
2.467518864384256050e-01	1.289396486623696462e-06
2.468058636150526342e-01	1.216275591919480076e-06
2.468589441771895931e-01	1.147295914870311118e-06
2.469111430002610685e-01	1.082223318251013639e-06
2.469624747132912468e-01	1.020836852853930856e-06
2.470129537037862866e-01	9.629280437544087320e-07
2.470625941212605814e-01	9.083001836907107695e-07
2.471114098812171034e-01	8.567676659104802828e-07
2.471594146689783389e-01	8.081553748852905200e-07
2.472066219434617129e-01	7.622980731305540232e-07
2.472530449408861797e-01	7.190398490284702001e-07
2.472986966784272989e-01	6.782336154538132440e-07
2.473435899578104447e-01	6.397405752296738351e-07
2.473877373688476156e-01	6.029411492009773704e-07
2.474311512929166790e-01	5.687167681740090507e-07
2.474738439063861595e-01	5.364329568774645870e-07
2.475158271839838497e-01	5.059798278998790049e-07
2.475571129021122418e-01	4.772537057909442868e-07
2.475977126421100571e-01	4.501567766525215786e-07
2.476376377934610129e-01	4.244547638323444284e-07
2.476768995569525456e-01	4.003526535624732314e-07
2.477155089477795225e-01	3.776177917561353500e-07
2.477534767986047659e-01	3.561727107826883303e-07
2.477908137625512430e-01	3.359443254963514022e-07
2.478275303161873722e-01	3.168636851967532796e-07
2.478636367624749703e-01	2.987242107815447962e-07
2.478991432334472778e-01	2.817556352327010186e-07
2.479340596932635976e-01	2.657500394542125141e-07
2.479683959408482963e-01	2.506528320400748631e-07
2.480021616126427131e-01	2.364125126228842503e-07
2.480353661852856550e-01	2.229804965895014485e-07
2.480680189782241141e-01	2.101699488240391579e-07
2.481001291564640110e-01	1.982276422449395002e-07
2.481317057328045195e-01	1.869633229698131074e-07
2.481627575706686351e-01	1.763385373900735379e-07
2.481932933864142155e-01	1.663170099794579186e-07
2.482233217517949286e-01	1.568645206944907851e-07
2.482528510963501744e-01	1.478083588932728703e-07
2.482818897097568700e-01	1.394069097639297901e-07
2.483104457441416557e-01	1.314825854382627252e-07
2.483385272163550206e-01	1.240083129536234158e-07
2.483661420102099560e-01	1.169585537579686125e-07
2.483932978786814461e-01	1.103092168736128954e-07
2.484200024460721246e-01	1.038977464934294085e-07
2.484462632101419044e-01	9.799031337545930811e-08
2.484720875442007204e-01	9.241846730936049411e-08
2.484974826991693531e-01	8.716315887373459066e-08
2.485224558056066957e-01	8.220641884813350374e-08
2.485470138757008007e-01	7.753129705144633269e-08
2.485711638052286732e-01	7.312180461690297771e-08
2.485949123754875312e-01	6.896285953228651374e-08
2.486182662551876810e-01	6.504023528969344467e-08
2.486412320023176636e-01	6.134051240771800861e-08
2.486638160659802033e-01	5.785103270076810851e-08
2.486860247881955421e-01	5.455985614704928115e-08
2.487078644056754939e-01	5.145572019091635362e-08
2.487293410515691305e-01	4.852800134399709316e-08
2.487504607571792148e-01	4.576667896763495948e-08
2.487712294536498225e-01	4.316230109813266425e-08
2.487916529736272919e-01	4.070595220915349661e-08
2.488117370528925842e-01	3.838922280055395828e-08
2.488314873319677489e-01	3.620418070226529118e-08
2.488509093576954101e-01	3.414334401522351195e-08
2.488700085847915244e-01	3.219965559223976857e-08
2.488887903773678856e-01	3.036645892349305215e-08
2.489072600104428878e-01	2.863747533422959194e-08
2.489254226714692486e-01	2.700678271896977611e-08
2.489432834616250867e-01	2.546879533983383255e-08
2.489608473974372904e-01	2.401824449474247039e-08
2.489781194120797847e-01	2.265016067623771251e-08
2.489951043567801836e-01	2.135985665831805097e-08
2.490118070021787033e-01	2.014291140138376265e-08
2.490282320396636218e-01	1.899515497212998772e-08
2.490443840826783717e-01	1.791265424451702616e-08
2.490602676680708782e-01	1.689169951852496639e-08
2.490758872572463312e-01	1.592879187707658661e-08
2.490912472375407249e-01	1.502063111345595465e-08
2.491063519233882029e-01	1.416410450535899932e-08
2.491212055575415807e-01	1.335627624666270524e-08
2.491358123122675572e-01	1.259437743673263727e-08
2.491501762904415607e-01	1.187579667107596193e-08
2.491643015270498251e-01	1.119807403664867629e-08
2.491781919896231545e-01	1.055887562722081212e-08
2.491918515800470857e-01	9.955976185725894050e-09
2.492052841905765537e-01	9.387385612532554347e-09
2.492184934286387488e-01	8.851186987475480699e-09
2.492314831705775557e-01	8.345410808492721126e-09
2.492442570100092680e-01	7.868355848694310117e-09
2.492568185351880516e-01	7.418442312053639682e-09
2.492691712747451271e-01	6.994100754877113453e-09
2.492813186986779783e-01	6.593876205479903238e-09
2.492932642193261827e-01	6.216396380312953200e-09
2.493050111923262591e-01	5.860366986901238872e-09
2.493165629175536913e-01	5.524567290019409178e-09
2.493279226400518522e-01	5.207845930374130717e-09
2.493390935509383344e-01	4.909116983090087747e-09
2.493500787883041747e-01	4.627356236794649726e-09
2.493608814380926519e-01	4.361597685057313524e-09
2.493715045349663428e-01	4.110930217640764402e-09
2.493819510631582193e-01	3.874494497970433903e-09
2.493922239573101995e-01	3.651480019264693899e-09
2.494023261032945471e-01	3.441122326676515314e-09
2.494122603390282189e-01	3.242700396386841277e-09
2.494220294552658979e-01	3.055534165318111266e-09
2.494316361963830053e-01	2.878982201576947663e-09
2.494410832611503315e-01	2.712439504481976860e-09
2.494503733034713067e-01	2.555335417072590706e-09
2.494595089332090065e-01	2.407131685570364296e-09
2.494684927167588051e-01	2.267320626725723520e-09
2.494773271779291979e-01	2.135423349120517054e-09
2.494860147985679122e-01	2.010988125497808586e-09
2.494945580192793888e-01	1.893588853741288609e-09
2.495029592401064034e-01	1.782823582622001526e-09
2.495112208212032501e-01	1.678313133552846665e-09
2.495193450835029303e-01	1.579699796771397615e-09
2.495273343093646623e-01	1.486646102850890004e-09
2.495351907432150906e-01	1.398833660863992203e-09
2.495429165921815573e-01	1.315962061617321678e-09
2.495505140267092470e-01	1.237747842964195816e-09
2.495579851811699501e-01	1.163923511460579247e-09
2.495653321544648584e-01	1.094236617033051803e-09
2.495725570106112623e-01	1.028448879557558952e-09
2.495796617793212269e-01	9.663353614048223453e-10
2.495866484565756882e-01	9.076836836058274942e-10
2.495935190051811192e-01	8.522932839527332134e-10
2.496002753553221987e-01	7.999747123395147935e-10
2.496069194051042106e-01	7.505489604774148155e-10
2.496134530210851188e-01	7.038468239855825326e-10
2.496198780388013683e-01	6.597082927660926121e-10
2.496261962632814468e-01	6.179819665756949384e-10
2.496324094695541451e-01	5.785244922391119796e-10
2.496385194031472132e-01	5.412000183731279912e-10
2.496445277805754148e-01	5.058796627709031090e-10
2.496504362898271934e-01	4.724409871757638927e-10
2.496562465908338524e-01	4.407674727396291360e-10
2.496619603159383749e-01	4.107479866559413696e-10
2.496675790703535014e-01	3.822762290628451098e-10
2.496731044326122584e-01	3.552501447373838694e-10
2.496785379550117701e-01	3.295712775044605551e-10
2.496838811640489930e-01	3.051440367819656497e-10
2.496891355608492624e-01	2.818748298750002799e-10
2.496943026215885375e-01	2.596709899069734164e-10
2.496993837979076813e-01	2.384393921020694515e-10
2.497043805173198294e-01	2.180845720717077323e-10
2.497092941835103996e-01	1.985060120221235850e-10
2.497141261772397036e-01	1.795940821250346451e-10
2.497188778557131728e-01	1.612234296971127899e-10
2.497235505539701084e-01	1.432410035321199681e-10
2.497281455847720766e-01	1.254369757339912207e-10
2.497326642391143325e-01	1.075234049309303818e-10
2.497371077864063982e-01	8.913646043194749953e-11
2.497414774750590372e-01	6.955114534040385055e-11
2.497457745327079648e-01	4.683270528726014790e-11
2.497500001665832747e-01	0.000000000000000000e+00
