# Data associated with arXiv:2110.09653
# 
# Scale-free J-factor angular distribution, J_S(theta), of a burkert dark matter distribution (see Eq. 8 and the surrounding discussion)
# 
# Published: 3/29/22, Jack Runburg, contact: runburg@hawaii.edu
# 
# 
# -----------------------------------------------------------------
# 
# 	 tilde theta 		 | 	 tilde J s-wave 		 | 	 tilde J p-wave 		 | 	 tilde J d-wave 		 | 	 tilde J sommerfeld 
# 
# -----------------------------------------------------------------
1.000000000000000021e-03	3.048095774400225166e-01	6.652518732520441846e-02	2.326045968276938686e-02	9.038718654808590713e-01
1.021192151037671062e-03	3.048092836639116898e-01	6.652514592267536053e-02	2.326044867832627316e-02	9.038702621549943306e-01
1.042833409340945643e-03	3.048089782411250726e-01	6.652510284275386931e-02	2.326043721915778406e-02	9.038685986829302355e-01
1.064933292458827233e-03	3.048086607129258940e-01	6.652505801771366190e-02	2.326042528650379415e-02	9.038668728344569914e-01
1.087501519637659123e-03	3.048083306026580508e-01	6.652501137709705692e-02	2.326041286082702539e-02	9.038650822941157736e-01
1.110548016095517111e-03	3.048079874150214086e-01	6.652496284760529843e-02	2.326039992178205451e-02	9.038632246628929279e-01
1.134082917387199208e-03	3.048076306353566522e-01	6.652491235299150263e-02	2.326038644818586784e-02	9.038612974558677404e-01
1.158116573861711456e-03	3.048072597289124275e-01	6.652485981395465930e-02	2.326037241798869712e-02	9.038592980896905660e-01
1.182659555214217667e-03	3.048068741401238624e-01	6.652480514800657163e-02	2.326035780823075202e-02	9.038572239002999886e-01
1.207722655134462354e-03	3.048064732916778707e-01	6.652474826932465446e-02	2.326034259500006640e-02	9.038550721292940571e-01
1.233316896053688856e-03	3.048060565837770741e-01	6.652468908864729580e-02	2.326032675340257427e-02	9.038528398956321430e-01
1.259453533992170365e-03	3.048056233932315839e-01	6.652462751313782674e-02	2.326031025752663128e-02	9.038505242164980302e-01
1.286144063509461061e-03	3.048051730725768738e-01	6.652456344621990314e-02	2.326029308038748966e-02	9.038481220174175990e-01
1.313400222759557485e-03	3.048047049490913984e-01	6.652449678742630712e-02	2.326027519388343401e-02	9.038456301061149611e-01
1.341233998653187541e-03	3.048042183238441893e-01	6.652442743225575605e-02	2.326025656875834596e-02	9.038430451872448979e-01
1.369657632129505243e-03	3.048037124707907441e-01	6.652435527205144417e-02	2.326023717456660381e-02	9.038403637953610348e-01
1.398683623539492566e-03	3.048031866355160879e-01	6.652428019374752310e-02	2.326021697959157128e-02	9.038375823816743315e-01
1.428324738143458596e-03	3.048026400343183395e-01	6.652420207975109911e-02	2.326019595081343580e-02	9.038346972734667695e-01
1.458594011725036863e-03	3.048020718529733109e-01	6.652412080774208758e-02	2.326017405385102932e-02	9.038317046409504174e-01
1.489504756324154782e-03	3.048014812456613098e-01	6.652403625053046610e-02	2.326015125292498278e-02	9.038286005199753781e-01
1.521070566091505720e-03	3.048008673336615182e-01	6.652394827578751724e-02	2.326012751076732624e-02	9.038253808018200663e-01
1.553305323267072666e-03	3.048002292041354644e-01	6.652385674587378561e-02	2.326010278857431474e-02	9.038220412519775149e-01
1.586223204285366938e-03	3.047995659087869846e-01	6.652376151763618461e-02	2.326007704594854064e-02	9.038185774499490899e-01
1.619838686010041055e-03	3.047988764625271796e-01	6.652366244221080693e-02	2.326005024084403308e-02	9.038149848242392759e-01
1.654166552100628336e-03	3.047981598420415605e-01	6.652355936473422493e-02	2.326002232946978304e-02	9.038112586693873851e-01
1.689221899514206692e-03	3.047974149843605818e-01	6.652345212412713593e-02	2.325999326622916336e-02	9.038073940520437999e-01
1.725020145144853453e-03	3.047966407852601423e-01	6.652334055286251990e-02	2.325996300365365532e-02	9.038033858872533965e-01
1.761577032603788440e-03	3.047958360977914283e-01	6.652322447674537120e-02	2.325993149234172747e-02	9.037992289131676626e-01
1.798908639143220224e-03	3.047949997304970626e-01	6.652310371454843441e-02	2.325989868083586792e-02	9.037949176657372741e-01
1.837031382726912916e-03	3.047941304459029777e-01	6.652297807779027072e-02	2.325986451556170259e-02	9.037904465249241293e-01
1.875962029250603357e-03	3.047932269585226783e-01	6.652284737043921703e-02	2.325982894074322266e-02	9.037858096033684063e-01
1.915717699915417882e-03	3.047922879332562451e-01	6.652271138867693612e-02	2.325979189833758676e-02	9.037810008220668045e-01
1.956315878757565116e-03	3.047913119833033369e-01	6.652256992046379214e-02	2.325975332788620537e-02	9.037760138970772905e-01
1.997774420337589726e-03	3.047902976682911880e-01	6.652242274525561883e-02	2.325971316643654641e-02	9.037708423304442462e-01
2.040111557592579582e-03	3.047892434922247484e-01	6.652226963372330493e-02	2.325967134846430168e-02	9.037654793867700986e-01
2.083345909854779961e-03	3.047881479013312411e-01	6.652211034740342088e-02	2.325962780577230452e-02	9.037599180504418683e-01
2.127496491040134757e-03	3.047870092818007470e-01	6.652194463822556914e-02	2.325958246732673027e-02	9.037541510294885283e-01
2.172582718010372237e-03	3.047858259575841333e-01	6.652177224816978318e-02	2.325953525916145057e-02	9.037481708836704319e-01
2.218624419112281976e-03	3.047845961881069377e-01	6.652159290897326216e-02	2.325948610430056407e-02	9.037419698296450532e-01
2.265641842897974604e-03	3.047833181656515178e-01	6.652140634168922373e-02	2.325943492262473253e-02	9.037355397697753867e-01
2.313655667029933423e-03	3.047819900127891057e-01	6.652121225613635835e-02	2.325938163068291473e-02	9.037288723967784598e-01
2.362687007374795686e-03	3.047806097797565728e-01	6.652101035049252931e-02	2.325932614157328118e-02	9.037219590665249713e-01
2.412757427289825233e-03	3.047791754418371912e-01	6.652080031096310742e-02	2.325926836486116867e-02	9.037147908269267393e-01
2.463888947106213784e-03	3.047776848965394469e-01	6.652058181130195147e-02	2.325920820643318995e-02	9.037073583508881125e-01
2.516104053813336943e-03	3.047761359602359499e-01	6.652035451208947181e-02	2.325914556824545953e-02	9.036996520853233239e-01
2.569425710948245768e-03	3.047745263654630388e-01	6.652011806032356867e-02	2.325908034820962575e-02	9.036916621197943478e-01
2.623877368694733318e-03	3.047728537577811814e-01	6.651987208902726545e-02	2.325901244009560484e-02	9.036833780781942105e-01
2.679482974196439188e-03	3.047711156922490172e-01	6.651961621663261826e-02	2.325894173333739601e-02	9.036747892531075133e-01
2.736266982088478034e-03	3.047693096301334337e-01	6.651935004623740766e-02	2.325886811277468047e-02	9.036658846372854770e-01
2.794254365252289707e-03	3.047674329351610090e-01	6.651907316501182166e-02	2.325879145847591783e-02	9.036566528032239365e-01
2.853470625798387814e-03	3.047654828700835927e-01	6.651878514380746288e-02	2.325871164565211646e-02	9.036470818723246756e-01
2.913941806281861776e-03	3.047634565929314143e-01	6.651848553647922435e-02	2.325862854443918118e-02	9.036371595390887412e-01
2.975694501155571117e-03	3.047613511526846009e-01	6.651817387891056921e-02	2.325854201955844525e-02	9.036268730865079091e-01
3.038755868466027146e-03	3.047591634851885001e-01	6.651784968837179401e-02	2.325845193012576403e-02	9.036162094179718274e-01
3.103153641797168783e-03	3.047568904093963527e-01	6.651751246313769572e-02	2.325835812957802867e-02	9.036051548285806145e-01
3.168916142467233243e-03	3.047545286225418204e-01	6.651716168156794617e-02	2.325826046537424543e-02	9.035936952335811290e-01
3.236072291984112663e-03	3.047520746954527904e-01	6.651679680103304848e-02	2.325815877861354963e-02	9.035818159767212698e-01
3.304651624764658874e-03	3.047495250680647971e-01	6.651641725720675025e-02	2.325805290382783330e-02	9.035695019156632091e-01
3.374684301123556836e-03	3.047468760443335367e-01	6.651602246351735748e-02	2.325794266886670528e-02	9.035567373837185556e-01
3.446201120537424525e-03	3.047441237874209397e-01	6.651561181019483016e-02	2.325782789457834371e-02	9.035435061228889175e-01
3.519233535190044709e-03	3.047412643138859289e-01	6.651518466292402620e-02	2.325770839433364059e-02	9.035297913115245549e-01
3.593813663804625805e-03	3.047382934884182437e-01	6.651474036200426265e-02	2.325758397377451769e-02	9.035155756390689241e-01
3.669974305769219299e-03	3.047352070183553252e-01	6.651427822184517724e-02	2.325745443073350474e-02	9.035008409958258380e-01
3.747748955561452412e-03	3.047320004477970801e-01	6.651379752974284632e-02	2.325731955481335003e-02	9.034855687017590009e-01
3.827171817478984984e-03	3.047286691509588086e-01	6.651329754430695962e-02	2.325717912682841865e-02	9.034697395173409973e-01
3.908277820682117681e-03	3.047252083260325595e-01	6.651277749447052912e-02	2.325703291850466856e-02	9.034533334701052576e-01
3.991102634555192957e-03	3.047216129890459313e-01	6.651223657902873010e-02	2.325688069243819767e-02	9.034363299122940560e-01
4.075682684393532908e-03	3.047178779669243442e-01	6.651167396508518570e-02	2.325672220155007922e-02	9.034187072437402932e-01
4.162055167422817371e-03	3.047139978897193680e-01	6.651108878621871112e-02	2.325655718842985567e-02	9.034004432572853016e-01
4.250258069157961290e-03	3.047099671837284474e-01	6.651048014137082853e-02	2.325638538499982810e-02	9.033815151533869381e-01
4.340330180108637088e-03	3.047057800643642733e-01	6.650984709437372799e-02	2.325620651249786855e-02	9.033618991368473905e-01
4.432311112838861061e-03	3.047014305279800439e-01	6.650918867202458562e-02	2.325602028078806172e-02	9.033415705020187980e-01
4.526241319388085715e-03	3.046969123432056725e-01	6.650850386200470032e-02	2.325582638761007973e-02	9.033205038415034194e-01
4.622162109061505458e-03	3.046922190424852239e-01	6.650779161145541074e-02	2.325562451814106729e-02	9.032986729512422208e-01
4.720115666597336779e-03	3.046873439144845430e-01	6.650705082670455015e-02	2.325541434508552815e-02	9.032760503931629437e-01
4.820145070719144588e-03	3.046822799944426952e-01	6.650628037085734579e-02	2.325519552779348881e-02	9.032526079446081546e-01
4.922294313081310678e-03	3.046770200536871864e-01	6.650547906125481301e-02	2.325496771134277080e-02	9.032283164400825015e-01
5.026608317615998724e-03	3.046715565906813472e-01	6.650464566797853472e-02	2.325473052608075658e-02	9.032031457285948362e-01
5.133132960290130720e-03	3.046658818217358178e-01	6.650377891353630166e-02	2.325448358774434912e-02	9.031770644954643101e-01
5.241915089281041530e-03	3.046599876697733689e-01	6.650287746988604864e-02	2.325422649634850680e-02	9.031500401554080071e-01
5.353002545579732367e-03	3.046538657529597738e-01	6.650193995567485472e-02	2.325395883518966561e-02	9.031220392843466449e-01
5.466444184030696055e-03	3.046475073739082218e-01	6.650096493436243039e-02	2.325368017025247411e-02	9.030930274158452953e-01
5.582289894817666839e-03	3.046409035084025607e-01	6.649995091403451686e-02	2.325339005045071877e-02	9.030629686023367020e-01
5.700590625404708227e-03	3.046340447938049034e-01	6.649889634390915294e-02	2.325308800628622663e-02	9.030318254756478646e-01
5.821398402942216249e-03	3.046269215148201814e-01	6.649779961075552581e-02	2.325277354849556583e-02	9.029995598462303708e-01
5.944766357147824969e-03	3.046195235908616961e-01	6.649665903681900581e-02	2.325244616745374832e-02	9.029661321406845520e-01
6.070748743672167193e-03	3.046118405649740346e-01	6.649547288025837999e-02	2.325210533371143903e-02	9.029315010773709682e-01
6.199400967959818945e-03	3.046038615883640555e-01	6.649423933030325362e-02	2.325175049609840006e-02	9.028956240884704609e-01
6.330779609615908021e-03	3.045955754049179953e-01	6.649295650345221631e-02	2.325138108033544468e-02	9.028584571793809577e-01
6.464942447289089879e-03	3.045869703364280090e-01	6.649162244082909567e-02	2.325099648818409678e-02	9.028199552043612020e-01
6.601948484081890736e-03	3.045780342703979238e-01	6.649023510912110968e-02	2.325059609826566134e-02	9.027800705906620093e-01
6.741857973499477616e-03	3.045687546415401514e-01	6.648879239451090106e-02	2.325017926365629747e-02	9.027387544726440671e-01
6.884732445948405985e-03	3.045591184143308094e-01	6.648729209832500431e-02	2.324974531029472269e-02	9.026959569529253713e-01
7.030634735796891313e-03	3.045491120660145934e-01	6.648573193388666869e-02	2.324929353595756379e-02	9.026516259685271049e-01
7.179629009008595825e-03	3.045387215726150232e-01	6.648410952822636499e-02	2.324882321148754802e-02	9.026057075117571715e-01
7.331780791361950343e-03	3.045279323877150834e-01	6.648242241433995059e-02	2.324833357767238512e-02	9.025581456036629868e-01
7.487156997267587974e-03	3.045167294218439347e-01	6.648066802619134741e-02	2.324782384342043498e-02	9.025088828876085545e-01
7.645825959196438613e-03	3.045050970238099008e-01	6.647884369510437264e-02	2.324729318457237348e-02	9.024578598789341211e-01
7.807857457731475631e-03	3.044930189642423013e-01	6.647694665218856214e-02	2.324674074554050618e-02	9.024050147023263690e-01
7.973322752256328111e-03	3.044804784111628249e-01	6.647497401877197620e-02	2.324616563538878244e-02	9.023502836200959498e-01
8.142294612294233985e-03	3.044674579066918296e-01	6.647292280066553760e-02	2.324556692574164182e-02	9.022936006093692507e-01
8.314847349511189298e-03	3.044539393440153785e-01	6.647078988382890130e-02	2.324494364933379215e-02	9.022348978910210704e-01
8.491056850397209546e-03	3.044399039517246552e-01	6.646857203845638051e-02	2.324429480247603222e-02	9.021741046308767720e-01
8.671000609640279119e-03	3.044253322633866943e-01	6.646626590644186261e-02	2.324361933984803522e-02	9.021111476059341383e-01
8.854757764207504128e-03	3.044102040899359651e-01	6.646386799491937891e-02	2.324291617214943248e-02	9.020459517727833498e-01
9.042409128148579806e-03	3.043944984960408884e-01	6.646137467143692357e-02	2.324218416446034025e-02	9.019784399413252052e-01
9.234037228136720080e-03	3.043781937810300930e-01	6.645878216965404872e-02	2.324142213957824596e-02	9.019085308364820364e-01
9.429726339762870002e-03	3.043612674425124065e-01	6.645608657305995814e-02	2.324062887117709850e-02	9.018361409224719960e-01
9.629562524599030379e-03	3.043436961475983193e-01	6.645328380843130989e-02	2.323980308142907861e-02	9.017611847976716444e-01
9.833633668047030499e-03	3.043254557024713813e-01	6.645036963911872541e-02	2.323894343868625548e-02	9.016835734619541576e-01
1.004202951798940403e-02	3.043065210335668125e-01	6.644733967423059606e-02	2.323804856242861830e-02	9.016032148178693140e-01
1.025484172425938229e-02	3.042868661454818935e-01	6.644418934781330666e-02	2.323711701441184482e-02	9.015200133668865856e-01
1.047216387894729824e-02	3.042664640853320890e-01	6.644091391078792153e-02	2.323614729576033155e-02	9.014338710490834572e-01
1.069409155756119272e-02	3.042452869110495173e-01	6.643750842419418601e-02	2.323513784460848330e-02	9.013446872042346625e-01
1.092072236105970547e-02	3.042233056692839055e-01	6.643396777090543326e-02	2.323408704244521450e-02	9.012523556505950273e-01
1.115215595877575537e-02	3.042004903454872955e-01	6.643028662924148342e-02	2.323299320273087068e-02	9.011567681302655730e-01
1.138849413224978825e-02	3.041768098252519703e-01	6.642645946362733811e-02	2.323185456756019646e-02	9.010578126515415009e-01
1.162984081999205582e-02	3.041522318560328508e-01	6.642248051764979011e-02	2.323066930523420490e-02	9.009553748233507520e-01
1.187630216319339981e-02	3.041267230257023724e-01	6.641834382985667418e-02	2.322943551865467790e-02	9.008493341349793626e-01
1.212798655240480798e-02	3.041002487014172750e-01	6.641404319932112110e-02	2.322815123032448414e-02	9.007395665894083470e-01
1.238500467520621366e-02	3.040727729873630714e-01	6.640957217640219845e-02	2.322681437915045596e-02	9.006259443875194171e-01
1.264746956488544717e-02	3.040442586803484559e-01	6.640492405296787026e-02	2.322542281693869975e-02	9.005083366672474998e-01
1.291549665014883955e-02	3.040146672467885502e-01	6.640009188613935076e-02	2.322397432048131996e-02	9.003866067308141652e-01
1.318920380588532899e-02	3.039839587519621023e-01	6.639506845415196756e-02	2.322246657216732457e-02	9.002606132919149795e-01
1.346871140500627631e-02	3.039520918124191118e-01	6.638984624491381381e-02	2.322089715599484280e-02	9.001302109395525886e-01
1.375414237138396570e-02	3.039190235417993380e-01	6.638441744585399373e-02	2.321926355391725622e-02	8.999952504988025792e-01
1.404562223391196511e-02	3.038847095338370052e-01	6.637877397451902306e-02	2.321756316137795276e-02	8.998555758408750549e-01
1.434327918171109106e-02	3.038491037721889887e-01	6.637290742126554510e-02	2.321579326198686816e-02	8.997110261165780498e-01
1.464724412050539583e-02	3.038121585790873325e-01	6.636680904132423453e-02	2.321395102500558097e-02	8.995614364163097010e-01
1.495765073019278586e-02	3.037738245573975426e-01	6.636046974032265566e-02	2.321203349996479176e-02	8.994066370412194811e-01
1.527463552363575450e-02	3.037340505669074986e-01	6.635388011377055251e-02	2.321003763677309886e-02	8.992464510606411610e-01
1.559833790669801906e-02	3.036927836256144708e-01	6.634703037638624290e-02	2.320796025393986536e-02	8.990806958403054772e-01
1.592890023955338338e-02	3.036499688466651747e-01	6.633991035280333015e-02	2.320579803581932984e-02	8.989091838334293261e-01
1.626646789929399317e-02	3.036055493753695989e-01	6.633250946079145838e-02	2.320354752632203255e-02	8.987317219292230153e-01
1.661118934386526108e-02	3.035594663667883775e-01	6.632481676444289265e-02	2.320120515564307734e-02	8.985481082828506993e-01
1.696321617735579643e-02	3.035116588662256643e-01	6.631682087851634155e-02	2.319876719708234211e-02	8.983581354525241869e-01
1.732270321667098503e-02	3.034620637411512001e-01	6.630850996223193461e-02	2.319622976624393859e-02	8.981615884798330729e-01
1.768980855961942850e-02	3.034106156047780001e-01	6.629987170128184837e-02	2.319358881378789580e-02	8.979582466777553673e-01
1.806469365444235767e-02	3.033572468071053518e-01	6.629089338322664837e-02	2.319084016211627602e-02	8.977478799392203390e-01
1.844752337081655841e-02	3.033018872815193556e-01	6.628156176624577789e-02	2.318797944546707041e-02	8.975302525881828641e-01
1.883846607236187159e-02	3.032444644732850136e-01	6.627186308617105670e-02	2.318500211622029003e-02	8.973051227323362022e-01
1.923769369068539445e-02	3.031849032555209433e-01	6.626178303274136983e-02	2.318190343569000167e-02	8.970722415643674896e-01
1.964538180099485026e-02	3.031231259228976960e-01	6.625130684095230371e-02	2.317867851914115485e-02	8.968313488187485971e-01
2.006170969931423895e-02	3.030590520094045837e-01	6.624041914046487067e-02	2.317532226753788588e-02	8.965821780788009177e-01
2.048686048133601528e-02	3.029925982129189066e-01	6.622910393521638794e-02	2.317182935680292891e-02	8.963244562630100498e-01
2.092102112294418406e-02	3.029236782973425690e-01	6.621734459569525444e-02	2.316819423933783734e-02	8.960579022591210752e-01
2.136438256244391209e-02	3.028522030968208156e-01	6.620512397319945619e-02	2.316441120142164953e-02	8.957822192545475959e-01
2.181713978453380873e-02	3.027780802969157747e-01	6.619242421351044514e-02	2.316047427560260011e-02	8.954971054632314686e-01
2.227949190605761978e-02	3.027012143521389254e-01	6.617922676286897010e-02	2.315637724588554339e-02	8.952022525426287514e-01
2.275164226357336353e-02	3.026215063783919135e-01	6.616551232062124754e-02	2.315211362909700907e-02	8.948973417739852776e-01
2.323379850277806913e-02	3.025388541686428456e-01	6.615126098900679652e-02	2.314767674773930001e-02	8.945820382528605341e-01
2.372617266982774559e-02	3.024531519295497461e-01	6.613645205372896407e-02	2.314305962847429746e-02	8.942559995065842982e-01
2.422898130459259780e-02	3.023642901968615626e-01	6.612106397340909714e-02	2.313825499982700984e-02	8.939188752038417229e-01
2.474244553588843265e-02	3.022721557111320845e-01	6.610507434793480575e-02	2.313325528034370845e-02	8.935703060477836468e-01
2.526679117872631872e-02	3.021766314534187203e-01	6.608846013540568831e-02	2.312805268448142257e-02	8.932099153041858086e-01
2.580224883362318075e-02	3.020775963275478260e-01	6.607119732483383856e-02	2.312263906950790676e-02	8.928373190113569891e-01
2.634905398801689475e-02	3.019749250708598232e-01	6.605326095422116295e-02	2.311700594851879426e-02	8.924521218582008864e-01
2.690744711983068457e-02	3.018684881246846419e-01	6.603462507399804338e-02	2.311114447405422309e-02	8.920539178737952879e-01
2.747767380323228384e-02	3.017581516781434603e-01	6.601526296310329667e-02	2.310504554946868350e-02	8.916422649703048542e-01
2.805998481663422514e-02	3.016437772981331866e-01	6.599514678346310448e-02	2.309869966290516510e-02	8.912167145202717355e-01
2.865463625298309350e-02	3.015252218374978033e-01	6.597424762300786727e-02	2.309209690989331640e-02	8.907768187118408898e-01
2.926188963238583740e-02	3.014023372833614101e-01	6.595253543820997488e-02	2.308522696995354492e-02	8.903221204526546861e-01
2.988201201712300387e-02	3.012749708430799145e-01	6.592997937396953556e-02	2.307807926492339012e-02	8.898521379810454546e-01
3.051527612909937445e-02	3.011429644881733481e-01	6.590654724842712198e-02	2.307064271590296423e-02	8.893663800742612757e-01
3.116196046978347151e-02	3.010061548677513965e-01	6.588220563238654515e-02	2.306290578433521643e-02	8.888643441232424447e-01
3.182234944268905880e-02	3.008643731432670831e-01	6.585691979328682499e-02	2.305485644818358257e-02	8.883455156932017482e-01
3.249673347845206950e-02	3.007174451100400048e-01	6.583065408809753161e-02	2.304648239830433751e-02	8.878093519803683664e-01
3.318540916255835471e-02	3.005651906503420956e-01	6.580337131336025380e-02	2.303777072813186291e-02	8.872552996858742436e-01
3.388867936577820428e-02	3.004074236642026441e-01	6.577503286840272190e-02	2.302870801276694218e-02	8.866827950038176365e-01
3.460685337736497946e-02	3.002439518556376807e-01	6.574559864544704535e-02	2.301928026146903353e-02	8.860912626086802080e-01
3.534024704107661952e-02	3.000745769572852328e-01	6.571502751884296389e-02	2.300947316587547559e-02	8.854800907493483031e-01
3.608918289407971741e-02	2.998990940254683268e-01	6.568327654696635987e-02	2.299927171453734417e-02	8.848486584525124821e-01
3.685399030879719234e-02	2.997172914017652845e-01	6.565030108344181714e-02	2.298866025895334939e-02	8.841963111568506006e-01
3.763500563776207147e-02	2.995289505154970500e-01	6.561605485711531627e-02	2.297762254340868227e-02	8.835223930061202324e-01
3.843257236154112161e-02	2.993338460946756152e-01	6.558049059066606290e-02	2.296614200914005866e-02	8.828262226713223804e-01
3.924704123979310538e-02	2.991317454028013523e-01	6.554355891936364253e-02	2.295420127544457733e-02	8.821071099058698239e-01
4.007877046552850431e-02	2.989224082044900088e-01	6.550520859254824191e-02	2.294178224134997210e-02	8.813643472616156105e-01
4.092812582263813392e-02	2.987055865356852968e-01	6.546538636047609383e-02	2.292886603984478980e-02	8.805972093237340870e-01
4.179548084676026898e-02	2.984810249990716979e-01	6.542403778178761120e-02	2.291543341441971970e-02	8.798049350432620708e-01
4.268121698955689575e-02	2.982484598594031810e-01	6.538110585850617773e-02	2.290146407981841215e-02	8.789867515069021975e-01
4.358572378647117967e-02	2.980076190391986457e-01	6.533653154643616345e-02	2.288693698416011807e-02	8.781418712149264838e-01
4.450939902804028347e-02	2.977582218728441199e-01	6.529025363611540289e-02	2.287183026032080929e-02	8.772694797569112746e-01
4.545264893483848267e-02	2.974999794837168143e-01	6.524220966013927203e-02	2.285612168679991563e-02	8.763686713411390494e-01
4.641588833612779463e-02	2.972325937247712324e-01	6.519233444663595500e-02	2.283978796820406582e-02	8.754385482251292316e-01
4.739954085229469011e-02	2.969557572094515541e-01	6.514056044718555261e-02	2.282280486860159205e-02	8.744782268858724006e-01
4.840403908115278181e-02	2.966691531067444099e-01	6.508681742937108550e-02	2.280514705389908789e-02	8.734868082038454995e-01
4.942982478819387543e-02	2.963724554917137599e-01	6.503103395838027989e-02	2.278678891970461681e-02	8.724633347593546695e-01
5.047734910087089966e-02	2.960653282385641294e-01	6.497313535690542319e-02	2.276770353876454711e-02	8.714068440634429313e-01
5.154707270699779992e-02	2.957474250618169487e-01	6.491304409171674838e-02	2.274786277040112201e-02	8.703163624624492556e-01
5.263946605735428386e-02	2.954183893031855357e-01	6.485067973000348263e-02	2.272723731168052597e-02	8.691908910325125692e-01
5.375500957258409762e-02	2.950778543633642004e-01	6.478596072281901652e-02	2.270579770688454027e-02	8.680293368274153432e-01
5.489419385447772554e-02	2.947254424564158537e-01	6.471880188346929019e-02	2.268351298993266651e-02	8.668306105480235724e-01
5.605751990173300781e-02	2.943607647148219764e-01	6.464911488601146616e-02	2.266035088655509247e-02	8.655936339481160591e-01
5.724549933028778848e-02	2.939834209903474660e-01	6.457680834832342509e-02	2.263627794773715937e-02	8.643173045610269556e-01
5.845865459832211286e-02	2.935930003055724491e-01	6.450178962044432474e-02	2.261126046258583530e-02	8.630004524766040630e-01
5.969751923602879817e-02	2.931890795523933169e-01	6.442396185904034067e-02	2.258526290342243587e-02	8.616419202661715904e-01
6.096263808025296355e-02	2.927712236429462767e-01	6.434322465604994101e-02	2.255824830144779330e-02	8.602404975024875444e-01
6.225456751410456124e-02	2.923389853424132045e-01	6.425947443266373516e-02	2.253017853027301787e-02	8.587948575059057843e-01
6.357387571164835327e-02	2.918919056953206415e-01	6.417260598946311623e-02	2.250101490710272253e-02	8.573036635432201846e-01
6.492114288777969811e-02	2.914295127534908270e-01	6.408250951574460952e-02	2.247071682732601494e-02	8.557656297275887392e-01
6.629696155339574737e-02	2.909513217690389841e-01	6.398907115239230170e-02	2.243924195875157332e-02	8.541794417750779855e-01
6.770193677597398374e-02	2.904568350728830572e-01	6.389217353359023799e-02	2.240654655696999037e-02	8.525437656740123549e-01
6.913668644567325106e-02	2.899455424046273322e-01	6.379169884688383474e-02	2.237258718868982352e-02	8.508571874958703596e-01
7.060184154707406512e-02	2.894169198112168662e-01	6.368752265495278286e-02	2.233731754010309656e-02	8.491182132295916896e-01
7.209804643667737378e-02	2.888704298613769539e-01	6.357951763275095092e-02	2.230069012989025629e-02	8.473254055822565523e-01
7.362595912628441819e-02	2.883055215978220787e-01	6.346755205728850380e-02	2.226265551214340679e-02	8.454773357345419793e-01
7.518625157238204015e-02	2.877216306348369113e-01	6.335149297273040547e-02	2.222316417856116250e-02	8.435724399360293724e-01
7.677960997166025092e-02	2.871181784736238640e-01	6.323120159336934054e-02	2.218216397237541410e-02	8.416091884668362999e-01
7.840673506279315086e-02	2.864945727049910684e-01	6.310653536533972208e-02	2.213960146020138228e-02	8.395858681075778485e-01
8.006834243461452560e-02	2.858502070115391813e-01	6.297734713749043867e-02	2.209542129452976220e-02	8.375008049814157696e-01
8.176516284082480102e-02	2.851844609168133204e-01	6.284348863561607657e-02	2.204956768536154091e-02	8.353523355838358144e-01
8.349794252136732986e-02	2.844966998155714077e-01	6.270480647066417612e-02	2.200198264124410275e-02	8.331388312147451902e-01
8.526744353061486981e-02	2.837862751421567076e-01	6.256114053548043896e-02	2.195260517131294303e-02	8.308586075200057319e-01
8.707444407251174745e-02	2.830525243637640465e-01	6.241232376853755870e-02	2.190137114947429686e-02	8.285098086810281925e-01
8.891973884281766105e-02	2.822947702053507646e-01	6.225819250793358794e-02	2.184821867843624726e-02	8.260906438115920292e-01
9.080413937860487561e-02	2.815123218618159062e-01	6.209857661956613706e-02	2.179308306130342543e-02	8.235993798899892138e-01
9.272847441516200717e-02	2.807044750345589756e-01	6.193330030235592865e-02	2.173589691140786692e-02	8.210342319297166958e-01
9.469359025046093781e-02	2.798705119338187886e-01	6.176218248659343102e-02	2.167659069909478459e-02	8.183931000669251166e-01
9.670035111734798239e-02	2.790096995123145240e-01	6.158504468920148606e-02	2.161509674169148978e-02	8.156739897810720841e-01
9.874963956362264872e-02	2.781212927605895557e-01	6.140170172195882903e-02	2.155134430623423594e-02	8.128750532933686213e-01
1.008423568401705106e-01	2.772045343812966633e-01	6.121196033989220048e-02	2.148525888257433319e-02	8.099943626276592257e-01
1.029794232973221257e-01	2.762586546399329879e-01	6.101561740071617668e-02	2.141676107885604613e-02	8.070297950249517571e-01
1.051617787896111378e-01	2.752828682920504533e-01	6.081247883780566826e-02	2.134577673388099103e-02	8.039793535261546831e-01
1.073903830891107247e-01	2.742763809139372455e-01	6.060234295630494844e-02	2.127222762186809293e-02	8.008411439072451454e-01
1.096662163075285135e-01	2.732383880629591366e-01	6.038500320585234865e-02	2.119603408748420986e-02	7.976129650585418451e-01
1.119902793272475605e-01	2.721680746099950365e-01	6.016024604874555676e-02	2.111711330653892257e-02	7.942924856870975381e-01
1.143635942415015677e-01	2.710646100072959253e-01	5.992786495594158713e-02	2.103538617781693099e-02	7.908776330859886849e-01
1.167872048038782751e-01	2.699271589627836865e-01	5.968764632820072746e-02	2.095076996722012447e-02	7.873664029752885929e-01
1.192621768873494831e-01	2.687548798557087282e-01	5.943936733428954733e-02	2.086317740331278606e-02	7.837566483434532660e-01
1.217895989530276418e-01	2.675469229737245658e-01	5.918280626510866171e-02	2.077252207388957314e-02	7.800463593386681715e-01
1.243705825288575900e-01	2.663024236494416219e-01	5.891774258317842433e-02	2.067871869113979688e-02	7.762331854725547098e-01
1.270062626984522769e-01	2.650205191418881778e-01	5.864394619353371224e-02	2.058167655149749711e-02	7.723146913622019882e-01
1.296977986002878502e-01	2.637003459513429515e-01	5.836119106622066760e-02	2.048130742499525841e-02	7.682888667088594303e-01
1.324463739374786009e-01	2.623410359872040409e-01	5.806924721419793461e-02	2.037752118355646777e-02	7.641536919377414083e-01
1.352531974983535168e-01	2.609417071091545970e-01	5.776788415730427229e-02	2.027022845050893349e-02	7.599067835113444414e-01
1.381195036880665805e-01	2.595014887077021770e-01	5.745686898019174149e-02	2.015933644857232504e-02	7.555462225491367256e-01
1.410465530714722360e-01	2.580195174072119624e-01	5.713597495732359449e-02	2.004475785652534009e-02	7.510696949683185464e-01
1.440356329275057634e-01	2.564949296511561116e-01	5.680497478455096005e-02	1.992640540657674222e-02	7.464749274895685627e-01
1.470880578153118678e-01	2.549268492090218663e-01	5.646362732520944505e-02	1.980418328758897992e-02	7.417596836159073836e-01
1.502051701523716420e-01	2.533144247544630301e-01	5.611170273218888532e-02	1.967800211247661829e-02	7.369218912606296801e-01
1.533883408048797858e-01	2.516568233161260437e-01	5.574896618412490679e-02	1.954776658520644694e-02	7.319596978899254314e-01
1.566389696906345663e-01	2.499532168195499338e-01	5.537518535477559817e-02	1.941338362572738244e-02	7.268707512650549596e-01
1.599584863947036695e-01	2.482027663976081877e-01	5.499014224830867797e-02	1.927476879771201218e-02	7.216528294416755251e-01
1.633483507981373095e-01	2.464046762282834924e-01	5.459362792758556959e-02	1.913184289186762796e-02	7.163041868504631537e-01
1.668100537200059019e-01	2.445581838616615600e-01	5.418542916079245597e-02	1.898452150267470120e-02	7.108232635309472691e-01
1.703451175730422984e-01	2.426625370144917249e-01	5.376534713465905974e-02	1.883272912440507596e-02	7.052084413818426878e-01
1.739550970331800450e-01	2.407169749609399390e-01	5.333318474912154827e-02	1.867639100350532155e-02	6.994572923393403974e-01
1.776415797232799298e-01	2.387208040495940875e-01	5.288875949307188240e-02	1.851543723310291809e-02	6.935685704756584524e-01
1.814061869113461622e-01	2.366733837870855506e-01	5.243184941553849510e-02	1.834977497948273029e-02	6.875404589994220661e-01
1.852505742235391883e-01	2.345740884088140799e-01	5.196227275938890278e-02	1.817933157705459157e-02	6.813715516863039223e-01
1.891764323722997243e-01	2.324222863573935094e-01	5.147985982059780780e-02	1.800404243242849020e-02	6.750597982841320954e-01
1.931854878999012814e-01	2.302174443142790405e-01	5.098447929077396662e-02	1.782386122993295449e-02	6.686043886654661206e-01
1.972795039377621684e-01	2.279591076579330633e-01	5.047598768553845233e-02	1.763873111996001192e-02	6.620044810980679761e-01
2.014602809818480389e-01	2.256468386793391012e-01	4.995428852287980837e-02	1.744862292623300740e-02	6.552594544412562172e-01
2.057296576845067948e-01	2.232801966270402394e-01	4.941929048301867133e-02	1.725351138866450251e-02	6.483679096530290398e-01
2.100895116630852322e-01	2.208588786077718413e-01	4.887083504000620110e-02	1.705332111657872560e-02	6.413288814604789501e-01
2.145417603256798700e-01	2.183826924265576119e-01	4.830883358440680314e-02	1.684801590581875771e-02	6.341421294025101352e-01
2.190883617143895290e-01	2.158514603727105241e-01	4.773325897983424909e-02	1.663759529911718396e-02	6.268071645236248379e-01
2.237313153664367560e-01	2.132650039939820996e-01	4.714410257656428960e-02	1.642207135413180363e-02	6.193238124905272590e-01
2.284726631935388719e-01	2.106233319193087650e-01	4.654136190461296424e-02	1.620144767368917813e-02	6.116927849473121626e-01
2.333144903799153069e-01	2.079266028700750557e-01	4.592505221240833491e-02	1.597572916480884814e-02	6.039145081035690588e-01
2.382589262993237145e-01	2.051749791019413238e-01	4.529516538210685839e-02	1.574491292901407380e-02	5.959886078128641129e-01
2.433081454515323150e-01	2.023686235192326266e-01	4.465178430895041378e-02	1.550904907332050810e-02	5.879161126159738737e-01
2.484643684186368384e-01	1.995079458472463485e-01	4.399500968977293480e-02	1.526818271040470201e-02	5.796980611273500061e-01
2.537298628416438939e-01	1.965935530335890247e-01	4.332501331793350147e-02	1.502239113377835771e-02	5.713366724887322112e-01
2.591069444177515613e-01	1.936260310289958930e-01	4.264195092880124216e-02	1.477174605408557856e-02	5.628335525084605662e-01
2.645979779187619951e-01	1.906059660953317858e-01	4.194595865792791894e-02	1.451630892838191335e-02	5.541894774190164741e-01
2.702053782310787078e-01	1.875342619649682241e-01	4.123726787908853220e-02	1.425617861428039000e-02	5.454068798980542532e-01
2.759316114177428059e-01	1.844120743376262139e-01	4.051620486386076775e-02	1.399149702996601262e-02	5.364898628679887205e-01
2.817791958029755572e-01	1.812404929614714888e-01	3.978310768476676224e-02	1.372242052441332780e-02	5.274409303549850714e-01
2.877507030797054055e-01	1.780206049480808628e-01	3.903820583959058399e-02	1.344903881997070068e-02	5.182622910895303692e-01
2.938487594405665426e-01	1.747538960166015176e-01	3.828188814155399772e-02	1.317151399562666025e-02	5.089579019503721602e-01
3.000760467328633108e-01	1.714421652591178180e-01	3.751473356088065592e-02	1.289011058036836424e-02	4.995335623612808806e-01
3.064353036380134121e-01	1.680870719762194709e-01	3.673711814960183702e-02	1.260497387631783969e-02	4.899928305907565451e-01
3.129293268759847368e-01	1.646902663763015751e-01	3.594947027625117197e-02	1.231628388300769032e-02	4.803393213919794902e-01
3.195609724352570513e-01	1.612538873502863401e-01	3.515245040852538194e-02	1.202433326905837617e-02	4.705798418895983382e-01
3.263331568288500573e-01	1.577804533001066489e-01	3.434669243918971743e-02	1.172937616668811439e-02	4.607205193434997237e-01
3.332488583769670498e-01	1.542722302336029250e-01	3.353276701574689489e-02	1.143164835366649625e-02	4.507667808099226625e-01
3.403111185168231634e-01	1.507314646170347661e-01	3.271135467713762873e-02	1.113144249727282195e-02	4.407248210466831462e-01
3.475230431402304698e-01	1.471609876694358332e-01	3.188319637298316772e-02	1.082906428685729248e-02	4.306019433657402584e-01
3.548878039595292910e-01	1.435640777921967925e-01	3.104911257505377220e-02	1.052484018081078360e-02	4.204064058025884787e-01
3.624086399024666338e-01	1.399435995473126138e-01	3.020996499515373260e-02	1.021914127481114189e-02	4.101463129847844891e-01
3.700888585366366446e-01	1.363023836643936504e-01	2.936644625151004981e-02	9.912238992298209178e-03	3.998280948096042953e-01
3.779318375241043637e-01	1.326439433061978868e-01	2.851952928123874936e-02	9.604536971943041998e-03	3.894612343212109362e-01
3.859410261068597081e-01	1.289723037568183128e-01	2.767026914579135202e-02	9.296458728842674213e-03	3.790566892125389331e-01
3.941199466237500504e-01	1.252908574033760325e-01	2.681953783100288549e-02	8.988351517138792185e-03	3.686226151498312453e-01
4.024721960595590287e-01	1.216029461366749387e-01	2.596828294626294872e-02	8.680606910067771576e-03	3.581681393883303088e-01
4.110014476269163164e-01	1.179126879648274701e-01	2.511752340969257424e-02	8.373620898351167782e-03	3.477034786818125056e-01
4.197114523817274123e-01	1.142247701258950893e-01	2.426853474214734144e-02	8.067907675735877873e-03	3.372416895325098252e-01
4.286060408728412652e-01	1.105429654812878082e-01	2.342224329791863652e-02	7.763822682009548747e-03	3.267918990035517113e-01
4.376891248266767120e-01	1.068709807754713026e-01	2.257965954630683850e-02	7.461767447697852974e-03	3.163642150376361206e-01
4.469646988675492483e-01	1.032133821786923311e-01	2.174193058140408419e-02	7.162186518399267163e-03	3.059703180446025073e-01
4.564368422744575216e-01	9.957534926781211326e-02	2.091041279558680452e-02	6.865608271252696126e-03	2.956247640299241031e-01
4.661097207750954374e-01	9.596080566967533920e-02	2.008606394598304659e-02	6.572391910023599355e-03	2.853370336942526730e-01
4.759875883778879602e-01	9.237359998357001778e-02	1.926986170578352461e-02	6.282905661678076133e-03	2.751174901156177577e-01
4.860747892428489703e-01	8.881850712041725049e-02	1.846304180521020702e-02	5.997625060954422417e-03	2.649793363226069509e-01
4.963757595920870180e-01	8.530094248071323770e-02	1.766688149156850698e-02	5.717014594559000421e-03	2.549365016277653773e-01
5.068950296608012440e-01	8.182467653124586571e-02	1.688235990714718332e-02	5.441442319362615673e-03	2.449996269786220426e-01
5.176372256896176749e-01	7.839341036852280620e-02	1.611035513858742954e-02	5.171217172391878204e-03	2.351786924910437560e-01
5.286070719591531297e-01	7.501181721959537807e-02	1.535195842623925111e-02	4.906726501626081961e-03	2.254857405231406597e-01
5.398093928676924724e-01	7.168521884019590784e-02	1.460851748699055694e-02	4.648471416080646006e-03	2.159364899419961015e-01
5.512491150528981976e-01	6.841688075676186087e-02	1.388070915015421521e-02	4.396660908579126149e-03	2.065386751277523691e-01
5.629312695584811621e-01	6.521002842202502925e-02	1.316929822740200984e-02	4.151552867845421588e-03	1.973021101950561684e-01
5.748609940467923618e-01	6.206888206296969079e-02	1.247523712402591640e-02	3.913468247454599154e-03	1.882380618273849782e-01
5.870435350582976497e-01	5.899830042371744659e-02	1.179965681088131040e-02	3.682795261773565490e-03	1.793606349435213632e-01
5.994842503189414806e-01	5.600068976057623327e-02	1.114300108225892497e-02	3.459643911845383581e-03	1.706760788362105541e-01
6.121886110964055439e-01	5.307847734675516516e-02	1.050580047360163277e-02	3.244168652231585112e-03	1.621922549186787521e-01
6.251622046063020077e-01	5.023508552856299075e-02	9.888725518680809359e-03	3.036560773999669692e-03	1.539182975645779494e-01
6.384107364693620834e-01	4.747455132383787690e-02	9.292659047252162241e-03	2.837097976888735065e-03	1.458663368257815951e-01
6.519400332206916060e-01	4.479812359527390181e-02	8.717763295031415866e-03	2.645779790096215462e-03	1.380406215626465427e-01
6.657560448722088520e-01	4.220716941121655658e-02	8.164197982723721617e-03	2.462599902584283133e-03	1.304448821442863171e-01
6.798648475293831428e-01	3.970403231660523530e-02	7.632410701689588441e-03	2.287665267493830829e-03	1.230871828486813091e-01
6.942726460634290886e-01	3.729163912359794580e-02	7.122914038559433579e-03	2.121095508606595133e-03	1.159760736046584750e-01
7.089857768401280902e-01	3.496989955114045145e-02	6.635503569648384947e-03	1.962745676456553214e-03	1.091117681265095091e-01
7.240107105064845783e-01	3.273897222908074556e-02	6.170070209868632610e-03	1.812512560244689246e-03	1.024962665476811946e-01
7.393540548364295750e-01	3.059995930683622606e-02	5.726702874025978510e-03	1.670361341014807519e-03	9.613352205824220176e-02
7.550225576368376768e-01	2.855451376393789917e-02	5.305595837940159723e-03	1.536291747775863324e-03	9.002889577724101922e-02
7.710231097151263313e-01	2.660118572321789124e-02	4.906220086397908992e-03	1.410044451830795706e-03	8.417939471632088222e-02
7.873627479097432547e-01	2.473892703699065443e-02	4.528149965670030461e-03	1.291400260914657774e-03	7.858328551835552789e-02
8.040486581848822478e-01	2.296758973420932534e-02	4.171167665488472419e-03	1.180215784588111360e-03	7.324108773318939447e-02
8.210881787907730045e-01	2.128754751964153855e-02	3.835185435736379340e-03	1.076395631135402143e-03	6.815517099359720554e-02
8.384888034909533383e-01	1.969614568455944903e-02	3.519403080642120093e-03	9.795934581799026122e-04	6.331905293324083250e-02
8.562581848579297050e-01	1.819128670935604361e-02	3.223165623330294122e-03	8.895195830670418790e-04	5.872803534210906118e-02
8.744041376386801900e-01	1.677172139267035789e-02	2.946016459638111078e-03	8.059568653123035066e-04	5.437962552882073808e-02
8.929346421914835519e-01	1.543669703829729685e-02	2.687597756936620924e-03	7.287204500821534885e-04	5.027271419320324813e-02
9.118578479955742333e-01	1.418265897512034981e-02	2.446958635561981895e-03	6.574319054343014156e-04	4.639834094807560039e-02
9.311820772351820930e-01	1.300674410311528778e-02	2.223300574144433921e-03	5.917679557876441131e-04	4.274931914746157857e-02
9.509158284595223831e-01	1.190687689058187587e-02	2.016011831925195244e-03	5.314728457695894106e-04	3.932076084185009285e-02
9.710677803203476843e-01	1.088145413201867598e-02	1.824584998182912816e-03	4.763271808931398990e-04	3.610919728787747446e-02
9.916467953887124764e-01	9.926416701438683585e-03	1.647999505228340536e-03	4.259490174977179121e-04	3.310386639534794451e-02
1.012661924052612461e+00	9.038488417709652362e-03	1.485412392274813951e-03	3.800195833442212841e-04	3.029613142229335698e-02
1.034122408497234025e+00	8.215109568107671970e-03	1.336149656178310706e-03	3.382803742988034794e-04	2.767945943280133991e-02
1.056037686769547568e+00	7.454164635931932216e-03	1.199634911869265413e-03	3.005065909588006926e-04	2.524859718114363591e-02
1.078417396929040706e+00	6.751499103150695666e-03	1.074890483333846907e-03	2.663533195523586842e-04	2.299222636773172804e-02
1.101271381286411888e+00	6.103775801147730273e-03	9.611178399394875848e-04	2.355368695531396194e-04	2.090127490786726494e-02
1.124609690732098155e+00	5.508291973403864686e-03	8.576563153687100311e-04	2.078205491063442691e-04	1.896845441473970009e-02
1.148442589156521310e+00	4.962752613257490758e-03	7.639389675524124604e-04	1.830001021909395242e-04	1.718768240581416973e-02
1.172780557964020254e+00	4.463258369355620203e-03	6.790997536599476664e-04	1.607864529019174143e-04	1.554800055092365497e-02
1.197634300682437924e+00	4.006702404467286927e-03	6.024404791121818793e-04	1.409457967299942484e-04	1.404068282633917121e-02
1.223014747670394531e+00	3.590521086330619466e-03	5.333786950508892814e-04	1.232825662160085987e-04	1.265853820841063640e-02
1.248933060924324545e+00	3.212512128556752316e-03	4.714138915575010651e-04	1.076285923590947387e-04	1.139550819594719981e-02
1.275400638987373769e+00	2.869275509250628770e-03	4.158300283214207919e-04	9.375771160550212097e-05	1.024166567180428110e-02
1.302429121962336289e+00	2.558128898315533296e-03	3.660589184538567487e-04	8.149033905869657252e-05	9.189208233827595232e-03
1.330030396630823342e+00	2.276837360793864274e-03	3.216300756735302087e-04	7.067830882694348647e-05	8.231747746537733737e-03
1.358216601680917401e+00	2.023472737445131554e-03	2.821305280035363034e-04	6.119131951134203012e-05	7.363674216639460451e-03
1.387000133045610317e+00	1.795256937986825863e-03	2.470113781387560901e-04	5.286595532081443547e-05	6.576692422684285444e-03
1.416393649354382722e+00	1.590021803399784255e-03	2.158398560233535789e-04	4.557319943553530525e-05	5.864285386518292530e-03
1.446410077500298819e+00	1.405952401278086957e-03	1.882574123691022137e-04	3.920691026363590096e-05	5.221072504979495932e-03
1.477062618325094778e+00	1.241482245715871393e-03	1.639510317588262168e-04	3.367449791761472147e-05	4.642326561532304600e-03
1.508364752424737887e+00	1.094470225309876173e-03	1.425219255961370890e-04	2.886398195165057760e-05	4.121444578214034961e-03
1.540330246078020826e+00	9.632638545291716085e-04	1.236606527196187433e-04	2.468859889944184093e-05	3.653321003586113783e-03
1.572973157300799230e+00	8.464775476110400574e-04	1.071092801801499351e-04	2.107651418099149856e-05	3.233686004074535787e-03
1.606307842028519950e+00	7.429173725190860557e-04	9.264596842727313873e-05	1.796629603888940711e-05	2.858840695042858416e-03
1.640348960429783842e+00	6.510182192401777227e-04	7.999578779086758350e-05	1.528524182342481369e-05	2.523776976933277041e-03
1.675111483353698638e+00	5.695855825122018339e-04	6.894916546726631969e-05	1.297816848601491956e-05	2.224693315330269518e-03
1.710610698913865635e+00	4.976179616272472352e-04	5.933120083584922437e-05	1.099935874291015864e-05	1.958396287834952756e-03
1.746862219211904321e+00	4.342547538884365069e-04	5.099249102687396218e-05	9.310066826090834715e-06	1.722129519972233434e-03
1.783881987203444153e+00	3.784055640788648958e-04	4.375333439004450273e-05	7.865684461940574386e-06	1.512290068429716005e-03
1.821686283709640364e+00	3.292472647699406867e-04	3.747825927721304439e-05	6.632734334817658976e-06	1.326173482569746034e-03
1.860291734577268707e+00	2.860904607089038271e-04	3.205458998670387548e-05	5.583634004828844076e-06	1.161501393402664725e-03
1.899715317990559260e+00	2.483446622698981619e-04	2.738658218705772312e-05	4.695159865962223449e-06	1.016310332614479015e-03
1.939974371937992492e+00	2.152825769039849952e-04	2.336190834469937275e-05	3.941173886255098359e-06	8.881262032507014669e-04
1.981086601837313665e+00	1.863609559224689192e-04	1.989693403589197306e-05	3.302332674323710016e-06	7.751001005479698277e-04
2.023070088322156401e+00	1.611255241733381435e-04	1.692232023650080473e-05	2.762765020134183356e-06	6.756750648876422814e-04
2.065943295193674256e+00	1.391884804230402134e-04	1.437928189907745290e-05	2.309144758348493486e-06	5.885189099240393336e-04
2.109725077540682392e+00	1.200834390291865222e-04	1.220059585346211811e-05	1.926853154273640166e-06	5.119917381898237731e-04
2.154434690031884259e+00	1.034655297421671242e-04	1.033651906908713140e-05	1.605127772770333947e-06	4.448726055683644071e-04
2.200091795383838367e+00	8.904687218155829987e-05	8.746137682195929839e-06	1.334767879704154546e-06	3.861459527998045596e-04
2.246716473008353532e+00	7.658249856326920725e-05	7.394898960007979642e-06	1.109867463340346924e-06	3.349379778411820446e-04
2.294329227843169949e+00	6.578373825856132927e-05	6.243833257950423572e-06	9.211101495821045782e-07	2.901954060152719494e-04
2.342950999369765697e+00	5.643915504555971710e-05	5.264616881670321648e-06	7.632533282883634308e-07	2.511469140141873047e-04
2.392603170822269476e+00	4.837256136094093714e-05	4.433874556005249534e-06	6.312085006913485137e-07	2.171451074175217858e-04
2.443307578591545681e+00	4.143446867745803906e-05	3.731943896117917358e-06	5.224044259414200821e-07	1.876381519981713819e-04
2.495086521828544068e+00	3.545178418477866656e-05	3.137127490279834256e-06	4.310299652055164985e-07	1.619718827579089376e-04
2.547962772251191943e+00	3.029885141962367775e-05	2.633713152354107777e-06	3.552828168452484474e-07	1.396715134927115792e-04
2.601959584159102334e+00	2.587113171370042901e-05	2.208783135071474599e-06	2.926676347341018359e-07	1.203371840744460306e-04
2.657100704660517732e+00	2.208015084536763881e-05	1.851555092635184212e-06	2.409011061230235765e-07	1.036312953486783189e-04
2.713410384115983121e+00	1.882501697187387798e-05	1.550250971532918538e-06	1.980170258487418663e-07	8.915858999481274629e-05
2.770913386803353973e+00	1.603309239113427409e-05	1.296420301195689854e-06	1.624374070398256707e-07	7.663310041174601218e-05
2.829635001808795014e+00	1.364403271226550186e-05	1.082663887032403880e-06	1.333706225922607782e-07	6.581664366803264611e-05
2.889601054148607684e+00	1.160687194642109595e-05	9.046563181550533381e-07	1.090680334916515871e-07	5.650656150176024633e-05
2.950837916126738403e+00	9.864264979901950179e-06	7.547356054901738761e-07	8.924935503525737386e-08	4.846986199224131807e-05
3.013372518932980082e+00	8.375240918292374036e-06	6.285333389629582099e-07	7.310009703782950448e-08	4.153922203817100156e-05
3.077232364486974792e+00	7.105803330403100245e-06	5.232617979408466592e-07	5.986921087436347021e-08	3.557536845527328794e-05
3.142445537533192557e+00	6.027284696033307292e-06	4.355110416221621948e-07	4.868624267879305409e-08	3.045970827157487107e-05
3.209040717992251324e+00	5.107810569724597877e-06	3.621059835319047596e-07	3.977477038075164288e-08	2.605769241870607291e-05
3.277047193573979555e+00	4.324767606126296098e-06	3.008027311281843023e-07	3.246610429937003861e-08	2.227365441504345131e-05
3.346494872657771680e+00	3.659409797532213169e-06	2.496346067648366832e-07	2.650274562983714663e-08	1.902771108415195171e-05
3.417414297445926952e+00	3.095946729571099549e-06	2.071083503107255695e-07	2.148144018963768375e-08	1.625195584654456481e-05
3.489836657395697816e+00	2.617007658243643661e-06	1.716786681176871001e-07	1.749468638247724226e-08	1.387019830261607393e-05
3.563793802936028321e+00	2.210347868007434658e-06	1.422111747727832017e-07	1.423653497707893379e-08	1.182852690931736674e-05
3.639318259474964901e+00	1.865824109497490499e-06	1.178704876574737126e-07	1.158769812767994052e-08	1.008202962512265502e-05
3.716443241703908829e+00	1.574897430596520778e-06	9.731617922717208927e-08	9.364643381453871461e-09	8.592613387376368155e-06
3.795202668205029717e+00	1.328264632858543574e-06	8.043392729355600077e-08	7.605487404231860113e-09	7.317812239540340616e-06
3.875631176368202979e+00	1.119405988939215273e-06	6.656380771938911977e-08	6.172430679693659537e-09	6.227815334958115223e-06
3.957764137624104617e+00	9.424307578245397182e-07	5.510544062342645732e-08	5.011155245107940562e-09	5.297704600802028255e-06
4.041637673000112230e+00	7.942734979599896191e-07	4.530535798236307600e-08	4.039266237121706412e-09	4.506410791269974422e-06
4.127288669005872102e+00	6.685492835598068086e-07	3.743143268096800026e-08	3.272427554877158309e-09	3.830630123405106543e-06
4.214754793855508552e+00	5.619708442842893372e-07	3.090983219627282966e-08	2.649483814241583296e-09	3.254083768544762347e-06
4.304074514033643162e+00	4.723117056192590276e-07	2.553667804029947072e-08	2.146150523280489036e-09	2.763195474787886291e-06
4.395287111212434539e+00	3.971135919397126357e-07	2.095104132397346273e-08	1.725911411467751516e-09	2.346451244399579386e-06
4.488432699527177050e+00	3.336027943370173566e-07	1.727567515870121559e-08	1.395206484230733755e-09	1.991242682307862300e-06
4.583552243217979161e+00	2.799558286852124184e-07	1.423851791691475280e-08	1.127228564807932345e-09	1.688791339833920517e-06
4.680687574645305382e+00	2.350911364974325532e-07	1.174227812201029953e-08	9.112748435469788490e-10	1.431319407135900667e-06
4.779881412687339015e+00	1.972055238169114392e-07	9.615759520076690216e-09	7.313385569841227258e-10	1.214010022178673424e-06
4.881177381527165515e+00	1.653767877683517200e-07	7.915143011241569143e-09	5.900769836341577221e-10	1.028710256727225570e-06
4.984620029838152888e+00	1.384927030666365611e-07	6.512664685343524191e-09	4.758606481788478847e-10	8.712081161063806932e-07
5.090254850375883322e+00	1.163443381351021997e-07	5.362468153490871572e-09	3.840325595332532019e-10	7.371438477072564444e-07
5.198128299985286915e+00	9.724375181425281569e-08	4.384054838457850814e-09	3.076446112339341116e-10	6.245731390467474225e-07
5.308287820031761584e+00	8.140661476012712700e-08	3.603158798744089013e-09	2.478025401836102685e-10	5.281007069621204693e-07
5.420781857265304815e+00	6.825000202363625554e-08	2.960309192578741346e-09	1.995107919550482746e-10	4.466625944847232237e-07
5.535659885126738011e+00	5.726419382790473417e-08	2.434136287793074525e-09	1.607670296917299569e-10	3.775852938532833159e-07
5.652972425505520704e+00	4.771516814608417391e-08	1.987069170140221247e-09	1.285804343668324894e-10	3.192548645006114723e-07
5.772771070958623518e+00	3.996535427886051235e-08	1.630908591421083917e-09	1.034148125090158978e-10	2.697896972478197598e-07
5.895108507400270703e+00	3.346664954385151469e-08	1.338174536855827867e-09	8.314141482541525275e-11	2.279225949333083402e-07
6.020038537272556667e+00	2.804932486004718757e-08	1.099003592929456103e-09	6.690768923171577396e-11	1.926454267064810106e-07
6.147616103207036886e+00	2.334394748169938525e-08	8.959700022727779519e-10	5.343534943651481757e-11	1.624641413429031834e-07
6.277897312187818990e+00	1.953124825144853078e-08	7.344958501660063783e-10	4.292070381597635178e-11	1.371175899123099007e-07
6.410939460226692255e+00	1.633816215985106103e-08	6.019631879931118731e-10	3.446291565360485093e-11	1.157195576448368267e-07
6.546801057561175696e+00	1.368055555986097723e-08	4.938604269988527090e-10	2.770234441059322853e-11	9.789056800376719969e-08
6.685541854386596761e+00	1.137329439801936388e-08	4.021466111646488959e-10	2.209585154189691397e-11	8.223058334327222473e-08
6.827222867133428963e+00	9.506571754411897169e-09	3.293214855720937805e-10	1.772747380715500765e-11	6.944243737721532774e-08
6.971906405301561804e+00	7.944998022526011104e-09	2.696229184273259372e-10	1.421831075594779479e-11	5.863567071628034615e-08
7.119656098863218929e+00	6.647214320570749716e-09	2.210043166346781545e-10	1.141791718835423309e-11	4.956324749449730637e-08
7.270536926246596643e+00	5.520738065689838922e-09	1.797698536204851370e-10	9.096590396767761812e-12	4.159546473800647138e-08
7.424615242912579127e+00	4.610667481818479758e-09	1.470772681769873870e-10	7.290747660390508161e-12	3.509813233377180762e-08
7.581958810536977289e+00	3.850136606291848677e-09	1.203068984043674512e-10	5.841810398611984423e-12	2.961292157214741598e-08
7.742636826811277295e+00	3.218980480818513054e-09	9.853754466819956892e-11	4.687322934091173290e-12	2.501432093179144565e-08
7.906719955874896399e+00	2.671081087842860138e-09	8.007474292199299634e-11	3.730450647013002032e-12	2.097507772075060735e-08
8.074280359392364659e+00	2.229072334222325523e-09	6.545823126858933752e-11	2.987201652916300150e-12	1.768590678576395406e-08
8.245391728289099831e+00	1.860027219546102278e-09	5.350114495217717128e-11	2.391470160983266806e-12	1.491147300863496046e-08
8.420129315159766037e+00	1.554201964078130405e-09	4.379220194265722540e-11	1.917527778677840628e-12	1.258886475714798051e-08
8.598569967363353328e+00	1.288589565454670390e-09	3.555490432173888806e-11	1.524607030523125948e-12	1.054760301392466618e-08
8.780792160819700598e+00	1.074629053854018467e-09	2.904354194704816233e-11	1.219880002329895406e-12	8.887849353680175216e-09
8.966876034522190508e+00	8.961320697322588042e-10	2.372152754213039227e-11	9.758608641355658247e-13	7.488955428645258759e-09
9.156903425781846906e+00	7.484417188509898423e-10	1.940692744562942900e-11	7.820379568767916657e-13	6.319642604133301484e-09
9.350957906218383187e+00	6.200393509277144493e-10	1.574300305627425099e-11	6.212215624611268993e-13	5.290877197105444991e-09
9.549124818513869073e+00	5.167758198398539450e-10	1.285154561841410186e-11	4.967092044431491166e-13	4.455748451574788483e-09
9.751491313945386707e+00	4.306904058582764343e-10	1.049006168550032601e-11	3.970842252323095409e-13	3.752352854278776440e-09
9.958146390713055851e+00	3.587856843879035815e-10	8.558703839727969850e-12	3.173023365210636603e-13	3.158608051029948133e-09
1.016918093308028581e+01	2.976622707047068694e-10	6.953414676448625318e-12	2.524529384999904555e-13	2.648137209347700773e-09
1.038468775134352740e+01	2.479556147147626869e-10	5.673030798211426871e-12	2.017284879535835095e-13	2.228995580330041976e-09
1.060476162264905220e+01	2.065447160144304761e-10	4.628050965004799835e-12	1.611725394857744490e-13	1.876198640619752185e-09
1.082949933267470577e+01	1.712177923878559124e-10	3.756362986288073439e-12	1.280860878751321136e-13	1.571809383317539474e-09
1.105899971819510696e+01	1.426055335774932098e-10	3.064445567841919266e-12	1.023511382697378828e-13	1.322798766700471789e-09
1.129336371054865928e+01	1.187349770049165133e-10	2.498884422489629303e-12	8.174132273903065942e-14	1.112915707751476633e-09
1.153269438002595848e+01	9.885992028999239823e-11	2.037590381259399509e-12	6.527386464202504455e-14	9.363528308745602466e-10
1.177709698119876869e+01	8.191374194682588969e-11	1.653013534479549048e-12	5.184763350233847532e-14	7.840952333361696065e-10
1.202667899920963279e+01	6.819497350226902526e-11	1.347894303841725732e-12	4.140964321141745361e-14	6.595941472476162482e-10
1.228155019704247053e+01	5.675560827827027647e-11	1.098630912536538378e-12	3.305518436178723937e-14	5.547092355572363662e-10
1.254182266379493349e+01	4.723601819258447310e-11	8.954355602831081293e-13	2.638382645719085612e-14	4.665211271880437890e-10
1.280761086397376225e+01	3.912301206451569022e-11	7.261192077766299640e-13	2.094754709575847309e-14	3.905061709885136897e-10
1.307903168783481007e+01	3.255786376960461159e-11	5.918417717345313059e-13	1.672299151405712399e-14	3.283746855079612317e-10
1.335620450278989146e+01	2.708606191026057297e-11	4.821989963401825295e-13	1.334343648386667862e-14	2.760560569277009180e-10
1.363925120590300821e+01	2.253472552850543825e-11	3.928645159183116473e-13	1.064613060216508870e-14	2.320867122234185223e-10
1.392829627749924271e+01	1.865744230948069851e-11	3.184568285623178537e-13	8.449188317734867011e-15	1.942008350125993657e-10
1.422346683590943783e+01	1.552105882086561704e-11	2.594686283734155249e-13	6.742536812939724762e-15	1.632460137956908781e-10
1.452489269337533528e+01	1.290809171623875980e-11	2.113230776978001513e-13	5.377854635482970982e-15	1.371906253605312831e-10
1.483270641313931115e+01	1.073562117647122445e-11	1.721128606640948167e-13	4.289179528096726435e-15	1.153023619386206122e-10
1.514704336774399174e+01	8.885544444608644639e-12	1.394669811492659305e-13	3.402838065855218547e-15	9.644921655843259147e-11
1.546804179856737527e+01	7.389490333800814417e-12	1.135949301378369285e-13	2.714530513298090440e-15	8.105021731797690946e-11
1.579584287661962527e+01	6.143574674951173439e-12	9.248681283479488596e-14	2.164371876150854346e-15	6.809333866661891876e-11
1.613059076462826624e+01	5.108106358648337735e-12	7.530328166427802195e-14	1.725673731651900782e-15	5.721310041638327014e-11
1.647243268043913034e+01	4.226570821398370699e-12	6.100130064543676441e-14	1.368639149658237890e-15	4.784407697033329105e-11
1.682151896176083383e+01	3.513934142342264534e-12	4.967010978079994959e-14	1.091450969286571985e-15	4.019401588176259375e-11
1.717800313228151410e+01	2.920651522761541575e-12	4.042868592426315675e-14	8.699796857232660814e-16	3.375933867780455774e-11
1.754204196918641045e+01	2.427758306937889717e-12	3.290832140024585442e-14	6.934464560018308715e-16	2.835780081478651246e-11
1.791379557210657580e+01	2.008249660232097202e-12	2.665088599226322793e-14	5.498203719225609766e-16	2.370781298067909880e-11
1.829342743352862044e+01	1.669208046193508084e-12	2.169452032364428227e-14	4.383423026645854927e-16	1.991194113515635370e-11
1.868110451069663469e+01	1.387037071084735696e-12	1.765352812286540932e-14	3.493014810610577607e-16	1.672010778162440794e-11
1.907699729903783492e+01	1.152689926361312668e-12	1.436621963954675073e-14	2.783524029595165440e-16	1.404168632334081707e-11
1.948127990714428748e+01	9.532789944224624748e-13	1.163165805701288797e-14	2.206449426967781673e-16	1.173635802463886938e-11
1.989413013334363711e+01	7.921565337241393649e-13	9.466169203746311380e-15	1.758637053401450984e-16	9.854992974839704167e-12
2.031572954389253738e+01	6.580982983634189383e-13	7.701130457855427674e-15	1.401064089984652055e-16	8.273445871731286448e-12
2.074626355282718393e+01	5.467948898951387532e-13	6.265741513730869188e-15	1.116237933868387953e-16	6.946670293001578344e-12
2.118592150350598402e+01	4.521028187594019332e-13	5.071964815575987978e-15	8.846257715031310054e-17	5.804944131281570454e-12
2.163489675188052530e+01	3.756091316758276269e-13	4.126813045666865877e-15	7.049288137967509935e-17	4.873383673363887722e-12
2.209338675153079734e+01	3.119805972070028437e-13	3.356643010121398100e-15	5.614812697939056981e-17	4.090477124306655949e-12
2.256159314050291798e+01	2.591671282653852863e-13	2.730494642811683552e-15	4.472512039844372587e-17	3.433875751613978691e-12
2.303972182998693796e+01	2.142430667795066757e-13	2.209834121692898564e-15	3.543803341222111778e-17	2.868931552960152317e-12
2.352798309487394945e+01	1.779599670656399352e-13	1.797677998583272099e-15	2.823357429256109771e-17	2.408075377813945791e-12
2.402659166623228870e+01	1.477862195659251024e-13	1.461904473252158100e-15	2.248376984367503024e-17	2.020846180692642466e-12
2.453576682574353285e+01	1.227476906115323513e-13	1.188991451063262576e-15	1.790628441306602820e-17	1.696173639612533770e-12
2.505573250213976877e+01	1.014523565042783156e-13	9.620934263195059373e-16	1.418542081061794580e-17	1.416857420787431280e-12
2.558671736968459953e+01	8.425623073976022958e-14	7.825114532745224744e-16	1.129942676967952713e-17	1.189050766187196257e-12
2.612895494874115698e+01	6.995864857339734743e-14	6.362434751503463632e-16	8.996694175295637419e-18	9.976811016892523281e-13
2.668268370847132687e+01	5.809722357623733341e-14	5.173875383670950629e-16	7.163915126306378891e-18	8.372634896235020840e-13
2.724814717171165412e+01	4.801015420874048988e-14	4.185839819315743063e-16	5.674332053060939692e-18	6.992726505918031210e-13
2.782559402207125743e+01	3.986614352461308654e-14	3.403962012139325526e-16	4.519129902199745235e-18	5.867479872260733124e-13
2.841527821329990999e+01	3.309619934013940611e-14	2.767257340795115794e-16	3.597585055765039256e-18	4.922395109159410006e-13
2.901745908097360527e+01	2.748105332335657448e-14	2.249996693401322179e-16	2.864286947038289351e-18	4.130363564487046380e-13
2.963240145654703639e+01	2.270628854660423728e-14	1.820051590824961766e-16	2.268383128637820660e-18	3.449098138651015411e-13
3.026037578382308624e+01	1.885187795432840183e-14	1.479861402694182790e-16	1.806298040355414113e-18	2.893663046769789889e-13
3.090165823789054755e+01	1.564836619647078363e-14	1.202885827291172416e-16	1.437745001992420606e-18	2.427243766347657192e-13
3.155653084658241525e+01	1.299186414244928896e-14	9.779197487498059341e-17	1.144544419147727786e-18	2.036435956250626033e-13
3.222528161450811979e+01	1.073308684988345685e-14	7.909441904999190773e-17	9.063030793713074087e-19	1.700312168100701985e-13
3.290820464971425707e+01	8.909960464207593998e-15	6.430200956167769649e-17	7.215821262030308288e-19	1.426308517449516942e-13
3.360560029302952501e+01	7.394959801187799501e-15	5.226046500905598788e-17	5.742785556569538232e-19	1.196256014524886152e-13
3.431777525015100849e+01	6.138901028608862168e-15	4.248202616838541913e-17	4.571164157643213687e-19	1.003538401430383413e-13
3.504504272652905428e+01	5.070942365162237811e-15	3.435535355149004074e-17	3.619226117472608762e-19	8.377892366063421135e-14
3.578772256511129513e+01	4.209077507092633222e-15	2.792672465149478248e-17	2.881205793350955116e-19	7.026935921208938978e-14
3.654614138700539883e+01	3.492986210808415858e-15	2.269431828829678435e-17	2.292755356922535300e-19	5.892838327407692495e-14
3.732063273512289925e+01	2.899400237506445088e-15	1.844609750014096236e-17	1.824803840226863670e-19	4.942965736247426135e-14
3.811153722086707774e+01	2.394718393557141735e-15	1.491559792802528205e-17	1.444611487253181598e-19	4.126026120937769704e-14
3.891920267392951160e+01	1.987481461015070159e-15	1.212309618027602404e-17	1.149883107591386004e-19	3.460267841851740173e-14
3.974398429526115706e+01	1.649171732769470959e-15	9.850579482758692056e-18	9.149264618997476483e-20	2.901467150364005893e-14
4.058624481328516254e+01	1.368788491456766140e-15	8.005853241632082450e-18	7.281185590997499459e-20	2.433520717628055730e-14
4.144635464342010778e+01	1.130400943929203772e-15	6.472822092586874953e-18	5.763503621961760536e-20	2.031067879046584125e-14
4.232469205098434628e+01	9.380649137924843061e-16	5.260373591523657615e-18	4.587083777672635862e-20	1.703132760897185573e-14
4.322164331755172384e+01	7.783039868348524206e-16	4.273829579557732957e-18	3.649382311750557659e-20	1.427918432541877258e-14
4.413760291083362119e+01	6.459203660748191232e-16	3.473139069270425229e-18	2.903976187798448975e-20	1.197495990134363212e-14
4.507297365816076251e+01	5.333638089309424633e-16	2.807753618867211500e-18	2.298421555699474745e-20	9.993167837036463585e-15
4.602816692364147144e+01	4.425612739735564795e-16	2.281563047022136007e-18	1.829068671859555115e-20	8.378560825555179067e-15
4.700360278907441369e+01	3.671468010583895754e-16	1.853469520729520525e-18	1.455009026204226101e-20	7.023704367892190605e-15
4.799971023869517950e+01	3.046657926160959660e-16	1.506080534939117597e-18	1.157706697977320615e-20	5.889513755113356788e-15
4.901692734783804895e+01	2.515410211306514633e-16	1.217394857161179207e-18	9.161885077869974426e-21	4.914037735872926742e-15
5.005570147559598126e+01	2.086884632788115082e-16	9.891225882500880522e-19	7.290073949136932858e-21	4.119383313208393237e-15
5.111648946156338980e+01	1.731020222351972157e-16	8.034296067225756353e-19	5.798495152461892074e-21	3.452647237148015697e-15
5.219975782674825382e+01	1.436231241627993592e-16	6.527701985659375146e-19	4.613222523387372244e-21	2.894602281158341387e-15
5.330598297874255564e+01	1.185573762967451133e-16	5.275669187879025610e-19	3.650346735856994876e-21	2.414611417619322060e-15
5.443565142123959077e+01	9.834041142530304822e-17	4.285748734538147273e-19	2.904173169011670479e-21	2.023647499564514183e-15
5.558925996799251124e+01	8.155314031981933791e-17	3.480562332808212889e-19	2.309640590908248919e-21	1.695650146726198869e-15
5.676731596130657209e+01	6.764896489435433134e-17	2.827376056471697148e-19	1.837262816763635987e-21	1.421160896170458010e-15
5.797033749516177181e+01	5.582550103188158270e-17	2.284527924301190128e-19	1.453504646324678771e-21	1.185046004018175166e-15
5.919885364306400533e+01	4.629004073538102457e-17	1.855357398626226111e-19	1.156130268452840554e-21	9.927436171034246096e-16
6.045340469072480261e+01	3.837285065027980557e-17	1.506313012883790163e-19	9.192182951317788936e-22	8.314280913980292869e-16
6.173454237367209174e+01	3.181616003047316032e-17	1.223204642097662035e-19	7.310181813779488041e-22	6.964452508630286944e-16
6.304283011989645757e+01	2.624006693450088081e-17	9.879089557660480207e-20	5.781253434472365415e-22	5.803247218909847564e-16
6.437884329763940627e+01	2.174325816888723676e-17	8.019008400624477836e-20	4.596597435024633575e-22	4.857568272050653272e-16
6.574316946843353549e+01	1.800972373541062705e-17	6.506326247722501552e-20	3.652912961079848465e-22	4.064293286810647016e-16
6.713640864550379206e+01	1.491794198613183231e-17	5.279521086290213515e-20	2.903356339853128074e-22	3.400561448288690035e-16
6.855917355764610477e+01	1.228806192331958170e-17	4.259774314699329159e-20	2.294365867703064881e-22	2.829453854254587534e-16
7.001208991869765441e+01	1.016708184062187989e-17	3.453609972988059669e-20	1.822488564349670303e-22	2.364323265368457043e-16
7.149579670271769771e+01	8.405911686347714248e-18	2.797989768244782580e-20	1.446605357528995096e-22	1.974108190469974411e-16
7.301094642500031284e+01	6.947267537481134015e-18	2.266263063300523812e-20	1.148066559299995660e-22	1.647556228661388322e-16
7.455820542904223203e+01	5.705996727396983376e-18	1.824161183713680460e-20	9.054803255662639312e-23	1.366459515673774787e-16
7.613825417959219521e+01	4.704470122139928580e-18	1.474552672646401043e-20	7.174751866284519253e-23	1.137407317297227758e-16
7.775178756191070306e+01	3.872329820180900571e-18	1.190110896353568198e-20	5.676743996988281508e-23	9.451131643534800081e-17
7.939951518737163383e+01	3.182541699817138762e-18	9.592789769119493338e-21	4.486452429774466752e-23	7.840415620849297963e-17
8.108216170554010205e+01	2.594739674026270309e-18	7.671438266948891891e-21	3.518382499697923891e-23	6.451791946987003071e-17
8.280046712286477373e+01	2.119506231860937160e-18	6.149672201371673395e-21	2.767213633479653566e-23	5.317771244794451815e-17
8.455518712812224180e+01	1.723542420635360155e-18	4.908836881909882596e-21	2.167667242380667356e-23	4.362833412426084239e-17
8.634709342475994731e+01	1.393948708674172789e-18	3.898437185387283973e-21	1.689951053993301178e-23	3.559333289318377531e-17
8.817697407028136070e+01	1.111373064263266548e-18	3.053044626383698240e-21	1.299695604849091348e-23	2.862110839889846076e-17
9.004563382282356088e+01	8.804793914150195715e-19	2.377342878267561119e-21	9.944903651565562501e-24	2.286230173473023745e-17
9.195389449507966617e+01	6.849222890577014725e-19	1.818368921484161843e-21	7.477643406470143301e-24	1.792817363479891800e-17
9.390259531572145590e+01	5.174447287365168524e-19	1.351418921106583440e-21	5.466100891721024250e-24	1.365073566871313301e-17
9.589259329848152902e+01	3.663462195952348937e-19	9.418427807597645441e-22	3.749533359376361305e-24	9.737968237352272269e-18
9.792476361905691817e+01	2.265376312821042995e-19	5.737395352804652650e-22	2.249973290920599907e-24	6.065264857270420878e-18
