# Data associated with arXiv:2110.09653
# 
# Scale-free gravitational potential, Phi(r), of a burkert dark matter distribution (see Eq. 12 and the surrounding discussion)
# 
# Published: 3/29/22, Jack Runburg, contact: runburg@hawaii.edu
# 
# 
# -----------------------------------------------------------------
# 
# 	 tilde r 		 | 		 tilde Phi
# 
# -----------------------------------------------------------------
1.000000000000000082e-05	1.666658333283333917e-11
1.016902569856036418e-05	1.723475964499308319e-11
1.034090836579813217e-05	1.782230548784346861e-11
1.051569629182590727e-05	1.842988118101603420e-11
1.069343858298338107e-05	1.905816955479150015e-11
1.087418517563349352e-05	1.970787671749571445e-11
1.105798685019213608e-05	2.037973284905748996e-11
1.124489524539464294e-05	2.107449302161766123e-11
1.143496287280373749e-05	2.179293804811395825e-11
1.162824313156251011e-05	2.253587535979354303e-11
1.182479032339672186e-05	2.330413991363986099e-11
1.202465966787094358e-05	2.409859513073476437e-11
1.222790731790219642e-05	2.492013386660801699e-11
1.243459037553620304e-05	2.576967941466764192e-11
1.264476690798990365e-05	2.664818654383563823e-11
1.285849596396550032e-05	2.755664257155826088e-11
1.307583759024001738e-05	2.849606847339427249e-11
1.329685284853523648e-05	2.946752003042891081e-11
1.352160383267306994e-05	3.047208901580445841e-11
1.375015368602047702e-05	3.151090442169773736e-11
1.398256661922970337e-05	3.258513372812727449e-11
1.421890792827791775e-05	3.369598421501196373e-11
1.445924401281218556e-05	3.484470431895961053e-11
1.470364239480425140e-05	3.603258503630709288e-11
1.495217173752060936e-05	3.726096137398986301e-11
1.520490186481353606e-05	3.853121384987295301e-11
1.546190378073772831e-05	3.984477004422582746e-11
1.572324968949899453e-05	4.120310620408916770e-11
1.598901301573965207e-05	4.260774890233182684e-11
1.625926842516730133e-05	4.406027675326736411e-11
1.653409184553174079e-05	4.556232218675270101e-11
1.681356048795696318e-05	4.711557328276825914e-11
1.709775286863338809e-05	4.872177566853668126e-11
1.738674883087671066e-05	5.038273448031364093e-11
1.768062956756000055e-05	5.210031639205780094e-11
1.797947764392438726e-05	5.387645171325429874e-11
1.828337702077590442e-05	5.571313655825585408e-11
1.859241307807381921e-05	5.761243508957242754e-11
1.890667263891824960e-05	5.957648183763739726e-11
1.922624399394281931e-05	6.160748409965118775e-11
1.955121692611963820e-05	6.370772442020065246e-11
1.988168273598394005e-05	6.587956315644427763e-11
2.021773426728446277e-05	6.812544113073943712e-11
2.055946593306806188e-05	7.044788237370096078e-11
2.090697374220454717e-05	7.284949696076476813e-11
2.126035532636048084e-05	7.533298394545279291e-11
2.161970996742848953e-05	7.790113439262855998e-11
2.198513862542019826e-05	8.055683451515472020e-11
2.235674396683105304e-05	8.330306891748058509e-11
2.273463039348393747e-05	8.614292394979694221e-11
2.311890407186101566e-05	8.907959117653711319e-11
2.350967296293065580e-05	9.211637096311168003e-11
2.390704685247916156e-05	9.525667618491772166e-11
2.431113738195477895e-05	9.850403606278240033e-11
2.472205807983296721e-05	1.018621001291534685e-10
2.513992439351238667e-05	1.053346423294988319e-10
2.556485372174920653e-05	1.089255652635131161e-10
2.599696544764047972e-05	1.126389045709105968e-10
2.643638097216418787e-05	1.164788334667192249e-10
2.688322374828698802e-05	1.204496674311856560e-10
2.733761931564792142e-05	1.245558690595504584e-10
2.779969533582839453e-05	1.288020530771478268e-10
2.826958162821882354e-05	1.331929915254700599e-10
2.874741020649071774e-05	1.377336191250126081e-10
2.923331531568612113e-05	1.424290388209415188e-10
2.972743346993304866e-05	1.472845275177982518e-10
3.022990349079926684e-05	1.523055420097028420e-10
3.074086654629380722e-05	1.574977251127059409e-10
3.126046619052763072e-05	1.628669120061849877e-10
3.178884840404535552e-05	1.684191367904184222e-10
3.232616163483768439e-05	1.741606392676893302e-10
3.287255684004812447e-05	1.800978719545600123e-10
3.342818752838356790e-05	1.862375073331744794e-10
3.399320980324275641e-05	1.925864453497596609e-10
3.456778240657304527e-05	1.991518211687332802e-10
3.515206676346841592e-05	2.059410131911379151e-10
3.574622702752206616e-05	2.129616513464209759e-10
3.635043012694450139e-05	2.202216256668570778e-10
3.696484581146223093e-05	2.277290951542727509e-10
3.758964670000808795e-05	2.354924969490110550e-10
3.822500832921870388e-05	2.435205558114652085e-10
3.887110920275097572e-05	2.518222939268133943e-10
3.952813084143210176e-05	2.604070410439803919e-10
4.019625783425803943e-05	2.692844449602296990e-10
4.087567789025284005e-05	2.784644823631420887e-10
4.156658189120576708e-05	2.879574700421947480e-10
4.226916394529853092e-05	2.977740764825053051e-10
4.298362144164019741e-05	3.079253338538022871e-10
4.371015510572303796e-05	3.184226504080650392e-10
4.444896905581571312e-05	3.292778232997747157e-10
4.520027086031053377e-05	3.405030518431949816e-10
4.596427159603870473e-05	3.521109512215468587e-10
4.674118590757267352e-05	3.641145666635218516e-10
4.753123206752940771e-05	3.765273881030202873e-10
4.833463203789430644e-05	3.893633653386290124e-10
4.915161153238073493e-05	4.026369237098376297e-10
4.998240007984356624e-05	4.163629803076199769e-10
5.082723108876559525e-05	4.305569607376134057e-10
5.168634191283236288e-05	4.452348164546882692e-10
5.255997391761710167e-05	4.604130426884396776e-10
5.344837254839108326e-05	4.761086969796842262e-10
5.435178739908172257e-05	4.923394183488462493e-10
5.527047228239525742e-05	5.091234471177261298e-10
5.620468530112457639e-05	5.264796454069378057e-10
5.715468892066349253e-05	5.444275183320689453e-10
5.812075004274504757e-05	5.629872359223279148e-10
5.910314008042789533e-05	5.821796557863671730e-10
6.010213503434843707e-05	6.020263465506852935e-10
6.111801557026345553e-05	6.225496120970063596e-10
6.215106709790228898e-05	6.437725166258146807e-10
6.320157985115178797e-05	6.657189105742267718e-10
6.426984896959787321e-05	6.884134574173473375e-10
6.535617458144342038e-05	7.118816613831555631e-10
6.646086188782971240e-05	7.361498961121427144e-10
6.758422124858115099e-05	7.612454342938172635e-10
6.872656826940111863e-05	7.871964783134554166e-10
6.988822389054047174e-05	8.140321919434645358e-10
7.106951447696465861e-05	8.417827331149879871e-10
7.227077191004629639e-05	8.704792878066052031e-10
7.349233368080552791e-05	9.001541050881222641e-10
7.473454298472863809e-05	9.308405333589237796e-10
7.599774881818697982e-05	9.625730578214907129e-10
7.728230607648789517e-05	9.953873392322961060e-10
7.858857565358148443e-05	1.029320253973524609e-09
7.991692454345255051e-05	1.064409935490665205e-09
8.126772594322802224e-05	1.100695817142580804e-09
8.264135935802465773e-05	1.138218676512082868e-09
8.403821070757165439e-05	1.177020681226931840e-09
8.545867243463269578e-05	1.217145436342592212e-09
8.690314361526321394e-05	1.258638033340119146e-09
8.837203007092955202e-05	1.301545100794106217e-09
8.986574448252320402e-05	1.345914856767657026e-09
9.138470650630395851e-05	1.391797162993298688e-09
9.292934289180014931e-05	1.439243580900573979e-09
9.450008760170456993e-05	1.488307429553415041e-09
9.609738193379394305e-05	1.539043845562210630e-09
9.772167464491231779e-05	1.591509845038056977e-09
9.937342207704681467e-05	1.645764387658591683e-09
1.010530882855375953e-04	1.701868442917583187e-09
1.027611451694522251e-04	1.759885058632510519e-09
1.044980726041651943e-04	1.819879431787223461e-09
1.062643585761784858e-04	1.881918981789221915e-09
1.080604993202192510e-04	1.946073426223781805e-09
1.098869994586575572e-04	2.012414859190177173e-09
1.117443721432778697e-04	2.081017832307803269e-09
1.136331391994486811e-04	2.151959438483355732e-09
1.155538312727281931e-04	2.225319398533066878e-09
1.175069879779481330e-04	2.301180150757333642e-09
1.194931580508180820e-04	2.379626943568373202e-09
1.215128995020904455e-04	2.460747931274853126e-09
1.235667797743341897e-04	2.544634273131277244e-09
1.256553759013554958e-04	2.631380235763148539e-09
1.277792746703147969e-04	2.721083299083145661e-09
1.299390727865835948e-04	2.813844265817184289e-09
1.321353770413874452e-04	2.909767374763401492e-09
1.343688044822834680e-04	3.008960417911311597e-09
1.366399825865173903e-04	3.111534861552568426e-09
1.389495494373137348e-04	3.217605971519567651e-09
1.412981539031428761e-04	3.327292942692301524e-09
1.436864558200198782e-04	3.440719032919121318e-09
1.461151261768842277e-04	3.558011701501722749e-09
1.485848473041125864e-04	3.679302752399895751e-09
1.510963130652191798e-04	3.804728482316948409e-09
1.536502290517936125e-04	3.934429833831924007e-09
1.562473127817378576e-04	4.068552553750931927e-09
1.588882939008491742e-04	4.207247356854988329e-09
1.615739143878149021e-04	4.350670095228743915e-09
1.643049287626683534e-04	4.498981933359810597e-09
1.670821042987704773e-04	4.652349529205674321e-09
1.699062212383743503e-04	4.810945221431384376e-09
1.727780730118311508e-04	4.974947223028185069e-09
1.756984664605053779e-04	5.144539821530870733e-09
1.786682220634525510e-04	5.319913586058165661e-09
1.816881741679340619e-04	5.501265581409264017e-09
1.847591712238235014e-04	5.688799589456325280e-09
1.878820760219775598e-04	5.882726338081968589e-09
1.910577659366365815e-04	6.083263737918748701e-09
1.942871331719188508e-04	6.290637127156143477e-09
1.975710850124866975e-04	6.505079524690566924e-09
2.009105440784431595e-04	6.726831891901852802e-09
2.043064485845435532e-04	6.956143403350997768e-09
2.077597526037827484e-04	7.193271726702316658e-09
2.112714263354412516e-04	7.438483312184909288e-09
2.148424563776607336e-04	7.692053691918112130e-09
2.184738460046266035e-04	7.954267789437114299e-09
2.221666154484372088e-04	8.225420239766333212e-09
2.259218021857336319e-04	8.505815720399573585e-09
2.297404612291798821e-04	8.795769293559196934e-09
2.336236654238643619e-04	9.095606760117812261e-09
2.375725057487147664e-04	9.405665025580379194e-09
2.415880916230062926e-04	9.726292478537355881e-09
2.456715512180506823e-04	1.005784938201374648e-08
2.498240317741551374e-04	1.040070827815363025e-08
2.540466999229345113e-04	1.075525440669384766e-08
2.583407420150777146e-04	1.112188613769760533e-08
2.627073644536481322e-04	1.150101541903267465e-08
2.671477940330213769e-04	1.189306823909730501e-08
2.716632782835508839e-04	1.229848510531287135e-08
2.762550858220584886e-04	1.271772153892036059e-08
2.809245067082517420e-04	1.315124858663645675e-08
2.856728528071605542e-04	1.359955334974266916e-08
2.905014581577071149e-04	1.406313953120266361e-08
2.954116793474984839e-04	1.454252800142042629e-08
3.004048958939589458e-04	1.503825738327540532e-08
3.054825106319022541e-04	1.555088465709053783e-08
3.106459501076553839e-04	1.608098578621242349e-08
3.158966649798455200e-04	1.662915636390577853e-08
3.212361304269563162e-04	1.719601228228752153e-08
3.266658465617811426e-04	1.778219042405250754e-08
3.321873388528732334e-04	1.838834937776545907e-08
3.378021585531251671e-04	1.901517017752323945e-08
3.435118831355896260e-04	1.966335706781660776e-08
3.493181167366675791e-04	2.033363829445000932e-08
3.552224906067888996e-04	2.102676692240706260e-08
3.612266635687054364e-04	2.174352168157859917e-08
3.673323224835388411e-04	2.248470784130377364e-08
3.735411827246973185e-04	2.325115811470341000e-08
3.798549886598084251e-04	2.404373359382207045e-08
3.862755141407951480e-04	2.486332471662676538e-08
3.928045630022363724e-04	2.571085226694776058e-08
3.994439695681523583e-04	2.658726840848331419e-08
4.061955991673505371e-04	2.749355775402736542e-08
4.130613486574917070e-04	2.843073847112159218e-08
4.200431469580040238e-04	2.939986342536959102e-08
4.271429555920115370e-04	3.040202136269781389e-08
4.343627692374198417e-04	3.143833813188810072e-08
4.417046162873167637e-04	3.250997794875346531e-08
4.491705594198478857e-04	3.361814470337545456e-08
4.567626961777168084e-04	3.476408331186761441e-08
4.644831595574927248e-04	3.594908111418410689e-08
4.723341186088662533e-04	3.717446931953738230e-08
4.803177790440425624e-04	3.844162450104899287e-08
4.884363838574312710e-04	3.975197014130782114e-08
4.966922139558113680e-04	4.110697823056964581e-08
5.050875887991499369e-04	4.250817091939023431e-08
5.136248670522445235e-04	4.395712222754329829e-08
5.223064472473935762e-04	4.545545981114335043e-08
5.311347684582509721e-04	4.700486678994908084e-08
5.401123109850867847e-04	4.860708363690198952e-08
5.492415970516181150e-04	5.026391013201337740e-08
5.585251915136241153e-04	5.197720738279355743e-08
5.679657025795404723e-04	5.374889991348721290e-08
5.775657825432239500e-04	5.558097782545487803e-08
5.873281285291183634e-04	5.747549903112676053e-08
5.972554832499969713e-04	5.943459156402650214e-08
6.073506357775315233e-04	6.146045596746072198e-08
6.176164223258701069e-04	6.355536776454532878e-08
6.280557270484683893e-04	6.572168001234094087e-08
6.386714828483902292e-04	6.796182594295876396e-08
6.494666722022935214e-04	7.027832169459343571e-08
6.604443279983617009e-04	7.267376913554957275e-08
6.716075343883770371e-04	7.515085878441758194e-08
6.829594276542177208e-04	7.771237282968007520e-08
6.945031970889825731e-04	8.036118825212279231e-08
7.062420858930204982e-04	8.310028005355497454e-08
7.181793920851009278e-04	8.593272459545264489e-08
7.303184694289851413e-04	8.886170305126505433e-08
7.426627283756636558e-04	9.189050497625313002e-08
7.552156370215079703e-04	9.502253199885368614e-08
7.679807220826359018e-04	9.826130163771128232e-08
7.809615698857278474e-04	1.016104512486437848e-07
7.941618273756021005e-04	1.050737421059680525e-07
8.075852031398165869e-04	1.086550636227533858e-07
8.212354684505887787e-04	1.123584377147278068e-07
8.351164583243314002e-04	1.161880233127254627e-07
8.492320725990840828e-04	1.201481210287217363e-07
8.635862770301777234e-04	1.242431779806893098e-07
8.781831044043956558e-04	1.284777927816641397e-07
8.930266556729828109e-04	1.328567206986161517e-07
9.081211011037989590e-04	1.373848789868926881e-07
9.234706814529467173e-04	1.420673524062072798e-07
9.390797091562086895e-04	1.469093989243474644e-07
9.549525695406079406e-04	1.519164556149787469e-07
9.710937220564705170e-04	1.570941447561554804e-07
9.875077015302894702e-04	1.624482801363473797e-07
1.004199119438780371e-03	1.679848735750488623e-07
1.021172665204465608e-03	1.737101416652590087e-07
1.038433107513160114e-03	1.796305127453770612e-07
1.055985295653722377e-03	1.857526341083091814e-07
1.073834160880457900e-03	1.920833794558539534e-07
1.091984717798539194e-03	1.986298566066947133e-07
1.110442065772854507e-03	2.053994154666280105e-07
1.129211390360662605e-03	2.123996562699318961e-07
1.148297964768467102e-03	2.196384381010930895e-07
1.167707151333511727e-03	2.271238877064158991e-07
1.187444403030319794e-03	2.348644086053661117e-07
1.207515265002700490e-03	2.428686905118338623e-07
1.227925376121640280e-03	2.511457190758385697e-07
1.248680470569537605e-03	2.597047859565732294e-07
1.269786379451208914e-03	2.685554992380336706e-07
1.291249032432127903e-03	2.777077941988762502e-07
1.313074459404352896e-03	2.871719444485337580e-07
1.335268792180613557e-03	2.969585734420281060e-07
1.357838266217031810e-03	3.070786663863440613e-07
1.380789222364966172e-03	3.175435825516616466e-07
1.404128108652453718e-03	3.283650680011876703e-07
1.427861482095777682e-03	3.395552687538137337e-07
1.451996010541646868e-03	3.511267443942846148e-07
1.476538474540514635e-03	3.630924821460758688e-07
1.501495769251562883e-03	3.754659114226896140e-07
1.526874906379880551e-03	3.882609188736036879e-07
1.552683016146397385e-03	4.014918639416749681e-07
1.578927349291094897e-03	4.151735949493401199e-07
1.605615279110095620e-03	4.293214657315767477e-07
1.632754303527175332e-03	4.439513528341709463e-07
1.660352047200289172e-03	4.590796732964737974e-07
1.688416263663707062e-03	4.747234030384818860e-07
1.716954837506350865e-03	4.909000958727432119e-07
1.745975786586963620e-03	5.076279031622899410e-07
1.775487264286699802e-03	5.249255941464998882e-07
1.805497561799810540e-03	5.428125769575603727e-07
1.836015110463037458e-03	5.613089203509446906e-07
1.867048484124379315e-03	5.804353761741166054e-07
1.898606401551900620e-03	6.002134025985027918e-07
1.930697728883249645e-03	6.206651881406027839e-07
1.963331482116591892e-03	6.418136764990083860e-07
1.996516829643624896e-03	6.636825922349642431e-07
2.030263094825430960e-03	6.862964673250975912e-07
2.064579758611852570e-03	7.096806686158495192e-07
2.099476462205150749e-03	7.338614262101849983e-07
2.134963009768679927e-03	7.588658628181627718e-07
2.171049371181348660e-03	7.847220241040296600e-07
2.207745684838647703e-03	8.114589100636078381e-07
2.245062260500998302e-03	8.391065074668523031e-07
2.283009582190270292e-03	8.676958234016948497e-07
2.321598311135244109e-03	8.972589199564431592e-07
2.360839288766866315e-03	9.278289500793098324e-07
2.400743539764126078e-03	9.594401946549205638e-07
2.441322275151419988e-03	9.921281008390105598e-07
2.482586895448264750e-03	1.025929321693895268e-06
2.524548993872262424e-03	1.060881757168762502e-06
2.567220359596177753e-03	1.097024596470266877e-06
2.610612981060093842e-03	1.134398361870514372e-06
2.654739049339540410e-03	1.173044954001046772e-06
2.699610961570552640e-03	1.213007698683105015e-06
2.745241324432623389e-03	1.254331395346143469e-06
2.791642957690524101e-03	1.297062367088305096e-06
2.838828897796003177e-03	1.341248512434404207e-06
2.886812401550338004e-03	1.386939358848774081e-06
2.935606949828818354e-03	1.434186118062359631e-06
2.985226251368169013e-03	1.483041743275339012e-06
3.035684246617996723e-03	1.533560988298692365e-06
3.086995111657330013e-03	1.585800468700216014e-06
3.139173262177360861e-03	1.639818725022727174e-06
3.192233357531519197e-03	1.695676288144465581e-06
3.246190304853968818e-03	1.753435746854003695e-06
3.301059263247754609e-03	1.813161817714525169e-06
3.356855648043719550e-03	1.874921417294717188e-06
3.413595135131412741e-03	1.938783736846191262e-06
3.471293665363201029e-03	2.004820319510022222e-06
3.529967449032819348e-03	2.073105140137737416e-06
3.589632970429635240e-03	2.143714687815015875e-06
3.650306992469857896e-03	2.216728051179199662e-06
3.712006561406061729e-03	2.292227006624942785e-06
3.774749011616297320e-03	2.370296109495338260e-06
3.838551970474150202e-03	2.451022788359196592e-06
3.903433363301120080e-03	2.534497442478517158e-06
3.969411418402700453e-03	2.620813542573664669e-06
4.036504672189604979e-03	2.710067734997409412e-06
4.104731974385511864e-03	2.802359949432588126e-06
4.174112493322873658e-03	2.897793510232179338e-06
4.244665721328222743e-03	2.996475251524384261e-06
4.316411480198500787e-03	3.098515636209489068e-06
4.389369926769958255e-03	3.204028878979509414e-06
4.463561558581177410e-03	3.313133073496006929e-06
4.539007219631814756e-03	3.425950323865958419e-06
4.615728106238700494e-03	3.542606880560300589e-06
4.693745772990876204e-03	3.663233280924444506e-06
4.773082138805334954e-03	3.787964494435298850e-06
4.853759493085097083e-03	3.916940072864223716e-06
4.935800501981372872e-03	4.050304305510827621e-06
5.019228214761578891e-03	4.188206379677948588e-06
5.104066070284974874e-03	4.330800546563850534e-06
5.190337903587798063e-03	4.478246292753572561e-06
5.278067952579629761e-03	4.630708517497275956e-06
5.367280864853020243e-03	4.788357715969945687e-06
5.458001704608171807e-03	4.951370168712978899e-06
5.550255959694683563e-03	5.119928137465098796e-06
5.644069548772311269e-03	5.294220067596745842e-06
5.739468828592763153e-03	5.474440797369342069e-06
5.836480601404602127e-03	5.660791774248160422e-06
5.935132122483251921e-03	5.853481278504907875e-06
6.035451107788337120e-03	6.052724654354403190e-06
6.137465741750428375e-03	6.258744548877367023e-06
6.241204685189401941e-03	6.471771158989954729e-06
6.346697083366644419e-03	6.692042486729263822e-06
6.453972574173352621e-03	6.919804603132865673e-06
6.563061296457267831e-03	7.155311920999777508e-06
6.673993898490092683e-03	7.398827476829481930e-06
6.786801546578089504e-03	7.650623222245868916e-06
6.901515933818189001e-03	7.910980325222634812e-06
7.018169289002107285e-03	8.180189481437430161e-06
7.136794385670962304e-03	8.458551236092703870e-06
7.257424551322942327e-03	8.746376316552386478e-06
7.380093676776592997e-03	9.043985976155004584e-06
7.504836225692410046e-03	9.351712349575811705e-06
7.631687244255296390e-03	9.669898820122466466e-06
7.760682371020751966e-03	9.998900399361953655e-06
7.891857846927448697e-03	1.033908411948890522e-05
8.025250525479058969e-03	1.069082943885945939e-05
8.160897883098169533e-03	1.105452866112829446e-05
8.298838029655216872e-03	1.143058736844119342e-05
8.439109719175405186e-03	1.181942486915000210e-05
8.581752360726531761e-03	1.222147466053212535e-05
8.726806029490927208e-03	1.263718490701297262e-05
8.874311478024487360e-03	1.306701893440520856e-05
9.024310147706032098e-03	1.351145574069618665e-05
9.176844180380181251e-03	1.397099052393187195e-05
9.331956430197019259e-03	1.444613522776351174e-05
9.489690475651922641e-03	1.493741910524192666e-05
9.650090631828802876e-03	1.544538930146278620e-05
9.813201962850383320e-03	1.597061145568669954e-05
9.979070294538865127e-03	1.651367032357735882e-05
1.014774222729061814e-02	1.707517042022238285e-05
1.031926514916845991e-02	1.765573668462265634e-05
1.049368724921524200e-02	1.825601516635858585e-05
1.067105753099251327e-02	1.887667373516437538e-05
1.085142582634790812e-02	1.951840281416447899e-05
1.103484280941536416e-02	2.018191613755217849e-05
1.122136001085190064e-02	2.086795153351368333e-05
1.141102983231507065e-02	2.157727173322813638e-05
1.160390556118510476e-02	2.231066520680018430e-05
1.180004138553588516e-02	2.306894702700921140e-05
1.199949240935904021e-02	2.385295976178826769e-05
1.220231466804522213e-02	2.466357439637356815e-05
1.240856514412720830e-02	2.550169128609771634e-05
1.261830178328901021e-02	2.636824114082859046e-05
1.283158351064561664e-02	2.726418604208954893e-05
1.304847024729788307e-02	2.819052049392843052e-05
1.326902292716726148e-02	2.914827250863760987e-05
1.349330351411505598e-02	3.013850472846181310e-05
1.372137501935110325e-02	3.116231558446691546e-05
1.395330151913657356e-02	3.222084049377913493e-05
1.418914817278613301e-02	3.331525309644403274e-05
1.442898124097431733e-02	3.444676653319225519e-05
1.467286810435134044e-02	3.561663476544058785e-05
1.492087728247356443e-02	3.682615393889857096e-05
1.517307845305392207e-02	3.807666379219353344e-05
1.542954247153780281e-02	3.936954911197195221e-05
1.569034139100966910e-02	4.070624123597923761e-05
1.595554848243628532e-02	4.208821960566889634e-05
1.622523825525205854e-02	4.351701336993877927e-05
1.649948647829230924e-02	4.499420304164219135e-05
1.677837020108039270e-02	4.652142220857340480e-05
1.706196777547459506e-02	4.810035930067857549e-05
1.735035887768101442e-02	4.973275941529904155e-05
1.764362453063833894e-02	5.142042620230658000e-05
1.794184712678114843e-02	5.316522381105133330e-05
1.824511045118791530e-02	5.496907890109887232e-05
1.855349970512023758e-02	5.683398271879450608e-05
1.886710152996000367e-02	5.876199324175575110e-05
1.918600403155108769e-02	6.075523739345660776e-05
1.951029680495259405e-02	6.281591333013449116e-05
1.984007095961033348e-02	6.494629280231596039e-05
2.017541914495388569e-02	6.714872359332977366e-05
2.051643557642630553e-02	6.942563203724480005e-05
2.086321606195374462e-02	7.177952561874358973e-05
2.121585802886252412e-02	7.421299565751922757e-05
2.157446055125112477e-02	7.672872007985810107e-05
2.193912437782497352e-02	7.932946628015317286e-05
2.230995196020145455e-02	8.201809407516886510e-05
2.268704748169360005e-02	8.479755875396872023e-05
2.307051688658016617e-02	8.767091422649644689e-05
2.346046790987047978e-02	9.064131627389181633e-05
2.385701010757239338e-02	9.371202590371251098e-05
2.426025488747183059e-02	9.688641281332420799e-05
2.467031554043257191e-02	1.001679589648164689e-04
2.508730727222522119e-02	1.035602622749000313e-04
2.551134723589388795e-02	1.070670404233350724e-04
2.594255456467021298e-02	1.106921347835499114e-04
2.638105040544361582e-02	1.144395144792059618e-04
2.682695795279727360e-02	1.183132805705746575e-04
2.728040248361941061e-02	1.223176703747006714e-04
2.774151139229957819e-02	1.264570619234361721e-04
2.821041422651998296e-02	1.307359785635461814e-04
2.868724272365149111e-02	1.351590937031971499e-04
2.917213084776511603e-02	1.397312357092674062e-04
2.966521482726893269e-02	1.444573929600306340e-04
3.016663319318120540e-02	1.493427190578937205e-04
3.067652681805041123e-02	1.543925382069934800e-04
3.119503895553308453e-02	1.596123507605864858e-04
3.172231528064078931e-02	1.650078389432998137e-04
3.225850393066707206e-02	1.705848727534365694e-04
3.280375554680643041e-02	1.763495160506788756e-04
3.335822331647670530e-02	1.823080328346587693e-04
3.392206301635675159e-02	1.884668937200123105e-04
3.449543305615163091e-02	1.948327826136787041e-04
3.507849452309746291e-02	2.014126036003456382e-04
3.567141122721874391e-02	2.082134880420993621e-04
3.627434974735024853e-02	2.152428018984736593e-04
3.688747947793717674e-02	2.225081532732633895e-04
3.751097267662616142e-02	2.300174001946041300e-04
3.814500451266075037e-02	2.377786586349878704e-04
3.878975311609485915e-02	2.458003107780366175e-04
3.944539962783806530e-02	2.540910135390173638e-04
4.011212825054691344e-02	2.626597073462445049e-04
4.079012630037611581e-02	2.715156251906705059e-04
4.147958425960481671e-02	2.806683019511428852e-04
4.218069583015218033e-02	2.901275840029555824e-04
4.289365798799760210e-02	2.999036391174973878e-04
4.361867103852071215e-02	3.100069666609612238e-04
4.435593867277683178e-02	3.204484081002468795e-04
4.510566802472350950e-02	3.312391578243526445e-04
4.586806972941463723e-02	3.423907742897228665e-04
4.664335798217766893e-02	3.539151914981684532e-04
4.743175059879158745e-02	3.658247308161657755e-04
4.823346907668181471e-02	3.781321131444768512e-04
4.904873865714945436e-02	3.908504714472095455e-04
4.987778838865244979e-02	4.039933636495886379e-04
5.072085119115625484e-02	4.175747859138662500e-04
5.157816392157245355e-02	4.316091863029546246e-04
5.244996744030298863e-02	4.461114788414986907e-04
5.333650667890960095e-02	4.610970579842754149e-04
5.423803070892688205e-02	4.765818135019183450e-04
5.515479281183843091e-02	4.925821457941155848e-04
5.608705055023580077e-02	5.091149816405478919e-04
5.703506584018021297e-02	5.261977903999558301e-04
5.799910502478755614e-02	5.438486006678378308e-04
5.897943894905668949e-02	5.620860174033618989e-04
5.997634303596301869e-02	5.809292395362053180e-04
6.099009736383805003e-02	6.003980780640724929e-04
6.202098674505685666e-02	6.205129746517340332e-04
6.306930080605555045e-02	6.412950207424783240e-04
6.413533406870128295e-02	6.627659771929032568e-04
6.521938603303781279e-02	6.849482944420042007e-04
6.632176126142910744e-02	7.078651332254997644e-04
6.744276946412586238e-02	7.315403858463642240e-04
6.858272558627788451e-02	7.559986980124485355e-04
6.974194989641739617e-02	7.812654912520562408e-04
7.092076807643786507e-02	8.073669859182363824e-04
7.211951131309368712e-02	8.343302247924543882e-04
7.333851639104646547e-02	8.621830972981683102e-04
7.457812578748428123e-02	8.909543643346686708e-04
7.583868776833958825e-02	9.206736837413247339e-04
7.712055648613416747e-02	9.513716364021870342e-04
7.842409207947753647e-02	9.830797530005785413e-04
7.974966077424722188e-02	1.015830541433011608e-03
8.109763498647923341e-02	1.049657514891427302e-03
8.246839342699753550e-02	1.084595220622320373e-03
8.386232120781254851e-02	1.120679269370899143e-03
8.527980995031705924e-02	1.157946365517867685e-03
8.672125789531190398e-02	1.196434337915943400e-03
8.818707001489085873e-02	1.236182171432514618e-03
8.967765812621682209e-02	1.277230039204212868e-03
9.119344100722104329e-02	1.319619335608408425e-03
9.273484451425793862e-02	1.363392709955809365e-03
9.430230170174896953e-02	1.408594100907463367e-03
9.589625294384790388e-02	1.455268771618432140e-03
9.751714605816352854e-02	1.503463345609427817e-03
9.916543643157306465e-02	1.553225843366455323e-03
1.008415871481621734e-01	1.604605719667302147e-03
1.025460691193275653e-01	1.657653901632355400e-03
1.042793612160791694e-01	1.712422827495778616e-03
1.060419504035768068e-01	1.768966486091412202e-03
1.078343318779438342e-01	1.827340457046301193e-03
1.096570092053898021e-01	1.887601951672584523e-03
1.115104944636879369e-01	1.949809854546929793e-03
1.133953083860418237e-01	2.014024765764255934e-03
1.153119805073836990e-01	2.080309043850452587e-03
1.172610493131479026e-01	2.148726849316473595e-03
1.192430623905555293e-01	2.219344188833335518e-03
1.212585765824598510e-01	2.292228960005289560e-03
1.233081581437884267e-01	2.367450996715043075e-03
1.253923829006330093e-01	2.445082115012361512e-03
1.275118364120260972e-01	2.525196159513641830e-03
1.296671141344518663e-01	2.607869050276887327e-03
1.318588215891403626e-01	2.693178830112877807e-03
1.340875745321854495e-01	2.781205712289092861e-03
1.363539991275424801e-01	2.872032128579403692e-03
1.386587321229457159e-01	2.965742777607575931e-03
1.410024210288032542e-01	3.062424673428710588e-03
1.433857243001131487e-01	3.162167194287352715e-03
1.458093115214542101e-01	3.265062131486251139e-03
1.482738635951064698e-01	3.371203738294495985e-03
1.507800729323471867e-01	3.480688778817688737e-03
1.533286436479847636e-01	3.593616576747611906e-03
1.559202917581761494e-01	3.710089063901921263e-03
1.585557453815923112e-01	3.830210828458735766e-03
1.612357449439809631e-01	3.954089162783523681e-03
1.639610433861866667e-01	4.081834110739064082e-03
1.667324063756906449e-01	4.213558514362034796e-03
1.695506125217208226e-01	4.349378059781448987e-03
1.724164535940033438e-01	4.489411322247209395e-03
1.753307347452060516e-01	4.633779810127698628e-03
1.782942747371474568e-01	4.782608007727839027e-03
1.813079061708234574e-01	4.936023416769064892e-03
1.843724757203275000e-01	5.094156596364651964e-03
1.874888443707211083e-01	5.257141201313306200e-03
1.906578876599247796e-01	5.425114018524833555e-03
1.938804959247014126e-01	5.598215001381767232e-03
1.971575745507916644e-01	5.776587301829744052e-03
2.004900442272835592e-01	5.960377299980189336e-03
2.038788412052750798e-01	6.149734630996672897e-03
2.073249175609150063e-01	6.344812209026848802e-03
2.108292414628857858e-01	6.545766247929467492e-03
2.143927974444073958e-01	6.752756278535534430e-03
2.180165866798430274e-01	6.965945162171314868e-03
2.217016272659736997e-01	7.185499100158686606e-03
2.254489545080342605e-01	7.411587638998221386e-03
2.292596212105766917e-01	7.644383670927390288e-03
2.331346979732569213e-01	7.884063429536639078e-03
2.370752734916163618e-01	8.130806480113349222e-03
2.410824548629473540e-01	8.384795704373728190e-03
2.451573678973335835e-01	8.646217279231958180e-03
2.493011574339402958e-01	8.915260649244598559e-03
2.535149876626587306e-01	9.192118492360087587e-03
2.578000424511790456e-01	9.476986678591786672e-03
2.621575256775992568e-01	9.770064221226495635e-03
2.665886615686511307e-01	1.007155322017044309e-02
2.710946950436425307e-01	1.038165879702895519e-02
2.756768920642191367e-01	1.070058902150991705e-02
2.803365399900296095e-01	1.102855482873492214e-02
2.850749479404112718e-01	1.136576992704029648e-02
2.898934471621800180e-01	1.171245069584567547e-02
2.947933914036459657e-01	1.206881607316938332e-02
2.997761572949446118e-01	1.243508743236861405e-02
3.048431447347966228e-01	1.281148844768676028e-02
3.099957772838110026e-01	1.319824494819516435e-02
3.152355025644269504e-01	1.359558475972208122e-02
3.205637926676255800e-01	1.400373753437382345e-02
3.259821445665060935e-01	1.442293456726211932e-02
3.314920805368620771e-01	1.485340860006985515e-02
3.370951485848599494e-01	1.529539361110217148e-02
3.427929228819465157e-01	1.574912459149292385e-02
3.485870042071142483e-01	1.621483730726076128e-02
3.544790203966314834e-01	1.669276804693483468e-02
3.604706268013856407e-01	1.718315335450498402e-02
3.665635067519453227e-01	1.768622974748282686e-02
3.727593720314937853e-01	1.820223341990300295e-02
3.790599633567491855e-01	1.873139993013407667e-02
3.854670508670132723e-01	1.927396387341806516e-02
3.919824346214941246e-01	1.983015853910960816e-02
3.986079451050231759e-01	2.040021555263961742e-02
4.053454437423328338e-01	2.098436450229275094e-02
4.121968234210137139e-01	2.158283255094871692e-02
4.191640090233237359e-01	2.219584403301135336e-02
4.262489579669776485e-01	2.282362003681917551e-02
4.334536607550772414e-01	2.346637797291164021e-02
4.407801415353455599e-01	2.412433112860761300e-02
4.482304586688004022e-01	2.479768820943568236e-02
4.558067053080539499e-01	2.548665286804993602e-02
4.635110099853732013e-01	2.619142322135300030e-02
4.713455372106929997e-01	2.691219135664862233e-02
4.793124880797287601e-01	2.764914282774063106e-02
4.874141008923670304e-01	2.840245614199772214e-02
4.956526517815184607e-01	2.917230223950620371e-02
5.040304553525852826e-01	2.995884396553226067e-02
5.125498653337533517e-01	3.076223553762384363e-02
5.212132752372591327e-01	3.158262200877857279e-02
5.300231190318516195e-01	3.242013872821243592e-02
5.389818718266018438e-01	3.327491080135593082e-02
5.480920505662881803e-01	3.414705255080809077e-02
5.573562147385243692e-01	3.503666698006450281e-02
5.667769670928383130e-01	3.594384524192697355e-02
5.763569543719186949e-01	3.686866611358401852e-02
5.860988680552025043e-01	3.781119548042181921e-02
5.960054451150506027e-01	3.877148583069842114e-02
6.060794687856858598e-01	3.974957576326412084e-02
6.163237693451454335e-01	4.074548951056573831e-02
6.267412249104387101e-01	4.175923647920266185e-02
6.373347622461452699e-01	4.279081081033071082e-02
6.481073575866924674e-01	4.384019096222147027e-02
6.590620374725127961e-01	4.490733931727841632e-02
6.702018796003550438e-01	4.599220181580078448e-02
6.815300136879469672e-01	4.709470761874649802e-02
6.930496223532930378e-01	4.821476880170542934e-02
7.047639420088206430e-01	4.935228008222298374e-02
7.166762637706404204e-01	5.050711858253827125e-02
7.287899343831883980e-01	5.167914362970338349e-02
7.411083571594764274e-01	5.286819659493232487e-02
7.536349929372584411e-01	5.407410077390536335e-02
7.663733610513340233e-01	5.529666130959916270e-02
7.793270403223097054e-01	5.653566515906071482e-02
7.924996700620573487e-01	5.779088110535803013e-02
8.058949510961670448e-01	5.906205981575528979e-02
8.195166468036988450e-01	6.034893394695706875e-02
8.333685841744831180e-01	6.165121829804608850e-02
8.474546548843202576e-01	6.296861001152291581e-02
8.617788163883257635e-01	6.430078882261297535e-02
8.763450930327818522e-01	6.564741735677608048e-02
8.911575771857650485e-01	6.700814147510024410e-02
9.062204303868837130e-01	6.838259066701919686e-02
9.215378845164673427e-01	6.977037848954426025e-02
9.371142429844909749e-01	7.117110305194869480e-02
9.529538819396250471e-01	7.258434754460683924e-02
9.690612514986907122e-01	7.400968081044184688e-02
9.854408769969253967e-01	7.544665795721507140e-02
1.002097360259361913e+00	7.689482100865910330e-02
1.019035380893695386e+00	7.835369959225205183e-02
1.036259697605026009e+00	7.982281166123468552e-02
1.053775149532790278e+00	8.130166424828406957e-02
1.071586657610325677e+00	8.278975424810228190e-02
1.089699225947380778e+00	8.428656922602183188e-02
1.108117943236025305e+00	8.579158824961241603e-02
1.126847984180302076e+00	8.730428274015740453e-02
1.145894610950043413e+00	8.882411734078969612e-02
1.165263174659284751e+00	9.035055079801145028e-02
1.184959116869630069e+00	9.188303685327499359e-02
1.204987971119068746e+00	9.342102514129357882e-02
1.225355364476592435e+00	9.496396209173972591e-02
1.246067019123127118e+00	9.651129183102756526e-02
1.267128753959161580e+00	9.806245708090850777e-02
1.288546486239548816e+00	9.961690005068343789e-02
1.310326233235965754e+00	1.011740633199195161e-01
1.332474113927433867e+00	1.027333907086572240e-01
1.354996350719455345e+00	1.042943281322245563e-01
1.377899271192165376e+00	1.058563244378993573e-01
1.401189309878072775e+00	1.074188322208239621e-01
1.424873010069821255e+00	1.089813086167278205e-01
1.448957025658507369e+00	1.105432160691943583e-01
1.473448123003098242e+00	1.121040230693910178e-01
1.498353182831403840e+00	1.136632048663640121e-01
1.523679202173229497e+00	1.152202441462055887e-01
1.549433296326152343e+00	1.167746316785883975e-01
1.575622700854574010e+00	1.183258669293742460e-01
1.602254773622528550e+00	1.198734586381949851e-01
1.629336996860851317e+00	1.214169253601105197e-01
1.656876979269319872e+00	1.229557959706447934e-01
1.684882458154278284e+00	1.244896101336888106e-01
1.713361301602444930e+00	1.260179187319567795e-01
1.742321510691409836e+00	1.275402842598511999e-01
1.771771221737550084e+00	1.290562811787793196e-01
1.801718708581883988e+00	1.305654962351143200e-01
1.832172384914617203e+00	1.320675287411667564e-01
1.863140806638941216e+00	1.335619908196615246e-01
1.894632674274788098e+00	1.350485076123645878e-01
1.926656835403250945e+00	1.365267174536239081e-01
1.959222287152264430e+00	1.379962720096991613e-01
1.992338178724363251e+00	1.394568363848680825e-01
2.026013813967100230e+00	1.409080891953768955e-01
2.060258653986974053e+00	1.423497226123955628e-01
2.095082319807497040e+00	1.437814423751974657e-01
2.130494595072189856e+00	1.452029677758495396e-01
2.166505428793310539e+00	1.466140316167466040e-01
2.203124938146971523e+00	1.480143801423574601e-01
2.240363411315581477e+00	1.494037729465880759e-01
2.278231310378250996e+00	1.507819828571771159e-01
2.316739274250128933e+00	1.521487957985606099e-01
2.355898121671370138e+00	1.535040106346375055e-01
2.395718854246625451e+00	1.548474389928678752e-01
2.436212659535957670e+00	1.561789050711259730e-01
2.477390914197924676e+00	1.574982454287063571e-01
2.519265187185870225e+00	1.588053087628669424e-01
2.561847242998160024e+00	1.600999556722550177e-01
2.605149044983431139e+00	1.613820584085389476e-01
2.649182758701655427e+00	1.626515006175219547e-01
2.693960755342017954e+00	1.639081770709799324e-01
2.739495615198612732e+00	1.651519933904193604e-01
2.785800131204812846e+00	1.663828657639097597e-01
2.832887312527463397e+00	1.676007206570828689e-01
2.880770388221738365e+00	1.688054945193616652e-01
2.929462810947857765e+00	1.699971334864177896e-01
2.978978260750571039e+00	1.711755930798044001e-01
3.029330648902521350e+00	1.723408379046660888e-01
3.080534121812634751e+00	1.734928413463719954e-01
3.132603065000477027e+00	1.746315852668621493e-01
3.185552107137887834e+00	1.757570597014576630e-01
3.239396124158830492e+00	1.768692625568158427e-01
3.294150243438799031e+00	1.779681993106828897e-01
3.349829848044809655e+00	1.790538827140308598e-01
3.406450581057223204e+00	1.801263324961261680e-01
3.464028349964686004e+00	1.811855750730324011e-01
3.522579331133254943e+00	1.822316432599899449e-01
3.582119974351172242e+00	1.832645759881204872e-01
3.642667007450346439e+00	1.842844180258312869e-01
3.704237441006055231e+00	1.852912197050093634e-01
3.766848573116013732e+00	1.862850366528893131e-01
3.830517994260218551e+00	1.872659295291538295e-01
3.895263592243014550e+00	1.882339637689532663e-01
3.961103557218577542e+00	1.891892093318724988e-01
4.028056386801467603e+00	1.901317404570332381e-01
4.096140891263432948e+00	1.910616354244615012e-01
4.165376198818180775e+00	1.919789763228310631e-01
4.235781760995385170e+00	1.928838488236594984e-01
4.307377358105535237e+00	1.937763419620220362e-01
4.380183104797232829e+00	1.946565479238115959e-01
4.454219455708298803e+00	1.955245618395369811e-01
4.529507211212534301e+00	1.963804815848713692e-01
4.606067523263474683e+00	1.972244075872841562e-01
4.683921901337057214e+00	1.980564426398003786e-01
4.763092218474635153e+00	1.988766917207618612e-01
4.843600717428146574e+00	1.996852618201732099e-01
4.925470016909234694e+00	2.004822617723472089e-01
5.008723117943856273e+00	2.012678020947927249e-01
5.093383410334457295e+00	2.020419948332539128e-01
5.179474679231212519e+00	2.028049534128010534e-01
5.267021111814501388e+00	2.035567924948599727e-01
5.356047304090164829e+00	2.042976278400686907e-01
5.446578267799784712e+00	2.050275761768375338e-01
5.538639437447652192e+00	2.057467550754936703e-01
5.632256677446509485e+00	2.064552828278677921e-01
5.727456289384188715e+00	2.071532783322043714e-01
5.824265019412900202e+00	2.078408609832540221e-01
5.922710065763608256e+00	2.085181505674065794e-01
6.022819086387228182e+00	2.091852671627362770e-01
6.124620206725158056e+00	2.098423310438079503e-01
6.228142027611035303e+00	2.104894625911149786e-01
6.333413633306047785e+00	2.111267822049998633e-01
6.440464599670190360e+00	2.117544102239249659e-01
6.549325002471445778e+00	2.123724668469470500e-01
6.660025425835619295e+00	2.129810720602682006e-01
6.772596970838784536e+00	2.135803455677130758e-01
6.887071264245168578e+00	2.141704067250080334e-01
7.003480467392588338e+00	2.147513744777283518e-01
7.121857285228077927e+00	2.153233673027546147e-01
7.242234975496383065e+00	2.158865031532492540e-01
7.364647358083541206e+00	2.164408994066358560e-01
7.489128824518638261e+00	2.169866728160987357e-01
7.615714347635920589e+00	2.175239394648388891e-01
7.744439491400456177e+00	2.180528147233602998e-01
7.875340420899716420e+00	2.185734132095290272e-01
8.008453912504041483e+00	2.190858487513199226e-01
8.143817364199005482e+00	2.195902343521430322e-01
8.281468806092183499e+00	2.200866821586300870e-01
8.421446911097760335e+00	2.205753034307884053e-01
8.563791005801492773e+00	2.210562085144186784e-01
8.708541081509549642e+00	2.215295068156919456e-01
8.855737805483945735e+00	2.219953067777963862e-01
9.005422532367880706e+00	2.224537158595632225e-01
9.157637315804374012e+00	2.229048405159736457e-01
9.312424920251002547e+00	2.233487861804678287e-01
9.469828832994659606e+00	2.237856572489711482e-01
9.629893276369060118e+00	2.242155570655529062e-01
9.792663220179065320e+00	2.246385879096431948e-01
9.958184394334800515e+00	2.250548509847315193e-01
1.012650330169933710e+01	2.254644464084728517e-01
1.029766723115371541e+01	2.258674732041346389e-01
1.047172427088250757e+01	2.262640292933128794e-01
1.064872332188427428e+01	2.266542114898562610e-01
1.082871411171002762e+01	2.270381154949338287e-01
1.101174720843425447e+01	2.274158358931846202e-01
1.119787403486185262e+01	2.277874661499001974e-01
1.138714688297520183e+01	2.281530986091676039e-01
1.157961892862566167e+01	2.285128244929391372e-01
1.177534424647303979e+01	2.288667339009637369e-01
1.197437782517795135e+01	2.292149158115384111e-01
1.217677558285059547e+01	2.295574580830290756e-01
1.238259438276100788e+01	2.298944474561180340e-01
1.259189204931461603e+01	2.302259695567338560e-01
1.280472738429782709e+01	2.305521088996232704e-01
1.302116018339845027e+01	2.308729488925248818e-01
1.324125125300498418e+01	2.311885718409077695e-01
1.346506242729025793e+01	2.314990589532390508e-01
1.369265658558342480e+01	2.318044903467429696e-01
1.392409767003596599e+01	2.321049450536273040e-01
1.415945070358605307e+01	2.324005010277206129e-01
1.439878180822651998e+01	2.326912351515547650e-01
1.464215822358192653e+01	2.329772232438244717e-01
1.488964832579915942e+01	2.332585400669659470e-01
1.514132164675782732e+01	2.335352593354916573e-01
1.539724889360486770e+01	2.338074537242318118e-01
1.565750196861980470e+01	2.340751948770135593e-01
1.592215398941546312e+01	2.343385534155592032e-01
1.619127930948012661e+01	2.345975989486155933e-01
1.646495353906724546e+01	2.348524000812831081e-01
1.674325356643772622e+01	2.351030244245350120e-01
1.702625757946180585e+01	2.353495386049098692e-01
1.731404508758553007e+01	2.355920082743482302e-01
1.760669694416904463e+01	2.358304981201712058e-01
1.790429536920192888e+01	2.360650718751750587e-01
1.820692397240297211e+01	2.362957923278344585e-01
1.851466777671009822e+01	2.365227213325923894e-01
1.882761324216724574e+01	2.367459198202348514e-01
1.914584829021545431e+01	2.369654478083239590e-01
1.946946232839389879e+01	2.371813644116898268e-01
1.979854627545908841e+01	2.373937278529638095e-01
2.013319258692800773e+01	2.376025954731431911e-01
2.047349528105359084e+01	2.378080237421800192e-01
2.081954996523887758e+01	2.380100682694956116e-01
2.117145386289756814e+01	2.382087838150112047e-01
2.152930584076909071e+01	2.384042242988991811e-01
2.189320643669466548e+01	2.385964428130202264e-01
2.226325788786357052e+01	2.387854916310722664e-01
2.263956415953613899e+01	2.389714222192156901e-01
2.302223097425292053e+01	2.391542852465856905e-01
2.341136584153708355e+01	2.393341305957667475e-01
2.380707808809889059e+01	2.395110073732208134e-01
2.420947888855114627e+01	2.396849639195738624e-01
2.461868129664312121e+01	2.398560478204100344e-01
2.503480027702318367e+01	2.400243059156006997e-01
2.545795273753748944e+01	2.401897843104482677e-01
2.588825756207539186e+01	2.403525283853517602e-01
2.632583564396948717e+01	2.405125828059687110e-01
2.677080991996021808e+01	2.406699915332078943e-01
2.722330540473507554e+01	2.408247978331447547e-01
2.768344922605082559e+01	2.409770442868572893e-01
2.815137066045024739e+01	2.411267728001728339e-01
2.862720116958168148e+01	2.412740246133476818e-01
2.911107443713334675e+01	2.414188403106966863e-01
2.960312640639132908e+01	2.415612598299193281e-01
3.010349531843243653e+01	2.417013224717026731e-01
3.061232175096317221e+01	2.418390669089188760e-01
3.112974865781429301e+01	2.419745311958646505e-01
3.165592140910392160e+01	2.421077527773337901e-01
3.219098783207849834e+01	2.422387684978748179e-01
3.273509825264502382e+01	2.423676146102488604e-01
3.328840553760464616e+01	2.424943267847269601e-01
3.385106513760008085e+01	2.426189401175819771e-01
3.442323513078967778e+01	2.427414891397698116e-01
3.500507626725861599e+01	2.428620078254548620e-01
3.559675201418191648e+01	2.429805296004392545e-01
3.619842860174963306e+01	2.430970873504945673e-01
3.681027506986945497e+01	2.432117134295860295e-01
3.743246331565791252e+01	2.433244396679999921e-01
3.806516814173434682e+01	2.434352973803704800e-01
3.870856730533186152e+01	2.435443173736015487e-01
3.936284156823732872e+01	2.436515299546940239e-01
4.002817474757663518e+01	2.437569649384673798e-01
4.070475376745718421e+01	2.438606516551806713e-01
4.139276871148439341e+01	2.439626189580595406e-01
4.209241287616510618e+01	2.440628952307164201e-01
4.280388282521361276e+01	2.441615083944757569e-01
4.352737844477648110e+01	2.442584859155991772e-01
4.426310299958944938e+01	2.443538548124155052e-01
4.501126319008503884e+01	2.444476416623474757e-01
4.577206921046389709e+01	2.445398726088454655e-01
4.654573480774909910e+01	2.446305733682269667e-01
4.733247734183772337e+01	2.447197692364141419e-01
4.813251784656739574e+01	2.448074850955833381e-01
4.894608109181602629e+01	2.448937454207160691e-01
4.977339564664967497e+01	2.449785742860587923e-01
5.061469394353941453e+01	2.450619953714890387e-01
5.147021234366199849e+01	2.451440319687914204e-01
5.234019120330587782e+01	2.452247069878395469e-01
5.322487494139806330e+01	2.453040429626941188e-01
5.412451210817385316e+01	2.453820620576052935e-01
5.503935545500626603e+01	2.454587860729286752e-01
5.596966200541572789e+01	2.455342364509594255e-01
5.691569312728113772e+01	2.456084342816546306e-01
5.787771460626974118e+01	2.456814003083781783e-01
5.885599672051007758e+01	2.457531549333034637e-01
5.985081431652515249e+01	2.458237182230749440e-01
6.086244688645088985e+01	2.458931099141271059e-01
6.189117864655855783e+01	2.459613494180324655e-01
6.293729861710444595e+01	2.460284558267424315e-01
6.400110070353041181e+01	2.460944479177528954e-01
6.508288377903505761e+01	2.461593441591945208e-01
6.618295176854263673e+01	2.462231627148382951e-01
6.730161373408913050e+01	2.462859214490267790e-01
6.843918396165355489e+01	2.463476379315351072e-01
6.959598204945567090e+01	2.464083294423480841e-01
7.077233299774606223e+01	2.464680129763678618e-01
7.196856730011528214e+01	2.465267052480517029e-01
7.318502103634435230e+01	2.465844226959715835e-01
7.442203596682681166e+01	2.466411814873050445e-01
7.567995962858455528e+01	2.466969975222605138e-01
7.695914543290872700e+01	2.467518864384256050e-01
7.825995276464949768e+01	2.468058636150526342e-01
7.958274708318410262e+01	2.468589441771895931e-01
8.092790002509306646e+01	2.469111430002610685e-01
8.229578950856954123e+01	2.469624747132912468e-01
8.368679983959597735e+01	2.470129537037862866e-01
8.510132181991289713e+01	2.470625941212605814e-01
8.653975285681501362e+01	2.471114098812171034e-01
8.800249707480163863e+01	2.471594146689783389e-01
8.948996542911412178e+01	2.472066219434617129e-01
9.100257582119419908e+01	2.472530449408861797e-01
9.254075321609118987e+01	2.472986966784272989e-01
9.410492976185659586e+01	2.473435899578104447e-01
9.569554491095378523e+01	2.473877373688476156e-01
9.731304554372266580e+01	2.474311512929166790e-01
9.895788609392928947e+01	2.474738439063861595e-01
1.006305286764376348e+02	2.475158271839838497e-01
1.023314432170412118e+02	2.475571129021122418e-01
1.040611075844862796e+02	2.475977126421100571e-01
1.058200077247298054e+02	2.476376377934610129e-01
1.076086377974633734e+02	2.476768995569525456e-01
1.094275003149479204e+02	2.477155089477795225e-01
1.112771062831930067e+02	2.477534767986047659e-01
1.131579753455222743e+02	2.477908137625512430e-01
1.150706359285678531e+02	2.478275303161873722e-01
1.170156253907290136e+02	2.478636367624749703e-01
1.189934901731438543e+02	2.478991432334472778e-01
1.210047859532090087e+02	2.479340596932635976e-01
1.230500778006978635e+02	2.479683959408482963e-01
1.251299403365151335e+02	2.480021616126427131e-01
1.272449578941347568e+02	2.480353661852856550e-01
1.293957246837690604e+02	2.480680189782241141e-01
1.315828449593089147e+02	2.481001291564640110e-01
1.338069331880899426e+02	2.481317057328045195e-01
1.360686142235236389e+02	2.481627575706686351e-01
1.383685234806508220e+02	2.481932933864142155e-01
1.407073071146594430e+02	2.482233217517949286e-01
1.430856222024197280e+02	2.482528510963501744e-01
1.455041369270908831e+02	2.482818897097568700e-01
1.479635307658433305e+02	2.483104457441416557e-01
1.504644946807591168e+02	2.483385272163550206e-01
1.530077313129538652e+02	2.483661420102099560e-01
1.555939551799847322e+02	2.483932978786814461e-01
1.582238928765917478e+02	2.484200024460721246e-01
1.608982832788323662e+02	2.484462632101419044e-01
1.636178777516695106e+02	2.484720875442007204e-01
1.663834403600635596e+02	2.484974826991693531e-01
1.691957480836375396e+02	2.485224558056066957e-01
1.720555910349655733e+02	2.485470138757008007e-01
1.749637726815560939e+02	2.485711638052286732e-01
1.779211100715817793e+02	2.485949123754875312e-01
1.809284340634302453e+02	2.486182662551876810e-01
1.839865895591310334e+02	2.486412320023176636e-01
1.870964357417281576e+02	2.486638160659802033e-01
1.902588463166685528e+02	2.486860247881955421e-01
1.934747097572649466e+02	2.487078644056754939e-01
1.967449295543138987e+02	2.487293410515691305e-01
2.000704244699266781e+02	2.487504607571792148e-01
2.034521287956564777e+02	2.487712294536498225e-01
2.068909926149848104e+02	2.487916529736272919e-01
2.103879820702443340e+02	2.488117370528925842e-01
2.139440796340576298e+02	2.488314873319677489e-01
2.175602843853577042e+02	2.488509093576954101e-01
2.212376122900808468e+02	2.488700085847915244e-01
2.249770964865966505e+02	2.488887903773678856e-01
2.287797875759696069e+02	2.489072600104428878e-01
2.326467539171220835e+02	2.489254226714692486e-01
2.365790819269863619e+02	2.489432834616250867e-01
2.405778763857347258e+02	2.489608473974372904e-01
2.446442607471615247e+02	2.489781194120797847e-01
2.487793774543193308e+02	2.489951043567801836e-01
2.529843882604822340e+02	2.490118070021787033e-01
2.572604745555416912e+02	2.490282320396636218e-01
2.616088376979143391e+02	2.490443840826783717e-01
2.660306993520598553e+02	2.490602676680708782e-01
2.705273018317088258e+02	2.490758872572463312e-01
2.750999084488843778e+02	2.490912472375407249e-01
2.797498038688314637e+02	2.491063519233882029e-01
2.844782944709368735e+02	2.491212055575415807e-01
2.892867087157579817e+02	2.491358123122675572e-01
2.941763975182495869e+02	2.491501762904415607e-01
2.991487346272989498e+02	2.491643015270498251e-01
3.042051170116823755e+02	2.491781919896231545e-01
3.093469652525361084e+02	2.491918515800470857e-01
3.145757239424706313e+02	2.492052841905765537e-01
3.198928620914214775e+02	2.492184934286387488e-01
3.252998735393691732e+02	2.492314831705775557e-01
3.307982773760288637e+02	2.492442570100092680e-01
3.363896183676337728e+02	2.492568185351880516e-01
3.420754673909387975e+02	2.492691712747451271e-01
3.478574218745504822e+02	2.492813186986779783e-01
3.537371062477265582e+02	2.492932642193261827e-01
3.597161723967509488e+02	2.493050111923262591e-01
3.657963001290331135e+02	2.493165629175536913e-01
3.719791976450445077e+02	2.493279226400518522e-01
3.782666020182322768e+02	2.493390935509383344e-01
3.846602796830517832e+02	2.493500787883041747e-01
3.911620269312371079e+02	2.493608814380926519e-01
3.977736704164719868e+02	2.493715045349663428e-01
4.044970676675784489e+02	2.493819510631582193e-01
4.113341076103915839e+02	2.493922239573101995e-01
4.182867110984475403e+02	2.494023261032945471e-01
4.253568314526407903e+02	2.494122603390282189e-01
4.325464550100122665e+02	2.494220294552658979e-01
4.398576016817999061e+02	2.494316361963830053e-01
4.472923255209361173e+02	2.494410832611503315e-01
4.548527152991227354e+02	2.494503733034713067e-01
4.625408950936740666e+02	2.494595089332090065e-01
4.703590248842695019e+02	2.494684927167588051e-01
4.783093011597930513e+02	2.494773271779291979e-01
4.863939575354394265e+02	2.494860147985679122e-01
4.946152653802362238e+02	2.494945580192793888e-01
5.029755344551887219e+02	2.495029592401064034e-01
5.114771135621948588e+02	2.495112208212032501e-01
5.201223912039447441e+02	2.495193450835029303e-01
5.289137962549582426e+02	2.495273343093646623e-01
5.378537986439790757e+02	2.495351907432150906e-01
5.469449100478946093e+02	2.495429165921815573e-01
5.561896845973827794e+02	2.495505140267092470e-01
5.655907195944980685e+02	2.495579851811699501e-01
5.751506562423700188e+02	2.495653321544648584e-01
5.848721803872531382e+02	2.495725570106112623e-01
5.947580232731010028e+02	2.495796617793212269e-01
6.048109623089127354e+02	2.495866484565756882e-01
6.150338218490370537e+02	2.495935190051811192e-01
6.254294739866654709e+02	2.496002753553221987e-01
6.360008393607505468e+02	2.496069194051042106e-01
6.467508879765434813e+02	2.496134530210851188e-01
6.576826400400219654e+02	2.496198780388013683e-01
6.687991668064009900e+02	2.496261962632814468e-01
6.801035914430051434e+02	2.496324094695541451e-01
6.915990899067132887e+02	2.496385194031472132e-01
7.032888918362326649e+02	2.496445277805754148e-01
7.151762814594706015e+02	2.496504362898271934e-01
7.272645985162197348e+02	2.496562465908338524e-01
7.395572391964639110e+02	2.496619603159383749e-01
7.520576570945196409e+02	2.496675790703535014e-01
7.647693641793268853e+02	2.496731044326122584e-01
7.776959317811260917e+02	2.496785379550117701e-01
7.908409915948119533e+02	2.496838811640489930e-01
8.042082367002620913e+02	2.496891355608492624e-01
8.178014225998882694e+02	2.496943026215885375e-01
8.316243682737505196e+02	2.496993837979076813e-01
8.456809572524798568e+02	2.497043805173198294e-01
8.599751387083596228e+02	2.497092941835103996e-01
8.745109285648341029e+02	2.497141261772397036e-01
8.892924106247685359e+02	2.497188778557131728e-01
9.043237377177986218e+02	2.497235505539701084e-01
9.196091328670457870e+02	2.497281455847720766e-01
9.351528904755820122e+02	2.497326642391143325e-01
9.509593775329200298e+02	2.497371077864063982e-01
9.670330348419231541e+02	2.497414774750590372e-01
9.833783782664356750e+02	2.497457745327079648e-01
1.000000000000000000e+03	2.497500001665832747e-01
