# Data associated with arXiv:2110.09653
# 
# Scale-free velocity distribution, f(E), of a moore dark matter distribution (see Eq. 13 and the surrounding discussion)
# 
# Published: 3/29/22, Jack Runburg, contact: runburg@hawaii.edu
# 
# 
# -----------------------------------------------------------------
# 
# 	 tilde E 		 | 		 tilde f
# 
# -----------------------------------------------------------------
1.041666845582674313e-03	7.682513287487471008e+10
1.052195462375713365e-03	7.417750890026457214e+10
1.062830494930215586e-03	7.155695907166545105e+10
1.073573018819507993e-03	6.897255775240864563e+10
1.084424120486894832e-03	6.646227981396647644e+10
1.095384897355487254e-03	6.396928391135132599e+10
1.106456457939163605e-03	6.155015099097827148e+10
1.117639921954632128e-03	5.922250259480568695e+10
1.128936420434641184e-03	5.698288144074641418e+10
1.140347095842323983e-03	5.482795385834626007e+10
1.151873102186693008e-03	5.275451932948966217e+10
1.163515605139318811e-03	5.075949604586801910e+10
1.175275782152164147e-03	4.883991877647434998e+10
1.187154822576629368e-03	4.699293439970898438e+10
1.199153927783781336e-03	4.521579751716791534e+10
1.211274311285812696e-03	4.350586683538621521e+10
1.223517198858717608e-03	4.186060081627436829e+10
1.235883828666203051e-03	4.027755397632182312e+10
1.248375451384868638e-03	3.875437341106965637e+10
1.260993330330624582e-03	3.728879513670479584e+10
1.273738741586415927e-03	3.587864081641749573e+10
1.286612974131204866e-03	3.452181447642382050e+10
1.299617329970284910e-03	3.321629940383340454e+10
1.312753124266891318e-03	3.196015515417090607e+10
1.326021685475141636e-03	3.075151467393639374e+10
1.339424355474334947e-03	2.958858151630718994e+10
1.352962489704582095e-03	2.846962715002177811e+10
1.366637457303829326e-03	2.739298842923804474e+10
1.380450641246244985e-03	2.635706511650830078e+10
1.394403438482023482e-03	2.536031744615691757e+10
1.408497260078577038e-03	2.440126392491115952e+10
1.422733531363177227e-03	2.347847905339601898e+10
1.437113692067020290e-03	2.259059127222883224e+10
1.451639196470745716e-03	2.173628087378668594e+10
1.466311513551442781e-03	2.091427804294347000e+10
1.481132127131112516e-03	2.012336102277733231e+10
1.496102536026658412e-03	1.936235418283211517e+10
1.511224254201362031e-03	1.863012652196620560e+10
1.526498810917914246e-03	1.792558958490109634e+10
1.541927750892973896e-03	1.724769622252091217e+10
1.557512634453285961e-03	1.659543885487271118e+10
1.573255037693392210e-03	1.596784799385398865e+10
1.589156552634910912e-03	1.536399083987328911e+10
1.605218787387445879e-03	1.478296982414135742e+10
1.621443366311099265e-03	1.422392136520584869e+10
1.637831930180643197e-03	1.368601450553002167e+10
1.654386136351337650e-03	1.316844979084018517e+10
1.671107658926413667e-03	1.267045787396332550e+10
1.687998188926273947e-03	1.219129858870560265e+10
1.705059434459366575e-03	1.173025974124032021e+10
1.722293120894815167e-03	1.128665605031061363e+10
1.739700991036762043e-03	1.085982818740584946e+10
1.757284805300494707e-03	1.044914175000711250e+10
1.775046341890338265e-03	1.005398628493829155e+10
1.792987396979333747e-03	9.673774470208126068e+09
1.811109784890756105e-03	9.307941176766407013e+09
1.829415338281427644e-03	8.955942652674245834e+09
1.847905908326920570e-03	8.617255698524673462e+09
1.866583364908587939e-03	8.291376915683174133e+09
1.885449596802516673e-03	7.977821931900246620e+09
1.904506511870365792e-03	7.676124686158217430e+09
1.923756037252127588e-03	7.385836784447987556e+09
1.943200119560855969e-03	7.106526726346755028e+09
1.962840725079328594e-03	6.837779367278438568e+09
1.982679839958722580e-03	6.579195263292490005e+09
2.002719470419264767e-03	6.330390063722196579e+09
2.022961642952935454e-03	6.090993947510443687e+09
2.043408404528195259e-03	5.860651121772418022e+09
2.064061822796774571e-03	5.639019181888216972e+09
2.084923986302577182e-03	5.425768724931426048e+09
2.105997004692647823e-03	5.220582777543933868e+09
2.127283008930312865e-03	5.023156375691907883e+09
2.148784151510425237e-03	4.833196064992270470e+09
2.170502606676821128e-03	4.650419501198427200e+09
2.192440570641942046e-03	4.474555011750024796e+09
2.214600261808671259e-03	4.305341206124840736e+09
2.236983920994434043e-03	4.142526575272683144e+09
2.259593811657518384e-03	3.985869116763426781e+09
2.282432220125715436e-03	3.835135986782026768e+09
2.305501455827228124e-03	3.690103141922824383e+09
2.328803851523944188e-03	3.550555014690657616e+09
2.352341763547033306e-03	3.416284189018701077e+09
2.376117572034922108e-03	3.287091089908441544e+09
2.400133681173690411e-03	3.162783694345832348e+09
2.424392519439854017e-03	3.043177238238929272e+09
2.448896539845635528e-03	2.928093945665829659e+09
2.473648220186662472e-03	2.817362763579141140e+09
2.498650063292205507e-03	2.710819104926332474e+09
2.523904597277908547e-03	2.608304621380586624e+09
2.549414375801064159e-03	2.509666916284994602e+09
2.575181978318494096e-03	2.414759403416012287e+09
2.601210010346978550e-03	2.323441009004484177e+09
2.627501103726361236e-03	2.235576004225133896e+09
2.654057916885255251e-03	2.151033790967979431e+09
2.680883135109470711e-03	2.069688711759025335e+09
2.707979470813116039e-03	1.991419859242137671e+09
2.735349663812428403e-03	1.916110899039045811e+09
2.762996481602397920e-03	1.843649896800282955e+09
2.790922719636122762e-03	1.773929150022714853e+09
2.819131201607036948e-03	1.706845034685073614e+09
2.847624779733922817e-03	1.642297836226438284e+09
2.876406335048844326e-03	1.580191615626157522e+09
2.905478777687944825e-03	1.520434064214797020e+09
2.934845047185179537e-03	1.462936361071733713e+09
2.964508112769024401e-03	1.407613044655390263e+09
2.994470973662136971e-03	1.354381888218945026e+09
3.024736659384078680e-03	1.303163770019366264e+09
3.055308230057028618e-03	1.253882563995446205e+09
3.086188776714637177e-03	1.206465023669103861e+09
3.117381421613932800e-03	1.160840663954727888e+09
3.148889318550390261e-03	1.116941678144623995e+09
3.180715653176189109e-03	1.074702816031556845e+09
3.212863643321624968e-03	1.034061296199480534e+09
3.245336539319815944e-03	9.949567116872271299e+08
3.278137624334608730e-03	9.573309404808449745e+08
3.311270214691850941e-03	9.211280579955663681e+08
3.344737660213946417e-03	8.862942547614330053e+08
3.378543344557777620e-03	8.527777555743821859e+08
3.412690685556073189e-03	8.205287457846970558e+08
3.447183135562139136e-03	7.894992913232603073e+08
3.482024181798128865e-03	7.596432711566524506e+08
3.517217346706740140e-03	7.309163111568988562e+08
3.552766188306516817e-03	7.032757129131463766e+08
3.588674300550678993e-03	6.766803936896375418e+08
3.624945313689560515e-03	6.510908239144306183e+08
3.661582894636727578e-03	6.264689690641453266e+08
3.698590747338717684e-03	6.027782336344472170e+08
3.735972613148556831e-03	5.799834041164953709e+08
3.773732271202969064e-03	5.580506014726115465e+08
3.811873538803429301e-03	5.369472258377846479e+08
3.850400271801013470e-03	5.166419106355692744e+08
3.889316364985099736e-03	4.971044758020066023e+08
3.928625752476012749e-03	4.783058825926846266e+08
3.968332408121629136e-03	4.602181896849485636e+08
4.008440345897851427e-03	4.428145134804404974e+08
4.048953620313215825e-03	4.260689861714798212e+08
4.089876326817555759e-03	4.099567188446462154e+08
4.131212602214680459e-03	3.944537634842292666e+08
4.172966625079307067e-03	3.795370777848961949e+08
4.215142616178083231e-03	3.651844907877413630e+08
4.257744838894887522e-03	3.513746697679259777e+08
4.300777599660390339e-03	3.380870894524663091e+08
4.344245248385889165e-03	3.253020013613227010e+08
4.388152178901560431e-03	3.130003984411795139e+08
4.432502829399030848e-03	3.011640013839362860e+08
4.477301682878446869e-03	2.897752157369944453e+08
4.522553267599995451e-03	2.788171142456278205e+08
4.568262157539957659e-03	2.682734107494840324e+08
4.614432972851345398e-03	2.581284326661036909e+08
4.661070380329123027e-03	2.483671021374804378e+08
4.708179093880138742e-03	2.389749109596836567e+08
4.755763874997720637e-03	2.299378986228219271e+08
4.803829533241039777e-03	2.212426342781081498e+08
4.852380926719295808e-03	2.128761936730575860e+08
4.901422962580718155e-03	2.048261418159723282e+08
4.950960597506495579e-03	1.970805138617936969e+08
5.000998838209609783e-03	1.896277974419664741e+08
5.051542741938717072e-03	1.824569156769694984e+08
5.102597416987022551e-03	1.755572104298845828e+08
5.154168023206268275e-03	1.689184266537017524e+08
5.206259772525873540e-03	1.625306972107502222e+08
5.258877929477241177e-03	1.563845279514266551e+08
5.312027811723340869e-03	1.504707838896582723e+08
5.365714790593541748e-03	1.447806755339441001e+08
5.419944291623857331e-03	1.393057456038942039e+08
5.474721795102512577e-03	1.340378568185081035e+08
5.530052836621039518e-03	1.289691794569873959e+08
5.585943007630821654e-03	1.240921801285822839e+08
5.642397956005220684e-03	1.193996101332606524e+08
5.699423386607334156e-03	1.148844950410418808e+08
5.757025061863371880e-03	1.105401240597155839e+08
5.815208802341838464e-03	1.063600401601249278e+08
5.873980487338388394e-03	1.023380306189190000e+08
5.933346055466636425e-03	9.846811760262587667e+07
5.993311505254765408e-03	9.474454927644430101e+07
6.053882895748129329e-03	9.116179145686246455e+07
6.115066347117884514e-03	8.771451911138853431e+07
6.176868041275619496e-03	8.439760866045218706e+07
6.239294222494212554e-03	8.120613027705764771e+07
6.302351198034765976e-03	7.813534052786123753e+07
6.366045338779887687e-03	7.518067547671051323e+07
6.430383079873207459e-03	7.233774349002873898e+07
6.495370921365292531e-03	6.960231940318965912e+07
6.561015428866002509e-03	6.697033759859573096e+07
6.627323234203307857e-03	6.443788617491190135e+07
6.694301036088705532e-03	6.200120135903154314e+07
6.761955600789195352e-03	5.965666153608959913e+07
6.830293762806013101e-03	5.740078210809429735e+07
6.899322425560037129e-03	5.523021026618842781e+07
6.969048562084074853e-03	5.314171998534943163e+07
7.039479215721968462e-03	5.113220723977946490e+07
7.110621500834693291e-03	4.919868536140152812e+07
7.182482603513447132e-03	4.733828071284503490e+07
7.255069782299810276e-03	4.554822821437463164e+07
7.328390368913076901e-03	4.382586741385188699e+07
7.402451768984775159e-03	4.216863848169413954e+07
7.477261462800499116e-03	4.057407835629923642e+07
7.552827006049118476e-03	3.903981713551212847e+07
7.629156030579227303e-03	3.756357455643817782e+07
7.706256245163484002e-03	3.614315656322930753e+07
7.784135436270082746e-03	3.477645206371632218e+07
7.862801468842160399e-03	3.346142987631342188e+07
7.942262287084786779e-03	3.219613561417052150e+07
8.022525915259764648e-03	3.097868848349106684e+07
8.103600458488314021e-03	2.980727938102359325e+07
8.185494103561683291e-03	2.868016719887972996e+07
8.268215119759779116e-03	2.759567692230629921e+07
8.351771859677821139e-03	2.655219661663126200e+07
8.436172760061299084e-03	2.554817552442430705e+07
8.521426342649006738e-03	2.458212143277417123e+07
8.607541215024527501e-03	2.365259858098792657e+07
8.694526071476050069e-03	2.275822550363860279e+07
8.782389693864659994e-03	2.189767298712995276e+07
8.871140952501266677e-03	2.106966207791928947e+07
8.960788807032027056e-03	2.027296216626675427e+07
9.051342307332651063e-03	1.950638922337154299e+07
9.142810594411370298e-03	1.876880396104183421e+07
9.235202901320896038e-03	1.805911018494991213e+07
9.328528554079255561e-03	1.737625316407153383e+07
9.422796972599760054e-03	1.671921803134409897e+07
9.518017671630055535e-03	1.608702833158307895e+07
9.614200261700378211e-03	1.547874450735638477e+07
9.711354450081225928e-03	1.489346256002426147e+07
9.809490041750254866e-03	1.433031260082882456e+07
9.908616940368803958e-03	1.378845775704658590e+07
1.000874514926791865e-02	1.326709271690696292e+07
1.010988477244401280e-02	1.276544264842421561e+07
1.021204601556437337e-02	1.228276202439634316e+07
1.031523918698233795e-02	1.181833349485579878e+07
1.041947469876259615e-02	1.137146685741411895e+07
1.052476306771633029e-02	1.094149800035537034e+07
1.063111491644658062e-02	1.052778792600017041e+07
1.073854097440376902e-02	1.012972179736831412e+07
1.084705207895150618e-02	9.746708036820208654e+06
1.095665917644285565e-02	9.378177445912944153e+06
1.106737332330694733e-02	9.023582324502434582e+06
1.117920568714635653e-02	8.682395701085668057e+06
1.129216754784496089e-02	8.354110536200587638e+06
1.140627029868674681e-02	8.038238955840933137e+06
1.152152544748535380e-02	7.734311539193028584e+06
1.163794461772464477e-02	7.441876618313767016e+06
1.175553954971036465e-02	7.160499601940248162e+06
1.187432210173287352e-02	6.889762338173782453e+06
1.199430425124128376e-02	6.629262479730428196e+06
1.211549809602879314e-02	6.378612906088078395e+06
1.223791585542967873e-02	6.137441125806120224e+06
1.236156987152766708e-02	5.905388739364920184e+06
1.248647261037611790e-02	5.682110898091830313e+06
1.261263666322994838e-02	5.467275792980087921e+06
1.274007474778933620e-02	5.260564169873405248e+06
1.286879970945561773e-02	5.061668835641177371e+06
1.299882452259901004e-02	4.870294221513342112e+06
1.313016229183880217e-02	4.686155939382659271e+06
1.326282625333560609e-02	4.508980345898159780e+06
1.339682977609617763e-02	4.338504154420155101e+06
1.353218636329067519e-02	4.174474025026664138e+06
1.366890965358258207e-02	4.016646209783162456e+06
1.380701342247135817e-02	3.864786168922146782e+06
1.394651158364785225e-02	3.718668236590608954e+06
1.408741819036284960e-02	3.578075279852116480e+06
1.422974743680847746e-02	3.442798375598814804e+06
1.437351365951292266e-02	3.312636501892202999e+06
1.451873133874838871e-02	3.187396238984382246e+06
1.466541509995245539e-02	3.066891481194317807e+06
1.481357971516298298e-02	2.950943159796797205e+06
1.496324010446652315e-02	2.839378979246248025e+06
1.511441133746069775e-02	2.732033157755997963e+06
1.526710863473014143e-02	2.628746181539801415e+06
1.542134736933668988e-02	2.529364572849586606e+06
1.557714306832349779e-02	2.433740655434701126e+06
1.573451141423340763e-02	2.341732336264163721e+06
1.589346824664149629e-02	2.253202898193439003e+06
1.605402956370229409e-02	2.168020788972173352e+06
1.621621152371148511e-02	2.086059443095438415e+06
1.638003044668210825e-02	2.007197065228683176e+06
1.654550281593576699e-02	1.931316473453813931e+06
1.671264527970858435e-02	1.858304922416043933e+06
1.688147465277230891e-02	1.788053919063462177e+06
1.705200791807045743e-02	1.720459081324296771e+06
1.722426222836982712e-02	1.655419971865397878e+06
1.739825490792726650e-02	1.592839950704401592e+06
1.757400345417208312e-02	1.532626031941435300e+06
1.775152553940396657e-02	1.474688748341219733e+06
1.793083901250676349e-02	1.418942013001240557e+06
1.811196190067800721e-02	1.365302996054702904e+06
1.829491241117450068e-02	1.313691999983622925e+06
1.847970893307407034e-02	1.264032339409511536e+06
1.866637003905337322e-02	1.216250230373928789e+06
1.885491448718223592e-02	1.170274678670124849e+06
1.904536122273438672e-02	1.126037373429068597e+06
1.923772938001478208e-02	1.083472589498022571e+06
1.943203828416184553e-02	1.042517084487557178e+06
1.962830745316620357e-02	1.003110008386740228e+06
1.982655659952398119e-02	9.651928119952878915e+05
2.002680563227432486e-02	9.287091613890908193e+05
2.022907465887743145e-02	8.936048516362435184e+05
2.043338398714403259e-02	8.598277276350520551e+05
2.063975412718238242e-02	8.273276064650097396e+05
2.084820579336266883e-02	7.960562031449183123e+05
2.105875990629922645e-02	7.659670585118378513e+05
2.127143759485048899e-02	7.370154696165886708e+05
2.148626019813698954e-02	7.091584249037904665e+05
2.170324926757720777e-02	6.823545379059684929e+05
2.192242656894179478e-02	6.565639885240767617e+05
2.214381408442597787e-02	6.317484617661875673e+05
2.236743401474038453e-02	6.078710912771061994e+05
2.259330878122040379e-02	5.848964049744800432e+05
2.282146102795417839e-02	5.627902723713602172e+05
2.305191362392942575e-02	5.415198526305749547e+05
2.328468966519896960e-02	5.210535476859256742e+05
2.351981247706544029e-02	5.013609542098953971e+05
2.375730561628497731e-02	4.824128181631694897e+05
2.399719287329018028e-02	4.641809917377456441e+05
2.423949827443236740e-02	4.466383916764123132e+05
2.448424608424331836e-02	4.297589586661854992e+05
2.473146080771655361e-02	4.135176186607602867e+05
2.498116719260818838e-02	3.978902461301860167e+05
2.523339023175771509e-02	3.828536274880625424e+05
2.548815516542848880e-02	3.683854268825430190e+05
2.574548748366835976e-02	3.544641532050955575e+05
2.600541292869023094e-02	3.410691278603336541e+05
2.626795749727290144e-02	3.281804542950521572e+05
2.653314744318220619e-02	3.157789881359970896e+05
2.680100927961241025e-02	3.038463089835649007e+05
2.707156978164823938e-02	2.923646928388656816e+05
2.734485598874738035e-02	2.813170861602040823e+05
2.762089520724373207e-02	2.706870799696374452e+05
2.789971501287133795e-02	2.604588858176392096e+05
2.818134325330917678e-02	2.506173124029860192e+05
2.846580805070887329e-02	2.411477425214581308e+05
2.875313780442561098e-02	2.320361117404677207e+05
2.904336119342027997e-02	2.232688875896269165e+05
2.933650717901945329e-02	2.148330492997196561e+05
2.963260500753428853e-02	2.067160683803919237e+05
2.993168421293214421e-02	1.989058898444477527e+05
3.023377461952966513e-02	1.913909147557946853e+05
3.053890634470709381e-02	1.841599827008269203e+05
3.084710980164445324e-02	1.772023552591580083e+05
3.115841570207902173e-02	1.705076999077952933e+05
3.147285505908460623e-02	1.640660749756195291e+05
3.179045918987222913e-02	1.578679145593348949e+05
3.211125971861326922e-02	1.519040146102326980e+05
3.243528857928351661e-02	1.461655184430850786e+05
3.276257801852958118e-02	1.406439060901548655e+05
3.309316059855721415e-02	1.353309771820398455e+05
3.342706920004107074e-02	1.302188430251611862e+05
3.376433702505692025e-02	1.252999128054506436e+05
3.410499760003556091e-02	1.205668827420379966e+05
3.444908477873867558e-02	1.160127252935488941e+05
3.479663274525676003e-02	1.116306782064359140e+05
3.514767601702906141e-02	1.074142355720516498e+05
3.550224944788547138e-02	1.033571367980419600e+05
3.586038823111027674e-02	9.945335848469662596e+04
3.622212790252814230e-02	9.569710476045428368e+04
3.658750434361195125e-02	9.208279891296671121e+04
3.695655378461252388e-02	8.860507502492255298e+04
3.732931280771031868e-02	8.525877025722562394e+04
3.770581835018901873e-02	8.203891668341295735e+04
3.808610770763097564e-02	7.894073441346995241e+04
3.847021853713435136e-02	7.595962418022745987e+04
3.885818886055211752e-02	7.309116060167855176e+04
3.925005706775260006e-02	7.033108576471380366e+04
3.964586191990177033e-02	6.767530248281682725e+04
4.004564255276689411e-02	6.511986863052763510e+04
4.044943848004171894e-02	6.266099114297252527e+04
4.085728959669294308e-02	6.029502025488759682e+04
4.126923618232801461e-02	5.801844428145604616e+04
4.168531890458374023e-02	5.582788423860224430e+04
4.210557882253626594e-02	5.372008891888355720e+04
4.253005739009322467e-02	5.169193003985067480e+04
4.295879645959065074e-02	4.974039755916145805e+04
4.339183828505704943e-02	4.786259524742547364e+04
4.382922552583794901e-02	4.605573637801008590e+04
4.427100125007674136e-02	4.431713956128626887e+04
4.471720893824692594e-02	4.264422477038807847e+04
4.516789248670465690e-02	4.103450954948661820e+04
4.562309621126026810e-02	3.948560526607546490e+04
4.608286485076976136e-02	3.799521358464361401e+04
4.654724357074492558e-02	3.656112308927791310e+04
4.701627796698264194e-02	3.518120598432879342e+04
4.749001406921262575e-02	3.385341470727082924e+04
4.796849834476354241e-02	3.257577943533545476e+04
4.845177770224700503e-02	3.134640456928073036e+04
4.893989949525958533e-02	3.016346626923609801e+04
4.943291152610185951e-02	2.902520958730114580e+04
4.993086204951479451e-02	2.792994597212574445e+04
5.043379977643245443e-02	2.687605066738979804e+04
5.094177387775151306e-02	2.586196033657906446e+04
5.145483398811601800e-02	2.488617075890885098e+04
5.197303020971821841e-02	2.394723457665456954e+04
5.249641311611418643e-02	2.304375910408515483e+04
5.302503375605401720e-02	2.217440436061496439e+04
5.355894365732634388e-02	2.133788098390558298e+04
5.409819483061633488e-02	2.053294835249755124e+04
5.464283977337690973e-02	1.975841275577221677e+04
5.519293147371263225e-02	1.901312562062968937e+04
5.574852341427542074e-02	1.829598172446263197e+04
5.630966957675744705e-02	1.760591744561066662e+04
5.687642444802160774e-02	1.694190964290230113e+04
5.744884301359635265e-02	1.630297427347028497e+04
5.802698077019746020e-02	1.568816370147912130e+04
5.861089374085742820e-02	1.509656604077476004e+04
5.920063845392541796e-02	1.452730473091604654e+04
5.979627195711450377e-02	1.397953587851259363e+04
6.039785184361740750e-02	1.345244712792336577e+04
6.100543621040917935e-02	1.294525729529503951e+04
6.161908371657597028e-02	1.245721465325143254e+04
6.223885352953731354e-02	1.198759601807278159e+04
6.286480538128369489e-02	1.153570494380432865e+04
6.349699955152302011e-02	1.110087167091259653e+04
6.413549684334528267e-02	1.068245215919872135e+04
6.478035864926516563e-02	1.027982620395800041e+04
6.543164688376136573e-02	9.892397366766443156e+03
6.608942405012151189e-02	9.519591191251329292e+03
6.675375321891525993e-02	9.160855314297568839e+03
6.742469800121284051e-02	8.815658739525893907e+03
6.810232261076847038e-02	8.483489547993867745e+03
6.878669184032880357e-02	8.163855646554298801e+03
6.947787103388781971e-02	7.856284024346166007e+03
7.017592615118192767e-02	7.560318633066273833e+03
7.088092374256964312e-02	7.275521078197716633e+03
7.159293092114656087e-02	7.001469964211739352e+03
7.231201542792477233e-02	6.737759048505927240e+03
7.303824560606560212e-02	6.483997745178933656e+03
7.377169037362427129e-02	6.239810687611442518e+03
7.451241928786515867e-02	6.004836072943388899e+03
7.526050250953809917e-02	5.778725753637390881e+03
7.601601082722464486e-02	5.561145142840415247e+03
7.677901561884738213e-02	5.351772241411591494e+03
7.754958892723919084e-02	5.150297030476378495e+03
7.832780338610355331e-02	4.956421332621123838e+03
7.911373228826142079e-02	4.769858063293439955e+03
7.990744956228891527e-02	4.590331065445945569e+03
8.070902975123427081e-02	4.417574809806087615e+03
8.151854807304635686e-02	4.251333583004238790e+03
8.233608036393318119e-02	4.091361380957876918e+03
8.316170313612826492e-02	3.937421506210816460e+03
8.399549353682124464e-02	3.789286224996262263e+03
8.483752937881998413e-02	3.646736374639105634e+03
8.568788914086079844e-02	3.509561055132111505e+03
8.654665195494129493e-02	3.377557457667378912e+03
8.741389762121469509e-02	3.250530305829053304e+03
8.828970662938236125e-02	3.128291648558964880e+03
8.917416012408208026e-02	3.010660841466548391e+03
9.006733992343447792e-02	2.897463944531865309e+03
9.096932855575559640e-02	2.788533529158331476e+03
9.188020919343720117e-02	2.683708587297014674e+03
9.280006573831686700e-02	2.582834164113832230e+03
9.372898273717930606e-02	2.485761204579498553e+03
9.466704546375194484e-02	2.392346149690828497e+03
9.561433988995095279e-02	2.302450940412094951e+03
9.657095264586794403e-02	2.215942816830316588e+03
9.753697111612712189e-02	2.132693934017836455e+03
9.851248333464597551e-02	2.052581336413086319e+03
9.949757808199879983e-02	1.975486599463842367e+03
1.004923448492904686e-01	1.901295848461148353e+03
1.014968737941113475e-01	1.829899615914480819e+03
1.025112558305450450e-01	1.761192361493296858e+03
1.035355825895467041e-01	1.695072630099566368e+03
1.045699463732316509e-01	1.631442897478833174e+03
1.056144402479818889e-01	1.570209132968535187e+03
1.066691580024408670e-01	1.511280945227088068e+03
1.077341941013587046e-01	1.454571453675051998e+03
1.088096437793274196e-01	1.399996914462362611e+03
1.098956029818622671e-01	1.347476736165785269e+03
1.109921683983964291e-01	1.296933481090358782e+03
1.120994373973847325e-01	1.248292639464362992e+03
1.132175081247818738e-01	1.201482395491417265e+03
1.143464794572935650e-01	1.156433703433943720e+03
1.154864509553489293e-01	1.113080177653612964e+03
1.166375229714209927e-01	1.071357876573436442e+03
1.177997965337530817e-01	1.031205303672057426e+03
1.189733734434141321e-01	9.925632449502793406e+02
1.201583562338069955e-01	9.553747421424350250e+02
1.213548481332446666e-01	9.195850228820096390e+02
1.225629531498016872e-01	8.851413397249189075e+02
1.237827759806593569e-01	8.519929488952974452e+02
1.250144220926690530e-01	8.200910253751627579e+02
1.262579976500004253e-01	7.893885795582625633e+02
1.275136095774784262e-01	7.598403953273146954e+02
1.287813655056647966e-01	7.314029753663651263e+02
1.300613737986376639e-01	7.040344694474819107e+02
1.313537435413102694e-01	6.776945819415593633e+02
1.326585845637174577e-01	6.523445392070328808e+02
1.339760073950563846e-01	6.279470607147712826e+02
1.353061232791934465e-01	6.044662544383186287e+02
1.366490442110036008e-01	5.818675731776068005e+02
1.380048828534250482e-01	5.601177872883683904e+02
1.393737526297853246e-01	5.391849183582643263e+02
1.407557676192407181e-01	5.190382008378306864e+02
1.421510426447803455e-01	4.996480083490624224e+02
1.435596932328169484e-01	4.809858467245382485e+02
1.449818355596148578e-01	4.630243168793002155e+02
1.464175865388401832e-01	4.457370142188996169e+02
1.478670637740079619e-01	4.290985480987099550e+02
1.493303854994643132e-01	4.130844993590241074e+02
1.508076706941217093e-01	3.976713534859048877e+02
1.522990389404032807e-01	3.828364930695934731e+02
1.538046105360352245e-01	3.685581368417054478e+02
1.553245064394518371e-01	3.548153347442473091e+02
1.568588482079958657e-01	3.415879466062244205e+02
1.584077580961731069e-01	3.288565638823557720e+02
1.599713589792609858e-01	3.166025087738926800e+02
1.615497743821836252e-01	3.048078279198862788e+02
1.631431283939683563e-01	2.934552465542134314e+02
1.647515457732482702e-01	2.825281177014816194e+02
1.663751518839721721e-01	2.720104342620922466e+02
1.680140726281855457e-01	2.618868066015389218e+02
1.696684345486005330e-01	2.521424011894170008e+02
1.713383647633941187e-01	2.427629543804266063e+02
1.730239909004646637e-01	2.337347514319903610e+02
1.747254411942125163e-01	2.250445749529251884e+02
1.764428444207287727e-01	2.166797138368194737e+02
1.781763298346776270e-01	2.086279433267685874e+02
1.799260272725466125e-01	2.008774908783893238e+02
1.816920670153100992e-01	1.934170316355364037e+02
1.834745798770075487e-01	1.862356627728946421e+02
1.852736971475728578e-01	1.793228949862926243e+02
1.870895505409643778e-01	1.726686383839186760e+02
1.889222722654960995e-01	1.662631767832865819e+02
1.907719949278507687e-01	1.600971647574992858e+02
1.926388515596165474e-01	1.541616075922230493e+02
1.945229755975158292e-01	1.484478470863897712e+02
1.964245008563779704e-01	1.429475533683795163e+02
1.983435615135717145e-01	1.376527120019658241e+02
2.002802920806429909e-01	1.325556074768247186e+02
2.022348274277725733e-01	1.276488138879604151e+02
2.042073027010248287e-01	1.229251900169517597e+02
2.061978533289346716e-01	1.183778618428474800e+02
2.082066150319406561e-01	1.140002090661681251e+02
2.102337237781221613e-01	1.097858651214970678e+02
2.122793157118551821e-01	1.057287044444980637e+02
2.143435272381740975e-01	1.018228295703473520e+02
2.164264948743302996e-01	9.806256680632202460e+01
2.185283553371073217e-01	9.444245278694192791e+01
2.206492454728505859e-01	9.095723190989816942e+01
2.227893021750207980e-01	8.760184928791977654e+01
2.249486624649305877e-01	8.437143458670846030e+01
2.271274634144140603e-01	8.126130341687137104e+01
2.293258420576455570e-01	7.826695055615086005e+01
2.315439354772372560e-01	7.538403486553069399e+01
2.337818807205139793e-01	7.260838105621206751e+01
2.360398147073544117e-01	6.993597350517548250e+01
2.383178743183575476e-01	6.736294277943373743e+01
2.406161963061771991e-01	6.488556724313860968e+01
2.429349172009449553e-01	6.250026751939349623e+01
2.452741733972551297e-01	6.020359455211201549e+01
2.476341010620469463e-01	5.799223096849243575e+01
2.500148360390546665e-01	5.586298605568518383e+01
2.524165139315454054e-01	5.381278544758903593e+01
2.548392700081391626e-01	5.183867195230778435e+01
2.572832391077163883e-01	4.993780133414477973e+01
2.597485557149308288e-01	4.810743304446763347e+01
2.622353538653670046e-01	4.634493092916117973e+01
2.647437670521448627e-01	4.464775933130223251e+01
2.672739282915543857e-01	4.301347537248475561e+01
2.698259700288471175e-01	4.143972894395015061e+01
2.724000240474749313e-01	3.992425908327755479e+01
2.749962215364414875e-01	3.846488870544584415e+01
2.776146929291407051e-01	3.705952276777488663e+01
2.802555679638559227e-01	3.570614476517862812e+01
2.829189755513636939e-01	3.440281413996530091e+01
2.856050437838184575e-01	3.314766319480273893e+01
2.883138998629234395e-01	3.193889401906118053e+01
2.910456700624676207e-01	3.077477640622807442e+01
2.938004796709139388e-01	2.965364521174837265e+01
2.965784529334119513e-01	2.857389753113326236e+01
2.993797130448813126e-01	2.753399054413640812e+01
3.022043820210488230e-01	2.653243951793114519e+01
3.050525807390570554e-01	2.556781529789554952e+01
3.079244287824031701e-01	2.463874235453505435e+01
3.108200444957265884e-01	2.374389669162469474e+01
3.137395448136743870e-01	2.288200397754572180e+01
3.166830453265643275e-01	2.205183765769508852e+01
3.196506600969850065e-01	2.125221737320382687e+01
3.226425017149116559e-01	2.048200633886855471e+01
3.256586811935096026e-01	1.974011083045657600e+01
3.286993078522051914e-01	1.902547847149932636e+01
3.317644893648475368e-01	1.833709547171665832e+01
3.348543316478405085e-01	1.767398639049624265e+01
3.379689387372720732e-01	1.703521275735038998e+01
3.411084128424029527e-01	1.641987043344481734e+01
3.442728542273318371e-01	1.582708947295614266e+01
3.474623610841750532e-01	1.525603291476356738e+01
3.506770295887822741e-01	1.470589436275082029e+01
3.539169537776366559e-01	1.417589792294305617e+01
3.571822254189220280e-01	1.366529709940440718e+01
3.604729340674240889e-01	1.317337262783949470e+01
3.637891669384475390e-01	1.269943247950507548e+01
3.671310087784973031e-01	1.224281078283871160e+01
3.704985419165511829e-01	1.180286597569511287e+01
3.738918461366936841e-01	1.137898074794315662e+01
3.773109985501548747e-01	1.097056111215714225e+01
3.807560736402631485e-01	1.057703478993697743e+01
3.842271431355222533e-01	1.019785108719590738e+01
3.877242758845924619e-01	9.832480093251881215e+00
3.912475378925810432e-01	9.480411297146856597e+00
3.947969921962145023e-01	9.141153388403353119e+00
3.983726987430689093e-01	8.814233541168650987e+00
4.019747144312824094e-01	8.499196389690842679e+00
4.056030929188647605e-01	8.195603602834022894e+00
4.092578846578205365e-01	7.903033175709476055e+00
4.129391367339831365e-01	7.621078879853131482e+00
4.166468928472560895e-01	7.349349605498043836e+00
4.203811932308534893e-01	7.087468764856756920e+00
4.241420745560191552e-01	6.835073915090415397e+00
4.279295698746770626e-01	6.591816009344677596e+00
4.317437085727655055e-01	6.357358974102936600e+00
4.355845162449575314e-01	6.131379366872097059e+00
4.394520146439536701e-01	5.913565715996407235e+00
4.433462216553129553e-01	5.703618084217312756e+00
4.472671511293696001e-01	5.501247757175266706e+00
4.512148129247158801e-01	5.306176737494494589e+00
4.551892127155757195e-01	5.118137387364007473e+00
4.591903520315639975e-01	4.936871926281829914e+00
4.632182281439494176e-01	4.762132199110419073e+00
4.672728339369768280e-01	4.593679321760659739e+00
4.713541579695622596e-01	4.431283208222613901e+00
4.754621842577416713e-01	4.274722357302850106e+00
4.795968923393507111e-01	4.123783404027669519e+00
4.837582571544174481e-01	3.978260947780486667e+00
4.879462489157279093e-01	3.837957262808926018e+00
4.921608331666910696e-01	3.702681844954251567e+00
4.964019706619345884e-01	3.572251238652113248e+00
5.006696172452540505e-01	3.446489017789548193e+00
5.049637238054429655e-01	3.325225041953674854e+00
5.092842364484444495e-01	3.208295309213557545e+00
5.136310961142122045e-01	3.095542333125150591e+00
5.180042384797318711e-01	2.986814230226438216e+00
5.224035944910558893e-01	2.881964574651918021e+00
5.268290895712127719e-01	2.780853202604429697e+00
5.312806432883478980e-01	2.683343397837830047e+00
5.357581725715131471e-01	2.589303520078663379e+00
5.402615854479909663e-01	2.498610209972235374e+00
5.447907856774488744e-01	2.411142163175240327e+00
5.493456732189072600e-01	2.326780917744822652e+00
5.539261406032549573e-01	2.245414580413656491e+00
5.585320761591030525e-01	2.166934927933497068e+00
5.631633618264589858e-01	2.091238040573105028e+00
5.678198736729884732e-01	2.018223467450076303e+00
5.725014834171884281e-01	1.947793645956857223e+00
5.772080562238302015e-01	1.879856056336947301e+00
5.819394507540208705e-01	1.814321129515742870e+00
5.866955219729051985e-01	1.751101452537253245e+00
5.914761177165200889e-01	1.690114290603961456e+00
5.962810795090912608e-01	1.631279664105975025e+00
6.011102449001657355e-01	1.574519498378147864e+00
6.059634442651457009e-01	1.519759746466448513e+00
6.108405019802128910e-01	1.466928804425491117e+00
6.157412378740261261e-01	1.415957051720523774e+00
6.206654648094844795e-01	1.366778225995640028e+00
6.256129897926465677e-01	1.319328185057703440e+00
6.305836149958943260e-01	1.273544757157298424e+00
6.355771357163484403e-01	1.229368683210899871e+00
6.405933414547990701e-01	1.186742538257052226e+00
6.456320168270817117e-01	1.145610726941548085e+00
6.506929395987104403e-01	1.105920262471080218e+00
6.557758817393090078e-01	1.067619766520013336e+00
6.608806104038440488e-01	1.030659425821693453e+00
6.660068861681180952e-01	9.949918834790900668e-01
6.711544631426887841e-01	9.605712653852981342e-01
6.763230916289667549e-01	9.273529526089692165e-01
6.815125144387533807e-01	8.952943480456039271e-01
6.867224699039694569e-01	8.643544110044713014e-01
6.919526896767422830e-01	8.344934899081234425e-01
6.972029007193690786e-01	8.056733278200806092e-01
7.024728238735223895e-01	7.778570829567854616e-01
7.077621747209847936e-01	7.510093034248993549e-01
7.130706632085780372e-01	7.250957675141909142e-01
7.183979939651852220e-01	7.000834336870588315e-01
7.237438665794481141e-01	6.759405220955706506e-01
7.291079744836506116e-01	6.526364326818799855e-01
7.344900069899745754e-01	6.301415986683747139e-01
7.398896469922483510e-01	6.084275305282811352e-01
7.453065737245213596e-01	5.874667621202884771e-01
7.507404598038600607e-01	5.672328258481005303e-01
7.561909745484938217e-01	5.477001560367327215e-01
7.616577809968455570e-01	5.288441860296941854e-01
7.671405381449871719e-01	5.106411825583934139e-01
7.726389002775700954e-01	4.930682742254257067e-01
7.781525162648930127e-01	4.761033818510415072e-01
7.836810320907798832e-01	4.597251395767261717e-01
7.892240876804116345e-01	4.439131823670916521e-01
7.947813187840191418e-01	4.286477028282031365e-01
8.003523584015236336e-01	4.139094755470090203e-01
8.059368337968595419e-01	3.996802483988781129e-01
8.115343683043027001e-01	3.859422582614621122e-01
8.171445828695996783e-01	3.726782631346763353e-01
8.227670929401742494e-01	3.598718832454317895e-01
8.284015105241361310e-01	3.475071794215866539e-01
8.340474453493174067e-01	3.355686893060742526e-01
8.397045022198892372e-01	3.240417165557505363e-01
8.453722825636817984e-01	3.129119205969645989e-01
8.510503866498664305e-01	3.021654240917564516e-01
8.567384090270355745e-01	2.917891085672542073e-01
8.624359416674503009e-01	2.817700289338825881e-01
8.681425771851263296e-01	2.720956667226928083e-01
8.738579003618188734e-01	2.627543286733218797e-01
8.795814958904550895e-01	2.537344241703255454e-01
8.853129473321522669e-01	2.450246843330234070e-01
8.910518335453000427e-01	2.366145189280962624e-01
8.967977319546496240e-01	2.284935675353024220e-01
9.025502191072268809e-01	2.206517660693734784e-01
9.083088678844282171e-01	2.130795137489259194e-01
9.140732512792200115e-01	2.057674927001952037e-01
9.198429387770493681e-01	1.987067406602498476e-01
9.256174999239180634e-01	1.918885848407452244e-01
9.313965019642796994e-01	1.853046574126763768e-01
9.371795115038216162e-01	1.789468875901948086e-01
9.429660939520484453e-01	1.728074714162411152e-01
9.487558139045477734e-01	1.668788972800415160e-01
9.545482350017815421e-01	1.611539173410913572e-01
9.603429202947888488e-01	1.556255125776240533e-01
9.661394329826853422e-01	1.502869196722698975e-01
9.719373347069190094e-01	1.451316162847836877e-01
9.777361886835876925e-01	1.401532956174059152e-01
9.835355560556163779e-01	1.353458736034135745e-01
9.893350003723808683e-01	1.307034600185677797e-01
9.951340835615284375e-01	1.262204164615539359e-01
1.000932368337805078e+00	1.218912688722001425e-01
1.006729419145920179e+00	1.177107003077302039e-01
1.012524799701786105e+00	1.136736281447798397e-01
1.018318075344905038e+00	1.097751256279139859e-01
1.024108812413959679e+00	1.060104449650638020e-01
1.029896577214790332e+00	1.023749780218330685e-01
1.035680940134498185e+00	9.886426925307825742e-02
1.041461469626986380e+00	9.547410046796653282e-02
1.047237736491455795e+00	9.220030383438744537e-02
1.053009316510970406e+00	8.903883779540448795e-02
1.058775782342549876e+00	8.598591927966796333e-02
1.064536711272182634e+00	8.303782425039639425e-02
1.070291682412850776e+00	8.019091849812141903e-02
1.076040277083330166e+00	7.744173875806713292e-02
1.081782078640099787e+00	7.478695582421071575e-02
1.087516672105243387e+00	7.222332829755298556e-02
1.093243647150949904e+00	6.974770577412721384e-02
1.098962594388670722e+00	6.735709201075865127e-02
1.104673107118716135e+00	6.504857581388448495e-02
1.110374783170278157e+00	6.281931903124093886e-02
1.116067222008473081e+00	6.066662299531618008e-02
1.121750025860634326e+00	5.858786672802523271e-02
1.127422802107121980e+00	5.658050159682924407e-02
1.133085159153801147e+00	5.464207842945555810e-02
1.138736711468413931e+00	5.277022636907402475e-02
1.144377074673942341e+00	5.096268074393271730e-02
1.150005868583697355e+00	4.921723729964068428e-02
1.155622717992936588e+00	4.753174622674023742e-02
1.161227250419090140e+00	4.590415764284288408e-02
1.166819097532590721e+00	4.433249105390558303e-02
1.172397895059946071e+00	4.281482298815564302e-02
1.177963282997245287e+00	4.134929748255524590e-02
1.183514905437503595e+00	3.993412900264774884e-02
1.189052410268268467e+00	3.856759029537069200e-02
1.194575450576238040e+00	3.724800674497519976e-02
1.200083683223621689e+00	3.597376844390848954e-02
1.205576769675733573e+00	3.474331986180230480e-02
1.211054376051443393e+00	3.355515301474014389e-02
1.216516173323591854e+00	3.240781980066025775e-02
1.221961835957866338e+00	3.129991880455409992e-02
1.227391045126887681e+00	3.023009028562697112e-02
1.232803484792073467e+00	2.919702725461243570e-02
1.238198845471548237e+00	2.819946468345856799e-02
1.243576821389785314e+00	2.723618704659533374e-02
1.248937111645032960e+00	2.630601518670398764e-02
1.254279421651222526e+00	2.540780355933195539e-02
1.259603460558011534e+00	2.454046150487113054e-02
1.264908942335550179e+00	2.370292721851340739e-02
1.270195587806989490e+00	2.289416704711453449e-02
1.275463121312608639e+00	2.211319895319047851e-02
1.280711272290183667e+00	2.135906700233895436e-02
1.285939776971963822e+00	2.063083990496010142e-02
1.291148375372333623e+00	1.992763409038228462e-02
1.296336812296914998e+00	1.924858865922835643e-02
1.301504839998883112e+00	1.859286369990957935e-02
1.306652214041903903e+00	1.795966379618417139e-02
1.311778695224309566e+00	1.734821351764046643e-02
1.316884051597329686e+00	1.675775700906061497e-02
1.321968054507915546e+00	1.618757856038306048e-02
1.327030480779820110e+00	1.563697866287553154e-02
1.332071114455205985e+00	1.510527663713484743e-02
1.337089742749555166e+00	1.459182883262787403e-02
1.342086158484328884e+00	1.409600561668351848e-02
1.347060161547549040e+00	1.361719357948054134e-02
1.352011555282339295e+00	1.315481228026851163e-02
1.356940148450260342e+00	1.270829601143921329e-02
1.361845756657106055e+00	1.227709439238768539e-02
1.366728198823603524e+00	1.186068081933223418e-02
1.371587301051533148e+00	1.145854587183289114e-02
1.376422892765985173e+00	1.107019834061814811e-02
1.381234810266153357e+00	1.069516192176880875e-02
1.386022894130451322e+00	1.033297739809588972e-02
1.390786990524373046e+00	9.983202820519470125e-03
1.395526950550732836e+00	9.645410230659144657e-03
1.400242630599393800e+00	9.319185521069622141e-03
1.404933892595740419e+00	9.004130490227345643e-03
1.409600602327628849e+00	8.699861086598119006e-03
1.414242632292114221e+00	8.406004458657368936e-03
1.418859858442087507e+00	8.122201650548725033e-03
1.423452163280574334e+00	7.848106662915077525e-03
1.428019432491663077e+00	7.583384743524062936e-03
1.432561558760718556e+00	7.327711897473384445e-03
1.437078437807444375e+00	7.080777343079232462e-03
1.441569971217210533e+00	6.842279741343284226e-03
1.446036065371878454e+00	6.611928315941205912e-03
1.450476630546173373e+00	6.389442509037523456e-03
1.454891583326388238e+00	6.174549849986650171e-03
1.459280843645450076e+00	5.966990996648755853e-03
1.463644335831208121e+00	5.766512843995267451e-03
1.467981990848728380e+00	5.572869103630623440e-03
1.472293742047378284e+00	5.385827475314795484e-03
1.476579527509146672e+00	5.205160050481832598e-03
1.480839291794432411e+00	5.030644794217283867e-03
1.485072981505368483e+00	4.862072870061886522e-03
1.489280548125352599e+00	4.699239322338994926e-03
1.493461948963441310e+00	4.541944592692756001e-03
1.497617143820190178e+00	4.390000860767564669e-03
1.501746096507840633e+00	4.243222816960842345e-03
1.505848778024840628e+00	4.101430477766072023e-03
1.509925159502535585e+00	3.964455686383334260e-03
1.513975218119221422e+00	3.832132834724364962e-03
1.517998934993840532e+00	3.704300161407524279e-03
1.521996295220547246e+00	3.580804736515225475e-03
1.525967286430662373e+00	3.461496674792295496e-03
1.529911903366442560e+00	3.346230779868397242e-03
1.533830140666760045e+00	3.234871087191075814e-03
1.537721998193622097e+00	3.127283168305572403e-03
1.541587480804094357e+00	3.023335992035693868e-03
1.545426594553309219e+00	2.922905232925750683e-03
1.549239351696344524e+00	2.825870100640514877e-03
1.553025765240388267e+00	2.732114767024842843e-03
1.556785853699309552e+00	2.641526575959581621e-03
1.560519637839610008e+00	2.553996940835138747e-03
1.564227142058796094e+00	2.469421194361547979e-03
1.567908394254845739e+00	2.387697485377542669e-03
1.571563425570417616e+00	2.308728798842858091e-03
1.575192269167531300e+00	2.232421437395930731e-03
1.578794962681842051e+00	2.158683352673829593e-03
1.582371546573829058e+00	2.087426718523671849e-03
1.585922063157346740e+00	2.018567320189104588e-03
1.589446559225418110e+00	1.952023165368889585e-03
1.592945082594659612e+00	1.887714749557428684e-03
1.596417686498156296e+00	1.825565324935644928e-03
1.599864424147343867e+00	1.765502333913523307e-03
1.603285352490915194e+00	1.707454433564508474e-03
1.606680532060892563e+00	1.651352096384986392e-03
1.610050024500878196e+00	1.597129587828919521e-03
1.613393894803271778e+00	1.544722710784186175e-03
1.616712210465302446e+00	1.494069547496392836e-03
1.620005040688183184e+00	1.445110702155187393e-03
1.623272457760746468e+00	1.397788192616922047e-03
1.626514536156476121e+00	1.352046415399911928e-03
1.629731352015096446e+00	1.307831913540663440e-03
1.632922984321041326e+00	1.265092472037119241e-03
1.636089514147580415e+00	1.223778034954739642e-03
1.639231024042000051e+00	1.183840521818382147e-03
1.642347599194040164e+00	1.145232888245331605e-03
1.645439326840913319e+00	1.107909926027046080e-03
1.648506295692033996e+00	1.071828632410199442e-03
1.651548595920644624e+00	1.036946763696086366e-03
1.654566321217418867e+00	1.003223190900131342e-03
1.657559565450652084e+00	9.706192814941732791e-04
1.660528424247150525e+00	9.390971572307287192e-04
1.663472996376610169e+00	9.086197208861749143e-04
1.666393380786030942e+00	8.791521880252251789e-04
1.669289677927700666e+00	8.506605357244996371e-04
1.672161991349272459e+00	8.231116587604705038e-04
1.675010423646955848e+00	7.964735038758264957e-04
1.677835082678342804e+00	7.707150763920467100e-04
1.680636073338901415e+00	7.458076500545163159e-04
1.683413503905444530e+00	7.217224957567248966e-04
1.686167484577621556e+00	6.984312905998462783e-04
1.688898125839328968e+00	6.759076108836816442e-04
1.691605539658315394e+00	6.541257499705559024e-04
1.694289839260225916e+00	6.330606975964855280e-04
1.696951138909136514e+00	6.126884353016901060e-04
1.699589553915312301e+00	5.929857772839828125e-04
1.702205200627202597e+00	5.739301788630390196e-04
1.704798196801917021e+00	5.554998871892818805e-04
1.707368660619844158e+00	5.376740814768886335e-04
1.709916711387651889e+00	5.204325456562993672e-04
1.712442469334109152e+00	5.037556276299584666e-04
1.714946055771077393e+00	4.876245581881610901e-04
1.717427591859967739e+00	4.720211279626272422e-04
1.719887201151031553e+00	4.569276299928361489e-04
1.722325006145462911e+00	4.423270642722673131e-04
1.724741131799824467e+00	4.282028915923311377e-04
1.727135702520613769e+00	4.145394859062391914e-04
1.729508842900130405e+00	4.013214951239735067e-04
1.731860680195890012e+00	3.885337635399283744e-04
1.734191340324566788e+00	3.761622891879384421e-04
1.736500949854556497e+00	3.641932504926661206e-04
1.738789637347930572e+00	3.526130124293337057e-04
1.741057530293754096e+00	3.414089396768518140e-04
1.743304756688714097e+00	3.305685294812611870e-04
1.745531446356387573e+00	3.200794852464409253e-04
1.747737728088438081e+00	3.099304578078769848e-04
1.749923730682768186e+00	3.001101705058314842e-04
1.752089585352914369e+00	2.906074707574611885e-04
1.754235421597851285e+00	2.814121563357748737e-04
1.756361369153442320e+00	2.725140438850437246e-04
1.758467560092653814e+00	2.639030602687331031e-04
1.760554124355188099e+00	2.555700254926678667e-04
1.762621192585753560e+00	2.475057561572077810e-04
1.764668896902305217e+00	2.397011748008528976e-04
1.766697368113320898e+00	2.321479642070731371e-04
1.768706736943159497e+00	2.248378201976978749e-04
1.770697136139072647e+00	2.177625526921877586e-04
1.772668696393637555e+00	2.109146683008008823e-04
1.774621548860349618e+00	2.042867048579450977e-04
1.776555825956136703e+00	1.978713209340271734e-04
1.778471658231010277e+00	1.916615936996812482e-04
1.780369178141983699e+00	1.856507851370961656e-04
1.782248516051840426e+00	1.798324352438341602e-04
1.784109803911146930e+00	1.742002070601307389e-04
1.785953172614412221e+00	1.687479918658130770e-04
1.787778753381793928e+00	1.634699550038291806e-04
1.789586676929247000e+00	1.583604192330181687e-04
1.791377073976127665e+00	1.534138331086742273e-04
1.793150075617568451e+00	1.486248985662683543e-04
1.794905811282701880e+00	1.439885296417055250e-04
1.796644412047953887e+00	1.394997361239149304e-04
1.798366006765481862e+00	1.351537208995134769e-04
1.800070726149964884e+00	1.309458360483439592e-04
1.801758698488220789e+00	1.268715911069534497e-04
1.803430053968980484e+00	1.229266246723324514e-04
1.805084920533639892e+00	1.191067948000461117e-04
1.806723426867653970e+00	1.154080348229164724e-04
1.808345701320378307e+00	1.118264221868388433e-04
1.809951870952359432e+00	1.083581660852946685e-04
1.811542064201515201e+00	1.049995311866179954e-04
1.813116407520949824e+00	1.017470835131614200e-04
1.814675027072303104e+00	9.859738533271166644e-05
1.816218050064941414e+00	9.554701340856527219e-05
1.817745601859522608e+00	9.259287157162872232e-05
1.819257807321307485e+00	8.973185337315852717e-05
1.820754792421944712e+00	8.696086743709174113e-05
1.822236681134215663e+00	8.427712636350201175e-05
1.823703596913279545e+00	8.167780071250873230e-05
1.825155664668449251e+00	7.916007812018216526e-05
1.826593006606027414e+00	7.672144742783314555e-05
1.828015745218081411e+00	7.435938977564159676e-05
1.829424002861114840e+00	7.207136821859059595e-05
1.830817901280831439e+00	6.985503339131078149e-05
1.832197561141314601e+00	6.770812641420939171e-05
1.833563103141657047e+00	6.562838997394844053e-05
1.834914647507917662e+00	6.361367634938542215e-05
1.836252313270620329e+00	6.166193869880711180e-05
1.837576219500049790e+00	5.977113782993277057e-05
1.838886484779252095e+00	5.793934963530125655e-05
1.840183226037263697e+00	5.616469035220004720e-05
1.841466561685012326e+00	5.444529738655382310e-05
1.842736607369661161e+00	5.277946674921597526e-05
1.843993479354152143e+00	5.116550102611914120e-05
1.845237292960436148e+00	4.960170284348013389e-05
1.846468163409883179e+00	4.808648420675641649e-05
1.847686204506504781e+00	4.661834690508727055e-05
1.848891529672319844e+00	4.519578486583391560e-05
1.850084252300929766e+00	4.381729849506898480e-05
1.851264484954273426e+00	4.248153125794347523e-05
1.852432338506390774e+00	4.118717594083121683e-05
1.853587924433558243e+00	3.993286192065009023e-05
1.854731353707408825e+00	3.871732206877909188e-05
1.855862735201139868e+00	3.753936552552060538e-05
1.856982178958406893e+00	3.639778177670071208e-05
1.858089792900181836e+00	3.529143518204157123e-05
1.859185685057417103e+00	3.421920821497029534e-05
1.860269962952444844e+00	3.318003551682496567e-05
1.861342732216713758e+00	3.217288247011265289e-05
1.862404099916032063e+00	3.119670818896238558e-05
1.863454170508823449e+00	3.025056557114978872e-05
1.864493048743170345e+00	2.933350812613942296e-05
1.865520838773308876e+00	2.844461328184946875e-05
1.866537643357391030e+00	2.758301707811298183e-05
1.867543565304463415e+00	2.674784353497335404e-05
1.868538706664353066e+00	2.593826670974275615e-05
1.869523168245734279e+00	2.515350401550506338e-05
1.870497050772169878e+00	2.439275655494514583e-05
1.871460454315805766e+00	2.365526293378261230e-05
1.872413478010988674e+00	2.294034016990206712e-05
1.873356219364147091e+00	2.224727405559443673e-05
1.874288777635134018e+00	2.157533424111026583e-05
1.875211249307457528e+00	2.092390437495799139e-05
1.876123730362033060e+00	2.029234885647720891e-05
1.877026317532980659e+00	1.968000689947038638e-05
1.877919105538104816e+00	1.908632562288400307e-05
1.878802187912989918e+00	1.851072368937998526e-05
1.879675659781860908e+00	1.795259320844323349e-05
1.880539613511597929e+00	1.741142978399749734e-05
1.881394141032310729e+00	1.688671059610404734e-05
1.882239334950868814e+00	1.637789636058392488e-05
1.883075285595491977e+00	1.588451369888815772e-05
1.883902083483889989e+00	1.540608098819552807e-05
1.884719818477411213e+00	1.494213301921461112e-05
1.885528578963916235e+00	1.449222322084614937e-05
1.886328454073561645e+00	1.405591201282332992e-05
1.887119530494651309e+00	1.363279375279491113e-05
1.887901895761074256e+00	1.322245771434825988e-05
1.888675635614334158e+00	1.282448473325374077e-05
1.889440836940979640e+00	1.243849591139910212e-05
1.890197583283111493e+00	1.206415558445536859e-05
1.890945959230597495e+00	1.170108661011307551e-05
1.891686048936491282e+00	1.134892991438929187e-05
1.892417934462105711e+00	1.100736870547455120e-05
1.893141698704951859e+00	1.067606328780108868e-05
1.893857423053087574e+00	1.035469306303667999e-05
1.894565188691779589e+00	1.004296604222009186e-05
1.895265075288132595e+00	9.740592004200462810e-06
1.895957162895790749e+00	9.447274107610369764e-06
1.896641530328548875e+00	9.162720184659854666e-06
1.897318256577232409e+00	8.886661966091165594e-06
1.897987418825023642e+00	8.618865589236590044e-06
1.898649093443565139e+00	8.359070560499093068e-06
1.899303358069793779e+00	8.107007175352050538e-06
1.899950287790848069e+00	7.862462552371944239e-06
1.900589957324903878e+00	7.625204672747921908e-06
1.901222442098583043e+00	7.394989259167733307e-06
1.901847815553249665e+00	7.171626304184196416e-06
1.902466150065047268e+00	6.954904363223729299e-06
1.903077519620382185e+00	6.744594885974926191e-06
1.903681995556511408e+00	6.540526515058419903e-06
1.904279648524999091e+00	6.342508339336871479e-06
1.904870550586027944e+00	6.150332919590018472e-06
1.905454771091555921e+00	5.963843863950213369e-06
1.906032379129887655e+00	5.782865176706084155e-06
1.906603444582477103e+00	5.607204788743777382e-06
1.907168035212469137e+00	5.436727402923436224e-06
1.907726218195995749e+00	5.271330632441880978e-06
1.908278057570858000e+00	5.110797491036636454e-06
1.908823627581722970e+00	4.954894673675680125e-06
1.909362989412204836e+00	4.803515574208408858e-06
1.909896213046822000e+00	4.656593203709858114e-06
1.910423355125984823e+00	4.514049489085201937e-06
1.910944483242671410e+00	4.375677649093411653e-06
1.911459661787785036e+00	4.241305101935794512e-06
1.911968952905723329e+00	4.110848538369579306e-06
1.912472419663191037e+00	3.984189154594281861e-06
1.912970123199309924e+00	3.861210469299771893e-06
1.913462125364722155e+00	3.741796003191191339e-06
1.913948486638838764e+00	3.625838471516064544e-06
1.914429267083369801e+00	3.513236144953794165e-06
1.914904526352355418e+00	3.403885093828964209e-06
1.915374323241372023e+00	3.297679199204197017e-06
1.915838717136110425e+00	3.194523543913919786e-06
1.916297764680994886e+00	3.094332079254769901e-06
1.916751524329297851e+00	2.997010550348971437e-06
1.917200051925262771e+00	2.902468760949498018e-06
1.917643404829180387e+00	2.810620736842614903e-06
1.918081637863706446e+00	2.721384480588617097e-06
1.918514807100677899e+00	2.634677709889472983e-06
1.918942966738257816e+00	2.550423844042956705e-06
1.919366171105067354e+00	2.468546392384789598e-06
1.919784474147233189e+00	2.388972949477144182e-06
1.920197928257290521e+00	2.311629861827211350e-06
1.920606587360433881e+00	2.236441974563209459e-06
1.921010502798559116e+00	2.163351874986013294e-06
1.921409725830531601e+00	2.092278595861924876e-06
1.921804310180026398e+00	2.023158268887652607e-06
1.922194302916249375e+00	1.955961004397642994e-06
1.922579755204431473e+00	1.890605458081889506e-06
1.922960717849228285e+00	1.827014215513538119e-06
1.923337239384411035e+00	1.765150403862590222e-06
1.923709367834520512e+00	1.704952184398692650e-06
1.924077153254269534e+00	1.646352201127645495e-06
1.924440642036091331e+00	1.589313510214676539e-06
1.924799881548721059e+00	1.533800602939382087e-06
1.925154916576635289e+00	1.479738053471595618e-06
1.925505798257445500e+00	1.427051469308837416e-06
1.925852569786778545e+00	1.375719472062741984e-06
1.926195276760835018e+00	1.325702333276428526e-06
1.926533964435017454e+00	1.276942482389324455e-06
1.926868676934241575e+00	1.229394446972778595e-06
1.927199458518474851e+00	1.182996411162215011e-06
1.927526355118021728e+00	1.137714870490402297e-06
1.927849405216075507e+00	1.093526233137028721e-06
1.928168654506121626e+00	1.050362601317266886e-06
1.928484144731078764e+00	1.008172767518441272e-06
1.928795917944327032e+00	9.669214506977883866e-07
1.929104015413920736e+00	9.265581763133378763e-07
1.929408478897400192e+00	8.870353178881469076e-07
1.929709348425161952e+00	8.483089457258150566e-07
1.930006664449219311e+00	8.103288567233198248e-07
1.930300466819319327e+00	7.730416006901208079e-07
1.930590795023087169e+00	7.363955690126618424e-07
1.930877687820272470e+00	7.003350655627903176e-07
1.931161183796626490e+00	6.647938283905362153e-07
1.931441322106397074e+00	6.297052558252369745e-07
1.931718139218009611e+00	5.949988671204322433e-07
1.931991673719115621e+00	5.605871900433001026e-07
1.932261961935663575e+00	5.263740581252022404e-07
1.932529040726582492e+00	4.917489665127041203e-07
1.932792946676012313e+00	4.575771167586045793e-07
1.933053714884368279e+00	4.231739194850239551e-07
1.933311381978399357e+00	3.883082596424012207e-07
1.933565982684366080e+00	3.526781258685166476e-07
1.933817551005693636e+00	3.158398582002446393e-07
1.934066122658848697e+00	2.771071140450861189e-07
1.934311731933462841e+00	2.353730810779137983e-07
1.934554410735086494e+00	1.884507276882809339e-07
1.934794193646060645e+00	1.305986916566824436e-07
1.935031113279157999e+00	0.000000000000000000e+00
