# Data associated with arXiv:2110.09653
# 
# Scale-free J-factor angular distribution, J_S(theta), of a moore dark matter distribution (see Eq. 8 and the surrounding discussion)
# 
# Published: 3/29/22, Jack Runburg, contact: runburg@hawaii.edu
# 
# 
# -----------------------------------------------------------------
# 
# 	 tilde theta 		 | 	 tilde J s-wave 		 | 	 tilde J p-wave 		 | 	 tilde J d-wave 		 | 	 tilde J sommerfeld 
# 
# -----------------------------------------------------------------
1.000000000000000021e-03	2.669049289024383179e+05	2.466735334381245411e+04	6.729474333756052147e+03	1.441926653941093246e+06
1.021192151037671062e-03	2.569911167684003012e+05	2.403647176820978348e+04	6.620615905694457069e+03	1.379757830818690592e+06
1.042833409340945643e-03	2.474498733893962344e+05	2.342172714824495779e+04	6.513388975803812173e+03	1.320301460138169583e+06
1.064933292458827233e-03	2.382582251366170822e+05	2.282223337257844832e+04	6.407704417513731642e+03	1.263376768407145049e+06
1.087501519637659123e-03	2.294053358231419115e+05	2.223775579510315220e+04	6.303563412892184715e+03	1.208894083967243088e+06
1.110548016095517111e-03	2.208826454646005586e+05	2.166806515136196685e+04	6.200961609038123242e+03	1.156768766593084205e+06
1.134082917387199208e-03	2.126800469916327565e+05	2.111295574211628991e+04	6.099903079807614631e+03	1.106918406009720871e+06
1.158116573861711456e-03	2.047780538099695113e+05	2.057163784704729187e+04	6.000306685065314014e+03	1.059192268267999869e+06
1.182659555214217667e-03	1.971673591030014213e+05	2.004386206566128021e+04	5.902165023213899076e+03	1.013509486674903077e+06
1.207722655134462354e-03	1.898407059872606187e+05	1.952948576149312430e+04	5.805486419655983809e+03	9.698076942958497675e+05
1.233316896053688856e-03	1.827890591996857547e+05	1.902825684123084284e+04	5.710262978098498934e+03	9.280114649878938217e+05
1.259453533992170365e-03	1.759958910949554993e+05	1.853951049090904417e+04	5.616426412227852779e+03	8.879952303849809105e+05
1.286144063509461061e-03	1.694532086286313133e+05	1.806298943139996845e+04	5.523963361097139568e+03	8.496934885310764657e+05
1.313400222759557485e-03	1.631548582911909034e+05	1.759860798610044731e+04	5.432891072217571491e+03	8.130545643786472501e+05
1.341233998653187541e-03	1.570927788259676599e+05	1.714608049751420913e+04	5.343190072405456704e+03	7.780098905414009932e+05
1.369657632129505243e-03	1.512529532963435922e+05	1.670483078693451898e+04	5.254801115423784722e+03	7.444598032264154172e+05
1.398683623539492566e-03	1.456285171682927466e+05	1.627464154741196580e+04	5.167714628257078402e+03	7.123467043494852260e+05
1.428324738143458596e-03	1.402142512946618954e+05	1.585541357648989288e+04	5.081940592272438153e+03	6.816271459616847569e+05
1.458594011725036863e-03	1.350029764993884892e+05	1.544690519513964136e+04	4.997466432584868016e+03	6.522456004031545017e+05
1.489504756324154782e-03	1.299828059967299487e+05	1.504857601679011168e+04	4.914229055298338608e+03	6.241158236194314668e+05
1.521070566091505720e-03	1.251478446335902845e+05	1.466026324262824892e+04	4.832228508133474861e+03	5.971919074445142178e+05
1.553305323267072666e-03	1.204936645914880646e+05	1.428183814896394506e+04	4.751464734843087172e+03	5.714370198240923928e+05
1.586223204285366938e-03	1.160138830248769664e+05	1.391310072126434170e+04	4.671930479685100181e+03	5.468027202387599973e+05
1.619838686010041055e-03	1.116984202997254761e+05	1.355355976120932064e+04	4.593566754781567397e+03	5.232177304558551405e+05
1.654166552100628336e-03	1.075422139163425454e+05	1.320306632844237356e+04	4.516371212067209854e+03	5.006449737886795192e+05
1.689221899514206692e-03	1.035415063529787876e+05	1.286152001684902280e+04	4.440348881399218953e+03	4.790516265696934424e+05
1.725020145144853453e-03	9.969063164380396483e+04	1.252871911452945278e+04	4.365487767314513803e+03	4.583977423920689034e+05
1.761577032603788440e-03	9.598104316652628768e+04	1.220423619501581197e+04	4.291735659287413910e+03	4.386246722591707367e+05
1.798908639143220224e-03	9.240839362247604004e+04	1.188791485866633957e+04	4.219085678818793895e+03	4.196985931169427349e+05
1.837031382726912916e-03	8.896949334983930748e+04	1.157969746022950494e+04	4.147549712970091605e+03	4.015956236286665080e+05
1.875962029250603357e-03	8.565932009356479102e+04	1.127936008609635064e+04	4.077107328746402345e+03	3.842792335076056188e+05
1.915717699915417882e-03	8.247062759163099690e+04	1.098654788153271875e+04	4.007716242693845743e+03	3.677008511530391988e+05
1.956315878757565116e-03	7.939968284240667708e+04	1.070110862019537126e+04	3.939366585598527763e+03	3.518333739176613744e+05
1.997774420337589726e-03	7.644377734415247687e+04	1.042299979812791571e+04	3.872071498243436508e+03	3.366565432142933714e+05
2.040111557592579582e-03	7.359846551263233414e+04	1.015200313228185041e+04	3.805808306140929744e+03	3.221381019774122396e+05
2.083345909854779961e-03	7.085760401656715840e+04	9.887798433582702273e+03	3.740536549866142650e+03	3.082390958782029338e+05
2.127496491040134757e-03	6.821798746604213375e+04	9.630267508151155198e+03	3.676252424465918921e+03	2.949363951454228372e+05
2.172582718010372237e-03	6.567731513790927420e+04	9.379345229049726186e+03	3.612961214525514151e+03	2.822118463416976738e+05
2.218624419112281976e-03	6.323165695945070183e+04	9.134855886370996814e+03	3.550648335820550983e+03	2.700400604145923862e+05
2.265641842897974604e-03	6.087580500380764715e+04	8.896496597268673213e+03	3.489270867228851330e+03	2.583870806896964496e+05
2.313655667029933423e-03	5.860700703306979995e+04	8.664177552726796421e+03	3.428830697653257175e+03	2.472342851574746892e+05
2.362687007374795686e-03	5.642330798189791676e+04	8.437824510635640763e+03	3.369327824642770338e+03	2.365667662759602827e+05
2.412757427289825233e-03	5.432123771315630438e+04	8.217282302265601174e+03	3.310749983293580044e+03	2.263621249827645952e+05
2.463888947106213784e-03	5.229638156736572273e+04	8.002280996745309494e+03	3.253057697952048784e+03	2.165925366456618649e+05
2.516104053813336943e-03	5.034637648964748951e+04	7.792725674097500814e+03	3.196248229629917660e+03	2.072424644289437274e+05
2.569425710948245768e-03	4.846956048468963127e+04	7.588573398355052632e+03	3.140328861920160307e+03	1.982992366773289687e+05
2.623877368694733318e-03	4.666287302967298456e+04	7.389658279017676250e+03	3.085279993848738286e+03	1.897437085225418268e+05
2.679482974196439188e-03	4.492257213922446681e+04	7.195756138619197372e+03	3.031069906661374716e+03	1.815534980301865144e+05
2.736266982088478034e-03	4.324662899767174531e+04	7.006767026871424605e+03	2.977691252431552130e+03	1.737144637226053455e+05
2.794254365252289707e-03	4.163363015049965907e+04	6.822668550829886044e+03	2.925156277117686386e+03	1.662172362194897432e+05
2.853470625798387814e-03	4.008087926216999040e+04	6.643290090128079100e+03	2.873440672798655669e+03	1.590447951639424427e+05
2.913941806281861776e-03	3.858520472287076700e+04	6.468438941655413146e+03	2.822517948391845039e+03	1.521782036864981928e+05
2.975694501155571117e-03	3.714486475552054617e+04	6.298030498190231810e+03	2.772382551906636763e+03	1.456064527119345730e+05
3.038755868466027146e-03	3.575865674000157742e+04	6.132037187312696005e+03	2.723043818198834742e+03	1.393213219172249082e+05
3.103153641797168783e-03	3.442420763987014652e+04	5.970308865833375421e+03	2.674480447632541200e+03	1.333081795657130424e+05
3.168916142467233243e-03	3.313882943898472149e+04	5.812667923380757202e+03	2.626666074895097609e+03	1.275516916328916559e+05
3.236072291984112663e-03	3.190102685870281493e+04	5.659046115574159558e+03	2.579597795765816954e+03	1.220425979225734191e+05
3.304651624764658874e-03	3.070977618141602215e+04	5.509405023711279682e+03	2.533279313844293938e+03	1.167734363382782176e+05
3.374684301123556836e-03	2.956299094910124768e+04	5.363617016891746061e+03	2.487693499380911362e+03	1.117325822139739321e+05
3.446201120537424525e-03	2.845839313906925599e+04	5.221518094448310876e+03	2.442813739052434357e+03	1.069067729721995856e+05
3.519233535190044709e-03	2.739469914629050254e+04	5.083047159284752524e+03	2.398637917138913053e+03	1.022881535202032683e+05
3.593813663804625805e-03	2.637103710197913460e+04	4.948175778940944838e+03	2.355171754879104810e+03	9.787113572655276221e+04
3.669974305769219299e-03	2.538557424157731293e+04	4.816781224410362483e+03	2.312397257774913669e+03	9.364523245580655930e+04
3.747748955561452412e-03	2.443638010474443581e+04	4.688721801561773646e+03	2.270291014067754531e+03	8.959971178724864149e+04
3.827171817478984984e-03	2.352235285188698253e+04	4.563933936844134223e+03	2.228848193097584954e+03	8.572799596121236391e+04
3.908277820682117681e-03	2.264274954589764820e+04	4.442403433064743695e+03	2.188078087487493576e+03	8.202531569004089397e+04
3.991102634555192957e-03	2.179596171353479076e+04	4.324005780630428490e+03	2.147959473139186684e+03	7.848262641090391844e+04
4.075682684393532908e-03	2.098035351325809825e+04	4.208619899938646086e+03	2.108471743455224896e+03	7.509132923559154733e+04
4.162055167422817371e-03	2.019497918291531460e+04	4.096189191987279628e+03	2.069610248779531958e+03	7.184566326488082996e+04
4.250258069157961290e-03	1.943920529744741361e+04	3.986700213725229332e+03	2.031383528790810942e+03	6.874178126496782352e+04
4.340330180108637088e-03	1.871162144111014641e+04	3.880038987569002074e+03	1.993771327091222929e+03	6.577211854775094253e+04
4.432311112838861061e-03	1.801084149839317979e+04	3.776094926711524749e+03	1.956754014246887209e+03	6.292918792154378025e+04
4.526241319388085715e-03	1.733605371999179988e+04	3.674824774357809929e+03	1.920330775297664104e+03	6.020855517400931421e+04
4.622162109061505458e-03	1.668671773279426998e+04	3.576204809816901616e+03	1.884504776620540270e+03	5.760673994567864429e+04
4.720115666597336779e-03	1.606159781769439905e+04	3.480139812020480349e+03	1.849260286473930591e+03	5.511729554984989954e+04
4.820145070719144588e-03	1.545951951611994809e+04	3.386527810527605652e+03	1.814577558681412256e+03	5.273419408555460541e+04
4.922294313081310678e-03	1.487978614229864434e+04	3.295329353681221164e+03	1.780455053168392169e+03	5.045363655511466641e+04
5.026608317615998724e-03	1.432193642235591687e+04	3.206524418496157523e+03	1.746896031058863855e+03	4.827266551562865061e+04
5.133132960290130720e-03	1.378488856164269055e+04	3.120023654603517116e+03	1.713884632076896651e+03	4.618595054915115179e+04
5.241915089281041530e-03	1.326764748138166397e+04	3.035739718879785869e+03	1.681404101803839694e+03	4.418844270394169871e+04
5.353002545579732367e-03	1.276961528594724587e+04	2.953630098590131638e+03	1.649450521721531231e+03	4.227673812414738495e+04
5.466444184030696055e-03	1.229039796811648011e+04	2.873685962937418026e+03	1.618031104130581753e+03	4.044871165474246664e+04
5.582289894817666839e-03	1.182904921797658608e+04	2.795817416148577649e+03	1.587127344027085655e+03	3.869956818188496982e+04
5.700590625404708227e-03	1.138472597230868450e+04	2.719950589005232359e+03	1.556725395017323081e+03	3.702515261141963856e+04
5.821398402942216249e-03	1.095691514951526551e+04	2.646047617949802316e+03	1.526821261161511757e+03	3.542280439969858708e+04
5.944766357147824969e-03	1.054527997182061517e+04	2.574099950614033787e+03	1.497420883650890801e+03	3.389059094951976294e+04
6.070748743672167193e-03	1.014899326931306314e+04	2.504023922569464503e+03	1.468505787512714733e+03	3.242446230578961331e+04
6.199400967959818945e-03	9.767340795646945480e+03	2.435752519617037706e+03	1.440062762984346136e+03	3.102103549838170147e+04
6.330779609615908021e-03	9.399882281080850589e+03	2.369256657077759428e+03	1.412090690103385441e+03	2.967803448134076461e+04
6.464942447289089879e-03	9.046329662756130347e+03	2.304521921123922766e+03	1.384592699260318795e+03	2.839373571640160299e+04
6.601948484081890736e-03	8.705960439360269447e+03	2.241477356452716776e+03	1.357553570701977605e+03	2.716491193711632513e+04
6.741857973499477616e-03	8.378169516641935843e+03	2.180061709462327144e+03	1.330960382164962766e+03	2.598860270679790847e+04
6.884732445948405985e-03	8.062579130356136375e+03	2.120247266989276341e+03	1.304810788487970967e+03	2.486293999690826604e+04
7.030634735796891313e-03	7.758942705795713664e+03	2.062023300432180804e+03	1.279108519662782555e+03	2.378658779358321044e+04
7.179629009008595825e-03	7.466629615435700543e+03	2.005322522597943362e+03	1.253837685782260905e+03	2.275664822427170657e+04
7.331780791361950343e-03	7.185127249408019452e+03	1.950092955357693654e+03	1.228987765900254772e+03	2.177078522300199256e+04
7.487156997267587974e-03	6.914111498428364939e+03	1.896305530865982519e+03	1.204554974035445866e+03	2.082737446525451378e+04
7.645825959196438613e-03	6.653371140207244935e+03	1.843956083220869232e+03	1.180545811054307251e+03	1.992529770313500194e+04
7.807857457731475631e-03	6.402356122210961075e+03	1.792978520172778644e+03	1.156942959409535206e+03	1.906209240596690142e+04
7.973322752256328111e-03	6.160632191616474302e+03	1.743327173980319685e+03	1.133736206067812645e+03	1.823585015285486588e+04
8.142294612294233985e-03	5.927921295123938762e+03	1.694978790289157359e+03	1.110923567843101182e+03	1.744519577172244317e+04
8.314847349511189298e-03	5.704042350891525530e+03	1.647925880971369907e+03	1.088508930173560202e+03	1.668919816073212860e+04
8.491056850397209546e-03	5.488515915018348096e+03	1.602110761200893648e+03	1.066477239363985291e+03	1.596580682232036816e+04
8.671000609640279119e-03	5.280974119227722440e+03	1.557491101349869041e+03	1.044818628759020385e+03	1.527335546291382343e+04
8.854757764207504128e-03	5.081178440094821781e+03	1.514049112994060351e+03	1.023533214445579233e+03	1.461079505049438740e+04
9.042409128148579806e-03	4.888973509571084833e+03	1.471773597877810971e+03	1.002621848927843189e+03	1.397726220223260316e+04
9.234037228136720080e-03	4.703941709344358060e+03	1.430614210865228870e+03	9.820712188036178532e+02	1.337102764310506063e+04
9.429726339762870002e-03	4.525771409052120362e+03	1.390533311795871441e+03	9.618721341085059748e+02	1.279076990160935020e+04
9.629562524599030379e-03	4.354258013614548872e+03	1.351512067007421138e+03	9.420230149937817714e+02	1.223553287845601335e+04
9.833633668047030499e-03	4.189268104452668922e+03	1.313544962989969463e+03	9.225275640066047345e+02	1.170465085988196552e+04
1.004202951798940403e-02	4.030438157727372072e+03	1.276582607677218220e+03	9.033713942899872791e+02	1.119664647457448336e+04
1.025484172425938229e-02	3.877504183906359685e+03	1.240594313625363611e+03	8.845476205339854232e+02	1.071042676952374131e+04
1.047216387894729824e-02	3.730290705223435907e+03	1.205560136760953810e+03	8.660522921847129965e+02	1.024515587604377470e+04
1.069409155756119272e-02	3.588683052923774994e+03	1.171477833550936339e+03	8.478908184254481739e+02	9.800343817169561589e+03
1.092072236105970547e-02	3.452364998110778288e+03	1.138299959219719085e+03	8.300479488973958269e+02	9.374684075654793560e+03
1.115215595877575537e-02	3.321112906918543558e+03	1.105998659910418155e+03	8.125171285758502790e+02	8.967251667345053647e+03
1.138849413224978825e-02	3.194776289456208360e+03	1.074560313881114325e+03	7.952978323408311780e+02	8.577437831708450176e+03
1.162984081999205582e-02	3.073256503611766220e+03	1.043977503891842616e+03	7.783912893024926234e+02	8.204727522920948104e+03
1.187630216319339981e-02	2.956278641715489357e+03	1.014210275997465715e+03	7.617847506173192187e+02	7.848074965597127630e+03
1.212798655240480798e-02	2.843653253229934307e+03	9.852330448561614276e+02	7.454716876905999925e+02	7.506720308889731314e+03
1.238500467520621366e-02	2.735251290740120567e+03	9.570329074723414351e+02	7.294511881321593592e+02	7.180115890881957966e+03
1.264746956488544717e-02	2.630987821250078923e+03	9.296046272259086436e+02	7.137258648489652160e+02	6.867856683117537614e+03
1.291549665014883955e-02	2.530624013639217083e+03	9.029111199483257906e+02	6.982832268856190012e+02	6.569059907066854066e+03
1.318920380588532899e-02	2.433999371427176811e+03	8.769300861783692653e+02	6.831170426976414092e+02	6.283086488934217414e+03
1.346871140500627631e-02	2.341003246148080507e+03	8.516477175489460478e+02	6.682249396688647494e+02	6.009456794085675028e+03
1.375414237138396570e-02	2.251562440052792681e+03	8.270617756518026908e+02	6.536108688241647542e+02	5.747882159048509493e+03
1.404562223391196511e-02	2.165469598527314702e+03	8.031366002940249018e+02	6.392619919325624096e+02	5.497564006082418018e+03
1.434327918171109106e-02	2.082588749215994994e+03	7.798530413353413451e+02	6.251734668121843015e+02	5.257988140120172829e+03
1.464724412050539583e-02	2.002825029596489458e+03	7.572002056688120319e+02	6.113436036307879249e+02	5.028788298065343952e+03
1.495765073019278586e-02	1.926115295830757987e+03	7.351731610060134017e+02	5.977739426571218928e+02	4.809662816725557605e+03
1.527463552363575450e-02	1.852279637622188602e+03	7.137414486066011250e+02	5.844537027826175972e+02	4.599981651945231533e+03
1.559833790669801906e-02	1.781202854136509131e+03	6.928873054436820667e+02	5.713779137721882080e+02	4.399308480881201831e+03
1.592890023955338338e-02	1.712803626207147772e+03	6.726019121820371538e+02	5.585462378841272084e+02	4.207325670295881537e+03
1.626646789929399317e-02	1.647027429755311914e+03	6.528797580094975501e+02	5.459588814042357399e+02	4.023789134747074513e+03
1.661118934386526108e-02	1.583718268153386816e+03	6.336931971795896743e+02	5.336056102383404323e+02	3.848168768584600002e+03
1.696321617735579643e-02	1.522778533168327613e+03	6.150273192117249437e+02	5.214825032407263734e+02	3.680096946750772076e+03
1.732270321667098503e-02	1.464138524141717426e+03	5.968720007387111082e+02	5.095875308197320237e+02	3.519298257844948239e+03
1.768980855961942850e-02	1.407751113230047167e+03	5.792252908446721449e+02	4.979235580063123621e+02	3.365598067220247685e+03
1.806469365444235767e-02	1.353481127775510686e+03	5.620597639224954492e+02	4.864788143038273347e+02	3.218513888325239350e+03
1.844752337081655841e-02	1.301245859538294553e+03	5.453621491156179673e+02	4.752495393781522921e+02	3.077756965242761908e+03
1.883846607236187159e-02	1.250985574094710501e+03	5.291252862725741579e+02	4.642355603630290943e+02	2.943109089393444265e+03
1.923769369068539445e-02	1.202659496022308304e+03	5.133449481098105025e+02	4.534375229419899256e+02	2.814392112560525675e+03
1.964538180099485026e-02	1.156150574115139079e+03	4.979978465758609900e+02	4.428456005341261061e+02	2.691227558446338207e+03
2.006170969931423895e-02	1.111388719667295391e+03	4.830718382442982488e+02	4.324560663360006743e+02	2.573366841262173693e+03
2.048686048133601528e-02	1.068322746703287294e+03	4.685599935903055098e+02	4.222682077942533283e+02	2.460618526612227470e+03
2.092102112294418406e-02	1.026917339981593386e+03	4.544591343219184409e+02	4.122833253771777891e+02	2.352846145913993496e+03
2.136438256244391209e-02	9.870712086073361888e+02	4.407475827503398023e+02	4.024916139000577004e+02	2.249723617105227731e+03
2.181713978453380873e-02	9.487249520325676713e+02	4.274151577705350746e+02	3.928901090452482094e+02	2.151044476703204964e+03
2.227949190605761978e-02	9.118347157683368778e+02	4.144546852272510478e+02	3.834773411888116357e+02	2.056649068573719433e+03
2.275164226357336353e-02	8.763698822053631829e+02	4.018643887151850436e+02	3.742554984667484632e+02	1.966429958137963695e+03
2.323379850277806913e-02	8.422428587814116554e+02	3.896237487574702527e+02	3.652144726249373434e+02	1.880099404057328002e+03
2.372617266982774559e-02	8.094032972421788372e+02	3.777234448756969982e+02	3.563513194057342730e+02	1.797492314787836449e+03
2.422898130459259780e-02	7.778136304904787721e+02	3.661584645702575926e+02	3.476660170662308929e+02	1.718481932802021220e+03
2.474244553588843265e-02	7.474472861952062885e+02	3.549252903487426920e+02	3.391587898946516475e+02	1.642960100062892025e+03
2.526679117872631872e-02	7.182285705448391582e+02	3.440064291619901837e+02	3.308210912737413878e+02	1.570700802777173067e+03
2.580224883362318075e-02	6.901148023736441246e+02	3.333938570369101058e+02	3.226505400858977737e+02	1.501563174825047327e+03
2.634905398801689475e-02	6.630738058686388285e+02	3.230818923563349472e+02	3.146459320994349582e+02	1.435432004571739981e+03
2.690744711983068457e-02	6.370824955887185297e+02	3.130686379505456784e+02	3.068086624802786559e+02	1.372230405796601644e+03
2.747767380323228384e-02	6.120755070252989753e+02	3.033373632244963574e+02	2.991298221652433540e+02	1.311759305414816708e+03
2.805998481663422514e-02	5.880166529616221851e+02	2.938809863908896887e+02	2.916073183944119478e+02	1.253900020436855357e+03
2.865463625298309350e-02	5.648783801485795948e+02	2.846952134744348086e+02	2.842408081554390265e+02	1.198564899172967444e+03
2.926188963238583740e-02	5.426406114608541884e+02	2.757770187812445215e+02	2.770301109026452764e+02	1.145681401437064551e+03
2.988201201712300387e-02	5.212469438471673584e+02	2.671120860892419273e+02	2.699678378958664098e+02	1.095083433256709895e+03
3.051527612909937445e-02	5.006666906262460088e+02	2.586942333501305598e+02	2.630522051025679957e+02	1.046676000134971900e+03
3.116196046978347151e-02	4.808762615141272931e+02	2.505189711607750951e+02	2.562820968234494785e+02	1.000382319056953747e+03
3.182234944268905880e-02	4.618581774518153225e+02	2.425840527913787525e+02	2.496578027065428955e+02	9.561420246202711724e+02
3.249673347845206950e-02	4.435638053189409789e+02	2.348762976509678992e+02	2.431723013616498008e+02	9.138158356837378733e+02
3.318540916255835471e-02	4.259671177291317008e+02	2.273902599915137444e+02	2.368239609443664051e+02	8.733250828863353945e+02
3.388867936577820428e-02	4.090479215450712331e+02	2.201219207307603938e+02	2.306114926769554074e+02	8.346043511940691815e+02
3.460685337736497946e-02	3.927909836685528830e+02	2.130690245152662214e+02	2.245351959574415730e+02	7.976030697765457944e+02
3.534024704107661952e-02	3.771544036746500979e+02	2.062199815631862805e+02	2.185888420195523452e+02	7.622055860618402221e+02
3.608918289407971741e-02	3.621161011544478470e+02	1.995696352448745756e+02	2.127702592877201937e+02	7.283438373683595728e+02
3.685399030879719234e-02	3.476587947310718505e+02	1.931144178856600320e+02	2.070784807865497612e+02	6.959648237320350290e+02
3.763500563776207147e-02	3.337691947695250860e+02	1.868524926127894616e+02	2.015140953516261675e+02	6.650273778539890372e+02
3.843257236154112161e-02	3.204112312425544360e+02	1.807731713643247247e+02	1.960708156378362901e+02	6.354306595260646873e+02
3.924704123979310538e-02	3.075661674769835372e+02	1.748718033356077228e+02	1.907465582809070384e+02	6.071204200708375538e+02
4.007877046552850431e-02	2.952192175844242570e+02	1.691455722208681323e+02	1.855410231890270722e+02	5.800538519063717331e+02
4.092812582263813392e-02	2.833587753256503561e+02	1.635923423042536626e+02	1.804540651698982856e+02	5.541922065700409803e+02
4.179548084676026898e-02	2.719538164818510495e+02	1.582024974897567233e+02	1.754797250882654680e+02	5.294531077668825674e+02
4.268121698955689575e-02	2.609884373875769938e+02	1.529722788406185714e+02	1.706167516664732489e+02	5.057928632810318277e+02
4.358572378647117967e-02	2.504499905366178041e+02	1.478987029297448714e+02	1.658641271284925836e+02	4.831721562521159399e+02
4.450939902804028347e-02	2.403283293074276514e+02	1.429800180024683698e+02	1.612218895872083522e+02	4.615606493739979328e+02
4.545264893483848267e-02	2.305967935788044940e+02	1.382076692411546333e+02	1.566847937360183209e+02	4.408898497422517266e+02
4.641588833612779463e-02	2.212418801650616729e+02	1.335779722453748093e+02	1.522510619619468173e+02	4.211206690001222341e+02
4.739954085229469011e-02	2.122527737551167775e+02	1.290886590549186508e+02	1.479202701690746551e+02	4.022227886209854546e+02
4.840403908115278181e-02	2.036205945300497433e+02	1.247378172485983043e+02	1.436921719310944923e+02	3.841697930553798983e+02
4.942982478819387543e-02	1.953224544697734757e+02	1.205177052484478111e+02	1.395616070744291335e+02	3.669034591790819491e+02
5.047734910087089966e-02	1.873468845859062242e+02	1.164253872385568371e+02	1.355274695183796894e+02	3.503922446645999571e+02
5.154707270699779992e-02	1.796846392606792620e+02	1.124583990852262048e+02	1.315888309403836729e+02	3.346102322689895345e+02
5.263946605735428386e-02	1.723279391587319651e+02	1.086152398088763675e+02	1.277456123529004230e+02	3.195356846155016797e+02
5.375500957258409762e-02	1.652571546016457376e+02	1.048889696588085059e+02	1.239931576632906740e+02	3.051188124013580136e+02
5.489419385447772554e-02	1.584625406366670290e+02	1.012766707916648130e+02	1.203299566528505835e+02	2.913339907586914705e+02
5.605751990173300781e-02	1.519361962336199952e+02	9.777656183342530483e+01	1.167556403392401165e+02	2.781604056180368616e+02
5.724549933028778848e-02	1.456712990211667034e+02	9.438690607527234988e+01	1.132697950424761757e+02	2.655774085429242746e+02
5.845865459832211286e-02	1.396510320126025420e+02	9.110152386980803385e+01	1.098679574329763398e+02	2.535452121536224581e+02
5.969751923602879817e-02	1.338671116269125605e+02	8.791803686850579425e+01	1.065491352788747719e+02	2.420423408618123915e+02
6.096263808025296355e-02	1.283127885034283509e+02	8.483453958552172480e+01	1.033125247541766782e+02	2.310498619867296668e+02
6.225456751410456124e-02	1.229820730984137214e+02	8.184960954233467589e+01	1.001578718077115298e+02	2.205520992486540877e+02
6.357387571164835327e-02	1.178605749132490388e+02	7.895767465994364898e+01	9.708107945642250058e+01	2.105150534776921063e+02
6.492114288777969811e-02	1.129412492531837842e+02	7.615657393719432378e+01	9.408103810114873511e+01	2.009204633454853592e+02
6.629696155339574737e-02	1.082183330928083507e+02	7.344467337297652421e+01	9.115720992048606774e+01	1.917528834437289902e+02
6.770193677597398374e-02	1.036865622476526596e+02	7.082058482969426905e+01	8.830911506055537075e+01	1.829995135607714474e+02
6.913668644567325106e-02	9.933363822144460187e+01	6.827937060417684734e+01	8.553304772337870077e+01	1.746310533008309562e+02
7.060184154707406512e-02	9.515356674251708569e+01	6.581899655456970777e+01	8.282783040392365592e+01	1.666322494137028229e+02
7.209804643667737378e-02	9.114142947905855863e+01	6.343820117153833138e+01	8.019316524103588506e+01	1.589916671904566385e+02
7.362595912628441819e-02	8.729259438424421091e+01	6.113546453150074456e+01	7.762833243923337534e+01	1.516965308053081571e+02
7.518625157238204015e-02	8.359656552130283558e+01	5.890646280009864455e+01	7.512991445427094561e+01	1.447232120089676357e+02
7.677960997166025092e-02	8.004823935515379674e+01	5.674944509127715975e+01	7.269696254830324733e+01	1.380593355627217989e+02
7.840673506279315086e-02	7.664342097846819968e+01	5.466314052296687720e+01	7.032894542181753650e+01	1.316946990712069407e+02
8.006834243461452560e-02	7.337802937872673681e+01	5.264625402295983037e+01	6.802530566160602632e+01	1.256187191587190028e+02
8.176516284082480102e-02	7.024312102100833499e+01	5.069487832061161470e+01	6.578281993561967056e+01	1.198116935454981444e+02
8.349794252136732986e-02	6.723434774049006535e+01	4.880756399607850682e+01	6.360076526949494991e+01	1.142637275219635313e+02
8.526744353061486981e-02	6.434813433303229147e+01	4.698297935545095072e+01	6.147831447365707191e+01	1.089654274930378932e+02
8.707444407251174745e-02	6.158087991001027461e+01	4.522006306218336391e+01	5.941512302805386980e+01	1.039084326006381929e+02
8.891973884281766105e-02	5.892497754696464796e+01	4.351525940105363333e+01	5.740809359305974624e+01	9.907622666087632979e+01
9.080413937860487561e-02	5.637671960093431522e+01	4.186728962295990897e+01	5.545656464525745122e+01	9.446026900217056266e+01
9.272847441516200717e-02	5.393306207856241485e+01	4.027500770674360808e+01	5.355982529976797224e+01	9.005297387073211723e+01
9.469359025046093781e-02	5.159082152564064927e+01	3.873736689194183924e+01	5.171741873639921749e+01	8.584728389090751932e+01
9.670035111734798239e-02	4.934354223520637817e+01	3.725125206115657761e+01	4.992654780104120249e+01	8.182937754958575738e+01
9.874963956362264872e-02	4.718805941029414441e+01	3.581547716099483125e+01	4.818651823263102330e+01	7.799196771150957375e+01
1.008423568401705106e-01	4.512178611758350399e+01	3.442904464256100994e+01	4.649669585049928600e+01	7.432889100871439325e+01
1.029794232973221257e-01	4.314189692551404676e+01	3.309093463223649678e+01	4.485654812690439996e+01	7.083412577467474591e+01
1.051617787896111378e-01	4.124293213472562059e+01	3.179844053474105436e+01	4.326358551226385885e+01	6.749605211946160921e+01
1.073903830891107247e-01	3.942218538238349623e+01	3.055045955795640822e+01	4.171707934382875749e+01	6.430858595498295927e+01
1.096662163075285135e-01	3.767746192699330265e+01	2.934616497798565504e+01	4.021653334961720105e+01	6.126690644349160664e+01
1.119902793272475605e-01	3.600624683909070001e+01	2.818451320061784315e+01	3.876125965172551702e+01	5.836543313335143068e+01
1.143635942415015677e-01	3.440393831613798881e+01	2.706318735513728413e+01	3.734909102645968915e+01	5.559475635604930233e+01
1.167872048038782751e-01	3.286821824244091772e+01	2.598113072193132211e+01	3.597919563733515247e+01	5.294968617551661794e+01
1.192621768873494831e-01	3.139722404968782499e+01	2.493769870105310105e+01	3.465130517468897153e+01	5.042650445769989886e+01
1.217895989530276418e-01	2.998872335430797875e+01	2.393181278729626627e+01	3.336450738928036230e+01	4.802001261931819442e+01
1.243705825288575900e-01	2.863883968416733339e+01	2.296149531105175967e+01	3.211695716605049000e+01	4.572259233738869000e+01
1.270062626984522769e-01	2.734558815495272555e+01	2.202579883118187354e+01	3.090786718450756254e+01	4.353003398130606172e+01
1.296977986002878502e-01	2.610738762387597234e+01	2.112413688514590859e+01	2.973694875559031914e+01	4.143905646813568211e+01
1.324463739374786009e-01	2.492226177090081052e+01	2.025550745191922530e+01	2.860330788173706651e+01	3.944528908347467677e+01
1.352531974983535168e-01	2.378694715699647944e+01	1.941817635053830315e+01	2.750525963416762920e+01	3.754245781806734072e+01
1.381195036880665805e-01	2.269974489333310075e+01	1.861131694289538885e+01	2.644211955229040711e+01	3.572708771166347219e+01
1.410465530714722360e-01	2.165931234730312838e+01	1.783434905881363619e+01	2.541347885570007392e+01	3.399628361651927833e+01
1.440356329275057634e-01	2.066390441798908384e+01	1.708640359699274214e+01	2.441859553313685893e+01	3.234644010865089570e+01
1.470880578153118678e-01	1.971077559375635957e+01	1.636593702990375476e+01	2.345588794521799159e+01	3.077236197137652240e+01
1.502051701523716420e-01	1.879847242405113050e+01	1.567221234457645274e+01	2.252470915947784391e+01	2.927112994298810733e+01
1.533883408048797858e-01	1.792585450284304827e+01	1.500470672485301193e+01	2.162467971637352449e+01	2.784027726120974933e+01
1.566389696906345663e-01	1.709138481037738444e+01	1.436263191816900964e+01	2.075508266708774485e+01	2.647682409572409412e+01
1.599584863947036695e-01	1.629275524123833918e+01	1.374461497700755963e+01	1.991445117712909862e+01	2.517640706859943123e+01
1.633483507981373095e-01	1.552872296576884636e+01	1.315002774556385035e+01	1.910223563888083476e+01	2.393664100910472570e+01
1.668100537200059019e-01	1.479831911632166097e+01	1.257837534070025853e+01	1.831801572979494352e+01	2.275541330190933209e+01
1.703451175730422984e-01	1.410019335648461869e+01	1.202895550060307528e+01	1.756114585661848082e+01	2.163023889638494168e+01
1.739550970331800450e-01	1.343240683115706702e+01	1.150054109881331854e+01	1.683024689045943489e+01	2.055745828629534344e+01
1.776415797232799298e-01	1.279389744075597690e+01	1.099260146422535911e+01	1.612486226703077818e+01	1.953512467334376623e+01
1.814061869113461622e-01	1.218384189873494883e+01	1.050467810510937028e+01	1.544455783616891331e+01	1.856146546998972369e+01
1.852505742235391883e-01	1.160105687404771047e+01	1.003611216739630052e+01	1.478868701467794189e+01	1.763431611387395392e+01
1.891764323722997243e-01	1.104391508842752323e+01	9.585876657948288582e+00	1.415608648874095010e+01	1.675075335702452861e+01
1.931854878999012814e-01	1.051150951069361739e+01	9.153441356805847917e+00	1.354621592706624789e+01	1.590901882046228621e+01
1.972795039377621684e-01	1.000314047821231789e+01	8.738455547288248582e+00	1.295878197662442588e+01	1.510778293767802971e+01
2.014602809818480389e-01	9.517773654526967775e+00	8.340267903019372042e+00	1.239306532064645339e+01	1.434508912356791654e+01
2.057296576845067948e-01	9.054044549838520695e+00	7.958018340851670480e+00	1.184809338833614589e+01	1.361858029611816434e+01
2.100895116630852322e-01	8.611179172767926104e+00	7.591224401860018567e+00	1.132333823118466398e+01	1.292678138180164282e+01
2.145417603256798700e-01	8.188582901692967653e+00	7.239558354559464171e+00	1.081849110318356644e+01	1.226856122825510909e+01
2.190883617143895290e-01	7.785353983367523156e+00	6.902463664302759483e+00	1.033294406953900513e+01	1.164231783909061235e+01
2.237313153664367560e-01	7.400349457198898584e+00	6.579149450184480941e+00	9.865732861310869239e+00	1.104601166267726065e+01
2.284726631935388719e-01	7.032909457234887363e+00	6.269230245798047108e+00	9.416457816114050416e+00	1.047852129741947458e+01
2.333144903799153069e-01	6.682528675198250667e+00	5.972388761894210418e+00	8.984779319498679584e+00	9.938834495696706739e+00
2.382589262993237145e-01	6.348423039956529124e+00	5.688119675554980326e+00	8.570119282679920403e+00	9.425594139357206913e+00
2.433081454515323150e-01	6.029636238272102489e+00	5.415760512507283408e+00	8.171661664422863680e+00	8.937168208795043256e+00
2.484643684186368384e-01	5.725606290312097002e+00	5.154935392435041841e+00	7.788968509398803697e+00	8.472541168287213154e+00
2.537298628416438939e-01	5.435903880198320159e+00	4.905394462437143943e+00	7.421786099514117829e+00	8.030960476092289468e+00
2.591069444177515613e-01	5.159849136787380885e+00	4.666668858400338848e+00	7.069549968134720253e+00	7.611229772265484250e+00
2.645979779187619951e-01	4.896642912906438383e+00	4.438174679248955812e+00	6.731506769009622637e+00	7.211988262492100787e+00
2.702053782310787078e-01	4.645807169238846512e+00	4.219608046856351713e+00	6.407316573735087673e+00	6.832433988303471928e+00
2.759316114177428059e-01	4.406977294313188409e+00	4.010723898632746476e+00	6.096694543653840448e+00	6.471908814215614036e+00
2.817791958029755572e-01	4.179565454215801168e+00	3.811100195936197643e+00	5.799105901481447667e+00	6.129406073159448631e+00
2.877507030797054055e-01	3.962904758339066635e+00	3.620257116175565226e+00	5.513940759358527899e+00	5.803835335541700502e+00
2.938487594405665426e-01	3.756589129729717147e+00	3.437900300211896187e+00	5.240827851118100789e+00	5.494484061863945890e+00
3.000760467328633108e-01	3.560309088202990413e+00	3.263823939104820049e+00	4.979529163086170662e+00	5.200817239483673582e+00
3.064353036380134121e-01	3.373557894944930080e+00	3.097664186607972159e+00	4.729579766447964850e+00	4.922026226801727411e+00
3.129293268759847368e-01	3.195779875274305404e+00	2.938982195272465958e+00	4.490381284481538060e+00	4.657157833140841419e+00
3.195609724352570513e-01	3.026630623060358793e+00	2.787539116070833600e+00	4.261643765140055606e+00	4.405652259384990721e+00
3.263331568288500573e-01	2.865847664190217969e+00	2.643154735581813242e+00	4.043147252533928260e+00	4.167071696528953595e+00
3.332488583769670498e-01	2.712995534023771249e+00	2.505486823146414022e+00	3.834426649958226463e+00	3.940690081263937383e+00
3.403111185168231634e-01	2.567612006330161734e+00	2.374177646042750389e+00	3.634998271123836666e+00	3.725772823642726994e+00
3.475230431402304698e-01	2.429405501436746384e+00	2.249014246617439650e+00	3.444587268450287620e+00	3.521844528153907028e+00
3.548878039595292910e-01	2.298153645385317301e+00	2.129829325790315586e+00	3.262975311895957020e+00	3.328522971800239372e+00
3.624086399024666338e-01	2.173483454823332384e+00	2.016328915456036430e+00	3.089760514704543048e+00	3.145208934280395052e+00
3.700888585366366446e-01	2.055011152391658324e+00	1.908209461441418897e+00	2.924523539729534161e+00	2.971300559432311861e+00
3.779318375241043637e-01	1.942490380144092699e+00	1.805279130105776675e+00	2.767002436986599978e+00	2.806405193356422245e+00
3.859410261068597081e-01	1.835732988672478694e+00	1.707391582421461607e+00	2.617000568322521481e+00	2.650203938577822438e+00
3.941199466237500504e-01	1.734420619301734412e+00	1.614291058439202065e+00	2.474162065419923895e+00	2.502193372493465962e+00
4.024721960595590287e-01	1.638235284125768132e+00	1.525720790475012967e+00	2.338125292369008790e+00	2.361884852457788675e+00
4.110014476269163164e-01	1.546969305897101687e+00	1.441511061747887235e+00	2.208650780926001644e+00	2.228941633521524857e+00
4.197114523817274123e-01	1.460463752614849842e+00	1.361535783971816516e+00	2.085565163333751304e+00	2.103106854113467428e+00
4.286060408728412652e-01	1.378447885088823988e+00	1.285571601288759025e+00	1.968549499448914997e+00	1.983964487396788545e+00
4.376891248266767120e-01	1.300658823856861046e+00	1.213400440527835578e+00	1.857290703585915415e+00	1.871111260465640802e+00
4.469646988675492483e-01	1.226921943270303572e+00	1.144875583391342211e+00	1.751576971385627512e+00	1.764268136654951080e+00
4.564368422744575216e-01	1.157103254844172646e+00	1.079887809577781965e+00	1.651253373351603715e+00	1.663221882887464531e+00
4.661097207750954374e-01	1.090973405982001321e+00	1.018241376468588255e+00	1.556033582115917691e+00	1.567620627067470407e+00
4.759875883778879602e-01	1.028315616389653631e+00	9.597534818861261918e-01	1.465651729566369577e+00	1.477137805730031506e+00
4.860747892428489703e-01	9.689834659458361754e-01	9.043001482832490057e-01	1.379926979015355437e+00	1.391549856462453327e+00
4.963757595920870180e-01	9.128642551972594443e-01	8.517855005499247456e-01	1.298718969743183793e+00	1.310678659453922812e+00
5.068950296608012440e-01	8.597644840329512483e-01	8.020399050587981860e-01	1.221774250015791541e+00	1.234228269869759753e+00
5.176372256896176749e-01	8.095058750940213876e-01	7.549080328131630990e-01	1.148861318279166710e+00	1.161930518234173704e+00
5.286070719591531297e-01	7.619660400763592634e-01	7.102860915114524998e-01	1.079827859862556805e+00	1.093602895657242113e+00
5.398093928676924724e-01	7.170504384057785341e-01	6.680924914558381555e-01	1.014552953708666827e+00	1.029098926473294817e+00
5.512491150528981976e-01	6.745965197259260471e-01	6.281816411248484222e-01	9.528158095286172191e-01	9.681746049696362544e-01
5.629312695584811621e-01	6.344581075786251967e-01	5.904233638526115158e-01	8.944194154340887604e-01	9.106122237772665828e-01
5.748609940467923618e-01	5.965332504048811435e-01	5.547273421727184628e-01	8.392271819619802065e-01	8.562593151200930119e-01
5.870435350582976497e-01	5.607428805249424775e-01	5.210247388906653621e-01	7.871356908223801074e-01	8.049966825568023454e-01
5.994842503189414806e-01	5.269510646645827467e-01	4.891928084867963600e-01	7.379571108085122289e-01	7.566233836847042760e-01
6.121886110964055439e-01	4.950383348568285768e-01	4.591230045554551276e-01	6.915252147537456207e-01	7.109619970781647647e-01
6.251622046063020077e-01	4.649200793347727512e-01	4.307384328628138248e-01	6.477215002266759614e-01	6.678862876253465197e-01
6.384107364693620834e-01	4.365303953237466006e-01	4.039800098214195723e-01	6.064555492022078997e-01	6.272982682394430132e-01
6.519400332206916060e-01	4.097561478008914793e-01	3.787441882985722041e-01	5.675677721978266144e-01	5.890325082695514469e-01
6.657560448722088520e-01	3.845000386348524923e-01	3.549412891071451748e-01	5.309191789370785175e-01	5.529461906735605448e-01
6.798648475293831428e-01	3.606921290544166658e-01	3.325075534598389559e-01	4.964110561557691370e-01	5.189377137868691481e-01
6.942726460634290886e-01	3.382776954382058499e-01	3.113929731454954108e-01	4.639655775211172228e-01	4.869271231983579584e-01
7.089857768401280902e-01	3.171630451120591720e-01	2.915102944012304409e-01	4.334470092589344792e-01	4.567772627826892640e-01
7.240107105064845783e-01	2.972692336427373849e-01	2.727857903232669412e-01	4.047400801195820130e-01	4.283730383358353988e-01
7.393540548364295750e-01	2.785387001597127155e-01	2.551658447026756149e-01	3.777608307766201490e-01	4.016304409963498689e-01
7.550225576368376768e-01	2.609261906235483819e-01	2.386082103431179102e-01	3.524427659434716809e-01	3.764834620389869158e-01
7.710231097151263313e-01	2.443545154965416633e-01	2.230404596218697744e-01	3.286725457559945829e-01	3.528209309537939098e-01
7.873627479097432547e-01	2.287598793027639521e-01	2.084026054694509689e-01	3.063559381704272222e-01	3.305510266042257506e-01
8.040486581848822478e-01	2.140951264959961575e-01	1.946501859991764949e-01	2.854228428595769751e-01	3.096057453882905541e-01
8.210881787907730045e-01	2.003230002468387450e-01	1.817479228631941057e-01	2.658173265068168312e-01	2.899310244101143685e-01
8.384888034909533383e-01	1.873802496893241798e-01	1.696360406859414305e-01	2.474454555115409293e-01	2.714363603360513411e-01
8.562581848579297050e-01	1.752155414433056446e-01	1.582658212928977903e-01	2.302304359894985497e-01	2.540483602386551243e-01
8.744041376386801900e-01	1.637904325889197876e-01	1.476006357932042323e-01	2.141142345631120991e-01	2.377118669303582565e-01
8.929346421914835519e-01	1.530743962876521813e-01	1.376113047130734790e-01	1.990502354203060320e-01	2.223831919939145418e-01
9.118578479955742333e-01	1.430158921403619776e-01	1.282485935525412291e-01	1.849607833817907832e-01	2.079887192228588033e-01
9.311820772351820930e-01	1.335738007346182754e-01	1.194732137474116968e-01	1.717838927789055170e-01	1.944696708795524420e-01
9.509158284595223831e-01	1.247169426809120185e-01	1.112552689708699583e-01	1.594720306834795931e-01	1.817816214983123124e-01
9.710677803203476843e-01	1.164204317261354343e-01	1.035707294178949273e-01	1.479867032569734120e-01	1.698890448031435130e-01
9.916467953887124764e-01	1.086425110708425651e-01	9.637973672750896337e-02	1.372653223454397831e-01	1.587326665113933388e-01
1.012661924052612461e+00	1.013503988552419827e-01	8.965066038774634205e-02	1.272576712177206637e-01	1.482658571686756022e-01
1.034122408497234025e+00	9.451894226172380398e-02	8.335922853924232490e-02	1.179251742066401293e-01	1.384529019078511447e-01
1.056037686769547568e+00	8.812796110454727827e-02	7.748588386215192469e-02	1.092365368748123566e-01	1.292652772727211630e-01
1.078417396929040706e+00	8.214382443532754208e-02	7.199840591533449019e-02	1.011411185229078857e-01	1.206553818083878626e-01
1.101271381286411888e+00	7.654052640797688600e-02	6.687179487232318420e-02	9.359952747162431086e-02	1.125864006053576699e-01
1.124609690732098155e+00	7.129788871465937705e-02	6.208648411267454759e-02	8.658065517612768824e-02	1.050297583889550357e-01
1.148442589156521310e+00	6.639963788374331211e-02	5.762652279485954571e-02	8.005887530111750749e-02	9.796242945917145450e-02
1.172780557964020254e+00	6.181885066014931179e-02	5.346617973416822184e-02	7.399402600021535992e-02	9.134638574307915593e-02
1.197634300682437924e+00	5.753500218837837715e-02	4.958569809910905180e-02	6.835502897022245616e-02	8.515266355472583815e-02
1.223014747670394531e+00	5.353199764208926154e-02	4.596945009254730513e-02	6.311711868280689419e-02	7.935855195893677660e-02
1.248933060924324545e+00	4.979678909876387310e-02	4.260465687947302682e-02	5.825991827672864776e-02	7.394560741863091813e-02
1.275400638987373769e+00	4.630795518679367562e-02	3.947082411379253253e-02	5.375150269557162075e-02	6.888358652637414925e-02
1.302429121962336289e+00	4.304938225149720910e-02	3.655249529406349313e-02	4.956775884083747946e-02	6.414975059488094156e-02
1.330030396630823342e+00	4.000830801342404597e-02	3.383721380273657653e-02	4.568898054419572724e-02	5.972604056221721830e-02
1.358216601680917401e+00	3.717433225597736868e-02	3.131490341070401751e-02	4.209923541393614799e-02	5.559790796952811948e-02
1.387000133045610317e+00	3.453051688752364901e-02	2.896942463047910005e-02	3.877362615759218784e-02	5.174140943754129002e-02
1.416393649354382722e+00	3.206427967694466113e-02	2.678867049393767255e-02	3.569329050419584731e-02	4.813877525332036639e-02
1.446410077500298819e+00	2.976556144665062908e-02	2.476294656790175089e-02	3.284308900279344495e-02	4.477586452155409014e-02
1.477062618325094778e+00	2.762612208413564932e-02	2.288427440526199022e-02	3.021049810160104931e-02	4.164110807202942716e-02
1.508364752424737887e+00	2.563265222299683510e-02	2.113997882687367394e-02	2.777605591296837192e-02	3.871561576815454875e-02
1.540330246078020826e+00	2.377538109922892884e-02	1.952078262992603883e-02	2.552553012789954279e-02	3.598565140625776398e-02
1.572973157300799230e+00	2.204642817869698415e-02	1.801911481992126557e-02	2.344717715577408074e-02	3.344012555544159659e-02
1.606307842028519950e+00	2.043930443273543271e-02	1.662865345156554556e-02	2.153111480101138620e-02	3.106981761546003321e-02
1.640348960429783842e+00	1.894361745249122445e-02	1.533963739666992579e-02	1.976258871317367050e-02	2.885998529036644389e-02
1.675111483353698638e+00	1.755182190739996637e-02	1.414487495686620085e-02	1.813059402289755179e-02	2.679992813183640701e-02
1.710610698913865635e+00	1.625778176768869279e-02	1.303857183742502396e-02	1.662630656882869984e-02	2.488105214369351961e-02
1.746862219211904321e+00	1.505641817402137567e-02	1.201581558727134180e-02	1.524211053931076067e-02	2.309617594907600185e-02
1.783881987203444153e+00	1.393966727278354856e-02	1.106911303474548101e-02	1.396683354183480240e-02	2.143384176266431226e-02
1.821686283709640364e+00	1.290173488999799001e-02	1.019301112253766066e-02	1.279224691725497180e-02	1.988584516075826356e-02
1.860291734577268707e+00	1.193787256362060893e-02	9.383007384167956627e-03	1.171153155471997553e-02	1.844542025719899878e-02
1.899715317990559260e+00	1.104412943953629947e-02	8.635349700804737655e-03	1.071899024283240812e-02	1.710697096243940160e-02
1.939974371937992492e+00	1.021428752288679014e-02	7.944281995522666992e-03	9.806116834474607608e-03	1.586159708143606781e-02
1.981086601837313665e+00	9.443922293200320353e-03	7.305700736353146034e-03	8.966823667773689277e-03	1.470300781297243821e-02
2.023070088322156401e+00	8.729381504505197634e-03	6.716195878625940557e-03	8.196019517373179589e-03	1.362603036260085464e-02
2.065943295193674256e+00	8.067610453497010142e-03	6.172904828456405799e-03	7.489427837786322845e-03	1.262634818381204102e-02
2.109725077540682392e+00	7.453844133391801345e-03	5.671458442426106049e-03	6.840678510181461523e-03	1.169707087433535103e-02
2.154434690031884259e+00	6.884722746427280465e-03	5.208775308684579324e-03	6.245275332414725739e-03	1.083339657835101846e-02
2.200091795383838367e+00	6.357454200719999012e-03	4.782278120051688258e-03	5.699425810180279786e-03	1.003135667060430641e-02
2.246716473008353532e+00	5.869690872536132212e-03	4.389789108645457925e-03	5.199922311312397787e-03	9.287603069723896973e-03
2.294329227843169949e+00	5.417803511768823181e-03	4.028050167928841872e-03	4.742112484197404110e-03	8.596897636422311598e-03
2.342950999369765697e+00	4.999254914381376022e-03	3.694751874078270291e-03	4.322673692895786721e-03	7.955569143488040035e-03
2.392603170822269476e+00	4.611923328773902611e-03	3.387958497726847526e-03	3.938803750461181315e-03	7.360564668225405560e-03
2.443307578591545681e+00	4.254015214974947445e-03	3.106033718077542971e-03	3.588134843439980386e-03	6.809334999372174645e-03
2.495086521828544068e+00	3.922782965113761136e-03	2.846554414352693487e-03	3.267274956736917254e-03	6.297892464420411229e-03
2.547962772251191943e+00	3.616321000591923244e-03	2.607812928805435925e-03	2.973811101186053275e-03	5.823456478541562571e-03
2.601959584159102334e+00	3.333026450295146440e-03	2.388360794667600349e-03	2.705680029770928582e-03	5.383692259883119183e-03
2.657100704660517732e+00	3.071537022618130511e-03	2.186981188078549430e-03	2.461158583276446855e-03	4.976653423835363660e-03
2.713410384115983121e+00	2.829784818633431561e-03	2.001877788859771339e-03	2.237779107670727439e-03	4.599315011866730342e-03
2.770913386803353973e+00	2.606346287852183766e-03	1.831796737737700475e-03	2.033803500512839334e-03	4.249590616053708185e-03
2.829635001808795014e+00	2.400017518573054672e-03	1.675673339941469641e-03	1.847749686272299715e-03	3.925724106010314469e-03
2.889601054148607684e+00	2.209769618838942646e-03	1.532600376104502858e-03	1.678355921323584129e-03	3.626226364389125399e-03
2.950837916126738403e+00	2.034055195379825490e-03	1.401259354627685475e-03	1.523849566691892277e-03	3.348816379672194844e-03
3.013372518932980082e+00	1.871816342152894230e-03	1.280734558291261047e-03	1.382987997380030146e-03	3.091927540148559951e-03
3.077232364486974792e+00	1.722153882948367553e-03	1.170247349360729492e-03	1.254709792898465754e-03	2.854241241401468676e-03
3.142445537533192557e+00	1.584294989069599639e-03	1.069128542043375815e-03	1.138104691902156471e-03	2.634627546768181141e-03
3.209040717992251324e+00	1.457088237152200701e-03	9.764151713729017721e-04	1.031906680090000127e-03	2.431366234439299046e-03
3.277047193573979555e+00	1.339751437213632188e-03	8.914440893482706695e-04	9.352354727334702888e-04	2.243294887051753509e-03
3.346494872657771680e+00	1.231616679544449621e-03	8.136496000890128255e-04	8.473377811578053061e-04	2.069429748320087987e-03
3.417414297445926952e+00	1.132106544086012049e-03	7.425416969144044317e-04	7.675634527449455612e-04	1.908915943014282942e-03
3.489836657395697816e+00	1.040368904859782220e-03	6.774204180574386856e-04	6.950117749593211517e-04	1.760465548002395752e-03
3.563793802936028321e+00	9.558282719635360393e-04	6.178113814650283047e-04	6.290689526394388931e-04	1.623222501106207213e-03
3.639318259474964901e+00	8.779911438802811196e-04	5.633039366459877909e-04	5.692009845753386423e-04	1.496446860133658760e-03
3.716443241703908829e+00	8.064282968274144115e-04	5.135404124751982496e-04	5.149445879028017800e-04	1.379491081002682477e-03
3.795202668205029717e+00	7.405124206843788533e-04	4.680208579021820554e-04	4.656737912297113599e-04	1.271408939089899506e-03
3.875631176368202979e+00	6.798221110054471954e-04	4.264020359654153666e-04	4.209533870462017898e-04	1.171559160746690883e-03
3.957764137624104617e+00	6.239945933465023591e-04	3.883896621177739634e-04	3.804112313518074359e-04	1.079392595810739269e-03
4.041637673000112230e+00	5.727123610810815535e-04	3.537264857667720840e-04	3.437221465244419123e-04	9.944331410048198785e-04
4.127288669005872102e+00	5.255159533292649756e-04	3.220537999692900171e-04	3.104488530792542706e-04	9.159722186619952264e-04
4.214754793855508552e+00	4.820982010923182846e-04	2.931272995584340078e-04	2.802893901510790592e-04	8.435367914956948135e-04
4.304074514033643162e+00	4.421937384350699404e-04	2.667387784797033688e-04	2.529885171531142210e-04	7.767260488241199213e-04
4.395287111212434539e+00	4.055687905814804118e-04	2.427014556056260406e-04	2.283152321281960173e-04	7.151808802059785725e-04
4.488432699527177050e+00	3.718884829096915246e-04	2.207608980392145731e-04	2.059682422688284022e-04	6.583801854411425528e-04
4.583552243217979161e+00	3.409298912610389987e-04	2.007451885463805788e-04	1.857409428938311760e-04	6.059801582939924923e-04
4.680687574645305382e+00	3.124998189014834525e-04	1.825043174174480112e-04	1.674533540358632590e-04	5.576795338522357991e-04
4.779881412687339015e+00	2.864269017219151251e-04	1.659066902970251416e-04	1.509483350516743988e-04	5.132153113215539566e-04
4.881177381527165515e+00	2.624682192515389299e-04	1.507720860825257909e-04	1.360179683204716802e-04	4.722040785030977880e-04
4.984620029838152888e+00	2.404626601471573325e-04	1.369791734984196691e-04	1.225207987458051058e-04	4.343929910784216663e-04
5.090254850375883322e+00	2.202702054265373837e-04	1.244227827274027858e-04	1.103341603699205270e-04	3.995644545657926522e-04
5.198128299985286915e+00	2.017657642700619949e-04	1.130090670614658114e-04	9.934943096235053679e-05	3.675219451050572511e-04
5.308287820031761584e+00	1.847739190188261017e-04	1.026114508230724468e-04	8.942465379100386852e-05	3.379847002838852368e-04
5.420781857265304815e+00	1.691786918420557840e-04	9.314475546602459161e-05	8.046320985545558230e-05	3.107684216443123504e-04
5.535659885126738011e+00	1.548790427065954679e-04	8.453560752377999737e-05	7.238259829608189309e-05	2.857143387084255196e-04
5.652972425505520704e+00	1.417840176300003206e-04	7.671720626679332270e-05	6.510716416370350358e-05	2.626776109754341512e-04
5.772771070958623518e+00	1.297674954215507950e-04	6.960126184315139559e-05	5.854123863599230163e-05	2.414534632845397803e-04
5.895108507400270703e+00	1.187463006015842106e-04	6.312897456311423257e-05	5.262039826661304905e-05	2.219093452284334658e-04
6.020038537272556667e+00	1.086478216619133182e-04	5.724805580752773907e-05	4.728690590557231229e-05	2.039270703630270784e-04
6.147616103207036886e+00	9.940616853927739980e-05	5.191250437180194670e-05	4.249105157607321599e-05	1.874017391356206730e-04
6.277897312187818990e+00	9.093104237945220242e-05	4.706059597070474590e-05	3.816767143855672047e-05	1.721849355369870209e-04
6.410939460226692255e+00	8.316300289877872731e-05	4.265121049175555853e-05	3.427291049817606075e-05	1.581798248565051391e-04
6.546801057561175696e+00	7.605007361944012576e-05	3.864874313451406238e-05	3.076924778104789347e-05	1.453011257364618749e-04
6.685541854386596761e+00	6.954468456819658706e-05	3.502025134215680426e-05	2.762163388999921211e-05	1.334714627661121294e-04
6.827222867133428963e+00	6.358244463098502725e-05	3.172348277862152441e-05	2.478722541945216950e-05	1.225838725611019873e-04
6.971906405301561804e+00	5.812101623472252495e-05	2.873009797554078096e-05	2.223686763727676790e-05	1.125680742841104489e-04
7.119656098863218929e+00	5.312333308403680552e-05	2.601512592703165096e-05	1.994472764250497979e-05	1.033628528872254887e-04
7.270536926246596643e+00	4.855515980793961210e-05	2.355596390830780692e-05	1.788794185541604329e-05	9.491132599120169760e-05
7.424615242912579127e+00	4.437075766039979592e-05	2.132336941575900543e-05	1.603763847321364256e-05	8.713609876399027278e-05
7.581958810536977289e+00	4.054006414155692867e-05	1.929775592938791126e-05	1.437427410950359048e-05	7.998670031609694559e-05
7.742636826811277295e+00	3.703674041172410133e-05	1.746224701481467284e-05	1.288121337259626146e-05	7.341949207149442793e-05
7.906719955874896399e+00	3.383621810565294260e-05	1.580081615894871072e-05	1.154253362502901546e-05	6.739217769559106472e-05
8.074280359392364659e+00	3.090613001970317982e-05	1.429361220594305509e-05	1.033944616858352294e-05	6.184954180780026848e-05
8.245391728289099831e+00	2.822519091123076835e-05	1.292725614330716012e-05	9.259086362122654051e-06	5.675540197190971853e-05
8.420129315159766037e+00	2.577474878024981736e-05	1.169001154642499290e-05	8.290144401727649650e-06	5.207796953960135681e-05
8.598569967363353328e+00	2.353721712502737770e-05	1.057099681588225689e-05	7.422342688470901104e-06	4.778688393031687394e-05
8.780792160819700598e+00	2.148977570607284846e-05	9.556566299440549404e-06	6.643127723228088881e-06	4.384248701437554185e-05
8.966876034522190508e+00	1.961739340412016496e-05	8.637562562260537631e-06	5.943991200848095572e-06	4.021855973454435890e-05
9.156903425781846906e+00	1.790690403985411368e-05	7.806069986938190495e-06	5.317299114425666948e-06	3.689248318005625989e-05
9.350957906218383187e+00	1.634574945169146854e-05	7.054510867554192163e-06	4.757107338018078956e-06	3.384230194161338029e-05
9.549124818513869073e+00	1.491789603020780273e-05	6.373668603225388047e-06	4.254261562192251261e-06	3.103951110932554297e-05
9.751491313945386707e+00	1.361275542313006371e-05	5.757297868169766809e-06	3.803490750018990685e-06	2.846538395728316265e-05
9.958146390713055851e+00	1.242063684160884585e-05	5.199785592326912367e-06	3.399889534634211886e-06	2.610348074595323305e-05
1.016918093308028581e+01	1.133386820725510049e-05	4.696682462316051263e-06	3.039329070454321851e-06	2.393891587364342224e-05
1.038468775134352740e+01	1.033994612655809955e-05	4.240965491499144657e-06	2.715977578232724103e-06	2.195014664252918269e-05
1.060476162264905220e+01	9.431854081844222534e-06	3.828700156931896764e-06	2.426399557179351342e-06	2.012440592453311139e-05
1.082949933267470577e+01	8.603098460106872451e-06	3.456184553177046213e-06	2.167392405845116188e-06	1.844994268353236200e-05
1.105899971819510696e+01	7.847292184306785005e-06	3.119905985495677735e-06	1.936005301384951736e-06	1.691528451424887438e-05
1.129336371054865928e+01	7.156622712754589069e-06	2.815642937962752886e-06	1.728756442041625992e-06	1.550604192748026642e-05
1.153269438002595848e+01	6.525862593483516689e-06	2.540560076185905829e-06	1.543302035569028878e-06	1.421268959502877026e-05
1.177709698119876869e+01	5.950469652237408572e-06	2.292169825379348329e-06	1.377578165340108549e-06	1.302692424710249197e-05
1.202667899920963279e+01	5.425904371557187466e-06	2.068076457685294321e-06	1.229653167673254718e-06	1.194050390585263474e-05
1.228155019704247053e+01	4.946736806324899291e-06	1.865435659459172361e-06	1.097260403710008956e-06	1.094311089764735967e-05
1.254182266379493349e+01	4.509305617778121430e-06	1.682325858417601603e-06	9.784201264970910024e-07	1.002799537038405268e-05
1.280761086397376225e+01	4.110440639418365026e-06	1.517100700786600797e-06	8.731746852335907534e-07	9.189337165495251988e-06
1.307903168783481007e+01	3.746924396172142138e-06	1.368088777889687542e-06	7.788663278102399563e-07	8.421016348721309478e-06
1.335620450278989146e+01	3.414990798663671694e-06	1.233430683564687792e-06	6.940858556704010499e-07	7.715912770847185043e-06
1.363925120590300821e+01	3.112081086136909350e-06	1.111338885062037728e-06	6.187870214229440290e-07	7.069165434268013703e-06
1.392829627749924271e+01	2.835987216531762452e-06	1.002156153236156799e-06	5.519778852377374794e-07	6.476609464242391592e-06
1.422346683590943783e+01	2.584434623775132664e-06	9.032977667239772097e-07	4.916454960809085396e-07	5.933869790960048267e-06
1.452489269337533528e+01	2.354816324087609271e-06	8.135032118235080099e-07	4.380799656446535304e-07	5.435910102323774455e-06
1.483270641313931115e+01	2.145347789242641961e-06	7.329672346092715963e-07	3.901635662477819255e-07	4.979263483679516626e-06
1.514704336774399174e+01	1.954494039735848187e-06	6.607749679933051862e-07	3.475813829348257186e-07	4.561024341753668878e-06
1.546804179856737527e+01	1.780650963976792730e-06	5.948730003874290675e-07	3.095584790801219206e-07	4.178010078042020444e-06
1.579584287661962527e+01	1.622017220313725005e-06	5.357739898690662895e-07	2.757799807256778805e-07	3.826666605960511665e-06
1.613059076462826624e+01	1.477350636774495277e-06	4.825300548546040496e-07	2.454360463496049706e-07	3.504576009250730204e-06
1.647243268043913034e+01	1.345586022137475978e-06	4.345354335392497371e-07	2.185060133615351608e-07	3.209611156571203831e-06
1.682151896176083383e+01	1.225594637675880084e-06	3.912536387417440267e-07	1.944642775390124459e-07	2.939555040433207113e-06
1.717800313228151410e+01	1.116133920607897978e-06	3.522203864519634770e-07	1.730330690342181695e-07	2.691899525393830809e-06
1.754204196918641045e+01	1.015940918866290743e-06	3.170915456021543808e-07	1.539937598243146981e-07	2.464885579032770217e-06
1.791379557210657580e+01	9.254772134843592749e-07	2.852806801023970744e-07	1.370104545240365864e-07	2.257057570784500729e-06
1.829342743352862044e+01	8.427506774779510658e-07	2.568739352730088075e-07	1.218452787337445863e-07	2.066805114478980588e-06
1.868110451069663469e+01	7.668644811115372207e-07	2.311400370239711042e-07	1.083415673477069811e-07	1.892352759325282811e-06
1.907699729903783492e+01	6.981575586783665937e-07	2.078669866586145908e-07	9.647185837338234672e-08	1.732495050656173315e-06
1.948127990714428748e+01	6.359519439978274511e-07	1.870220886614135850e-07	8.555518975934695653e-08	1.586164140120147064e-06
1.989413013334363711e+01	5.785657461555553765e-07	1.683513844423829544e-07	7.614380257606997263e-08	1.452230561657634314e-06
2.031572954389253738e+01	5.266051285085706888e-07	1.514147036101559923e-07	6.775895182421492428e-08	1.329452643599293798e-06
2.074626355282718393e+01	4.793288065984230610e-07	1.362167100845555023e-07	6.030299954311578249e-08	1.216495906244449996e-06
2.118592150350598402e+01	4.362664420299094074e-07	1.223822290249428973e-07	5.344978941980503441e-08	1.114001723108082515e-06
2.163489675188052530e+01	3.970286086385786504e-07	1.100006107983734140e-07	4.754460412091779074e-08	1.019780895384709031e-06
2.209338675153079734e+01	3.612837486235271113e-07	9.901056898560080773e-08	4.228655890534514194e-08	9.334146163081760046e-07
2.256159314050291798e+01	3.286426729000714652e-07	8.913090436114046615e-08	3.761366208435098855e-08	8.538571392308608897e-07
2.303972182998693796e+01	2.990391114481169185e-07	7.993135709877265840e-08	3.332152695949995041e-08	7.819165094360583237e-07
2.352798309487394945e+01	2.722017261155428940e-07	7.192411624165368230e-08	2.962451872756994902e-08	7.151843804568517024e-07
2.402659166623228870e+01	2.476334155448195868e-07	6.471520469383887908e-08	2.633463231370805116e-08	6.546101937772114609e-07
2.453576682574353285e+01	2.251839224516629763e-07	5.823678161251817137e-08	2.341201944522239855e-08	5.989223525079703974e-07
2.505573250213976877e+01	2.048470164444762374e-07	5.220798052319740887e-08	2.073059351677238057e-08	5.480675435409144902e-07
2.558671736968459953e+01	1.864455819418618752e-07	4.696126497525346381e-08	1.842093874590213680e-08	5.014744342313941484e-07
2.612895494874115698e+01	1.695726065724362272e-07	4.223999911468658294e-08	1.636721815550597171e-08	4.588096477339729551e-07
2.668268370847132687e+01	1.542756048820285807e-07	3.799875206990060188e-08	1.454367565749289918e-08	4.198245456290725560e-07
2.724814717171165412e+01	1.401783329101892719e-07	3.405232618858504076e-08	1.287092254320664608e-08	3.840994534628462575e-07
2.782559402207125743e+01	1.275798264628194235e-07	3.061937343566059100e-08	1.143098487458738211e-08	3.513667791884858127e-07
2.841527821329990999e+01	1.160002166580038693e-07	2.753184363407254657e-08	1.015168515578696076e-08	3.214056472916409111e-07
2.901745908097360527e+01	1.056162877810060207e-07	2.475919637053630630e-08	9.016282242646176693e-09	2.940574356755247503e-07
2.963240145654703639e+01	9.581451948311457559e-08	2.217940884846779854e-08	7.974823909143984096e-09	2.689769679287991286e-07
3.026037578382308624e+01	8.720378479822100790e-08	1.993731137547121141e-08	7.079720874749008898e-09	2.459889569493367057e-07
3.090165823789054755e+01	7.936687055448309674e-08	1.792038461068442843e-08	6.283964444525264225e-09	2.249582778534487130e-07
3.155653084658241525e+01	7.224878984190338475e-08	1.611071633049992104e-08	5.578778720293344847e-09	2.057931958083211207e-07
3.222528161450811979e+01	6.552974916335434834e-08	1.442673185219515914e-08	4.931777750928883513e-09	1.881884906735501654e-07
3.290820464971425707e+01	5.962863961736941152e-08	1.296368375517622041e-08	4.375945774893193062e-09	1.720492253439489016e-07
3.360560029302952501e+01	5.425878662055204130e-08	1.164808774337714219e-08	3.882110033948107707e-09	1.572910423257510794e-07
3.431777525015100849e+01	4.938253052178844401e-08	1.046813604191604761e-08	3.444719044945129240e-09	1.439924440078327312e-07
3.504504272652905428e+01	4.477952095243125583e-08	9.370425635901621045e-09	3.043636715022009202e-09	1.315205678356534777e-07
3.578772256511129513e+01	4.073783065346353461e-08	8.416978189010913698e-09	2.699159951871227714e-09	1.201890392646988028e-07
3.654614138700539883e+01	3.706059442658670973e-08	7.560143634076549702e-09	2.393428610782955284e-09	1.099785970788077888e-07
3.732063273512289925e+01	3.372204953075598804e-08	6.791568034391360901e-09	2.122522698519127356e-09	1.006528883702355457e-07
3.811153722086707774e+01	3.057043524022071251e-08	6.077100463239414657e-09	1.874490048539878383e-09	9.178884794726055904e-08
3.891920267392951160e+01	2.780378989584668599e-08	5.456467390118717409e-09	1.661369933354866432e-09	8.396589040942669955e-08
3.974398429526115706e+01	2.528699326161650304e-08	4.899050880317776885e-09	1.472412037011197173e-09	7.680950330141533223e-08
4.058624481328516254e+01	2.300244042715052397e-08	4.399274437229649889e-09	1.305095678610092304e-09	7.027494404492136762e-08
4.144635464342010778e+01	2.084565237801013321e-08	3.934524629719345397e-09	1.151808304932067558e-09	6.406047212495748748e-08
4.232469205098434628e+01	1.895272983128285335e-08	3.531242115098503884e-09	1.020349257162833271e-09	5.858009551606383571e-08
4.322164331755172384e+01	1.723097580492086716e-08	3.168896837068927760e-09	9.036881841202061400e-10	5.356435992679026542e-08
4.413760291083362119e+01	1.566837236771463578e-08	2.844286878196487425e-09	8.005385685617867016e-10	4.898698270074894914e-08
4.507297365816076251e+01	1.419301688680377480e-08	2.542465488706308319e-09	7.060683387548130442e-10	4.463292314307703878e-08
4.602816692364147144e+01	1.289841801131063939e-08	2.280513696761228034e-09	6.250045370247051339e-10	4.079286328777746462e-08
4.700360278907441369e+01	1.172100954737556778e-08	2.045462536169067086e-09	5.532450578825328626e-10	3.728048739753891946e-08
4.799971023869517950e+01	1.065259527041567979e-08	1.834775611678694431e-09	4.897187526343571021e-10	3.407354139320365973e-08
4.901692734783804895e+01	9.643706657167121464e-09	1.638966184824357338e-09	4.315947732464110444e-10	3.102398602249378303e-08
5.005570147559598126e+01	8.758573599755318930e-09	1.469179169579792364e-09	3.818017018559539178e-10	2.833458057566511128e-08
5.111648946156338980e+01	7.953622350056024123e-09	1.316678226707418553e-09	3.376342276506399445e-10	2.587429125029930536e-08
5.219975782674825382e+01	7.223267709969924903e-09	1.180201921528376645e-09	2.986516187616833023e-10	2.362893962402516307e-08
5.330598297874255564e+01	6.533484014374188093e-09	1.053276566026697618e-09	2.629417888206871383e-10	2.149261928373321403e-08
5.443565142123959077e+01	5.928380150570050486e-09	9.432163972772480213e-10	2.323449440794842827e-10	1.960885251655095569e-08
5.558925996799251124e+01	5.378096170297211751e-09	8.445034262608765626e-10	2.052810526562350543e-10	1.788604589329759229e-08
5.676731596130657209e+01	4.878828360498531756e-09	7.560725682790641031e-10	1.813446009691677514e-10	1.631342439326449477e-08
5.797033749516177181e+01	4.407176934527809500e-09	6.739031857054458286e-10	1.594605197403958796e-10	1.481680470454924543e-08
5.919885364306400533e+01	3.993426227667968876e-09	6.026964985372318146e-10	1.407324659301380349e-10	1.349774971568967478e-08
6.045340469072480261e+01	3.617118353892384303e-09	5.387574685781660783e-10	1.241307155583029125e-10	1.229017105251950642e-08
6.173454237367209174e+01	3.275662867904999252e-09	4.815540645892080147e-10	1.094863782678963268e-10	1.118852032398773261e-08
6.304283011989645757e+01	2.952967904065141216e-09	4.283968338000102780e-10	9.610017501200518294e-11	1.013954953522504182e-08
6.437884329763940627e+01	2.669820144190851009e-09	3.822832291277802955e-10	8.462307178675901968e-11	9.214269860595702043e-09
6.574316946843353549e+01	2.412203420501270974e-09	3.409431502070160460e-10	7.448423591206931815e-11	8.367557041829964690e-09
6.713640864550379206e+01	2.178350627830172640e-09	3.039219626136335500e-10	6.552693863383234851e-11	7.594262995146166535e-09
6.855917355764610477e+01	1.957191903645821014e-09	2.694874266895108933e-10	5.732942395523990095e-11	6.857504707679339042e-09
7.001208991869765441e+01	1.762986941852049270e-09	2.396563664596695513e-10	5.032433866246108419e-11	6.207379070593116950e-09
7.149579670271769771e+01	1.586127375330998362e-09	2.128717331254624605e-10	4.412254621664038740e-11	5.611784708563133431e-09
7.301094642500031284e+01	1.425399008695258442e-09	1.888647925152958928e-10	3.863990910695463508e-11	5.066933358146819372e-09
7.455820542904223203e+01	1.273175523017230869e-09	1.665431589601306397e-10	3.363228078492819672e-11	4.547490482950239379e-09
7.613825417959219521e+01	1.139223006768843609e-09	1.471687414079746653e-10	2.934534754706054115e-11	4.087817943382908948e-09
7.775178756191070306e+01	1.016936398653634612e-09	1.297282310176239818e-10	2.553943999508144804e-11	3.665535696031753641e-09
7.939951518737163383e+01	9.054562994917347918e-10	1.140798281877504693e-10	2.217748719196905676e-11	3.278122991277936278e-09
8.108216170554010205e+01	7.994949762338650264e-10	9.949540474803245785e-11	1.910283157717486887e-11	2.907576143602875913e-09
8.280046712286477373e+01	7.056938211456518980e-10	8.675323757475191996e-11	1.645143314097591886e-11	2.577334601119694476e-09
8.455518712812224180e+01	6.194474975292549326e-10	7.523233259512140898e-11	1.409294037476157987e-11	2.271862739812124799e-09
8.634709342475994731e+01	5.400534919630743844e-10	6.482113028143033672e-11	1.199940142068961672e-11	1.988890877611547348e-09
8.817697407028136070e+01	4.637021978714730910e-10	5.499492289323329156e-11	1.005874015825740811e-11	1.714604427319896289e-09
9.004563382282356088e+01	3.946802743271777114e-10	4.626337265859719559e-11	8.362788456800269251e-12	1.465013908335278892e-09
9.195389449507966617e+01	3.293861408507735168e-10	3.817130225194440720e-11	6.821686937810050997e-12	1.227398470083341269e-09
9.390259531572145590e+01	2.665220343142179963e-10	3.054001266366108608e-11	5.396901939721665017e-12	9.968707732755742305e-10
9.589259329848152902e+01	2.017275815949247921e-10	2.285442959093698124e-11	3.993451159827358819e-12	7.572039814048392756e-10
9.792476361905691817e+01	1.330162454932095361e-10	1.490295833575761229e-11	2.575519144999202694e-12	5.009661653652477574e-10
