# Data associated with arXiv:2110.09653
# 
# Scale-free gravitational potential, Phi(r), of a moore dark matter distribution (see Eq. 12 and the surrounding discussion)
# 
# Published: 3/29/22, Jack Runburg, contact: runburg@hawaii.edu
# 
# 
# -----------------------------------------------------------------
# 
# 	 tilde r 		 | 		 tilde Phi
# 
# -----------------------------------------------------------------
1.000000000000000082e-05	1.041666845582674313e-03
1.016902569856036418e-05	1.052195462375713365e-03
1.034090836579813217e-05	1.062830494930215586e-03
1.051569629182590727e-05	1.073573018819507993e-03
1.069343858298338107e-05	1.084424120486894832e-03
1.087418517563349352e-05	1.095384897355487254e-03
1.105798685019213608e-05	1.106456457939163605e-03
1.124489524539464294e-05	1.117639921954632128e-03
1.143496287280373749e-05	1.128936420434641184e-03
1.162824313156251011e-05	1.140347095842323983e-03
1.182479032339672186e-05	1.151873102186693008e-03
1.202465966787094358e-05	1.163515605139318811e-03
1.222790731790219642e-05	1.175275782152164147e-03
1.243459037553620304e-05	1.187154822576629368e-03
1.264476690798990365e-05	1.199153927783781336e-03
1.285849596396550032e-05	1.211274311285812696e-03
1.307583759024001738e-05	1.223517198858717608e-03
1.329685284853523648e-05	1.235883828666203051e-03
1.352160383267306994e-05	1.248375451384868638e-03
1.375015368602047702e-05	1.260993330330624582e-03
1.398256661922970337e-05	1.273738741586415927e-03
1.421890792827791775e-05	1.286612974131204866e-03
1.445924401281218556e-05	1.299617329970284910e-03
1.470364239480425140e-05	1.312753124266891318e-03
1.495217173752060936e-05	1.326021685475141636e-03
1.520490186481353606e-05	1.339424355474334947e-03
1.546190378073772831e-05	1.352962489704582095e-03
1.572324968949899453e-05	1.366637457303829326e-03
1.598901301573965207e-05	1.380450641246244985e-03
1.625926842516730133e-05	1.394403438482023482e-03
1.653409184553174079e-05	1.408497260078577038e-03
1.681356048795696318e-05	1.422733531363177227e-03
1.709775286863338809e-05	1.437113692067020290e-03
1.738674883087671066e-05	1.451639196470745716e-03
1.768062956756000055e-05	1.466311513551442781e-03
1.797947764392438726e-05	1.481132127131112516e-03
1.828337702077590442e-05	1.496102536026658412e-03
1.859241307807381921e-05	1.511224254201362031e-03
1.890667263891824960e-05	1.526498810917914246e-03
1.922624399394281931e-05	1.541927750892973896e-03
1.955121692611963820e-05	1.557512634453285961e-03
1.988168273598394005e-05	1.573255037693392210e-03
2.021773426728446277e-05	1.589156552634910912e-03
2.055946593306806188e-05	1.605218787387445879e-03
2.090697374220454717e-05	1.621443366311099265e-03
2.126035532636048084e-05	1.637831930180643197e-03
2.161970996742848953e-05	1.654386136351337650e-03
2.198513862542019826e-05	1.671107658926413667e-03
2.235674396683105304e-05	1.687998188926273947e-03
2.273463039348393747e-05	1.705059434459366575e-03
2.311890407186101566e-05	1.722293120894815167e-03
2.350967296293065580e-05	1.739700991036762043e-03
2.390704685247916156e-05	1.757284805300494707e-03
2.431113738195477895e-05	1.775046341890338265e-03
2.472205807983296721e-05	1.792987396979333747e-03
2.513992439351238667e-05	1.811109784890756105e-03
2.556485372174920653e-05	1.829415338281427644e-03
2.599696544764047972e-05	1.847905908326920570e-03
2.643638097216418787e-05	1.866583364908587939e-03
2.688322374828698802e-05	1.885449596802516673e-03
2.733761931564792142e-05	1.904506511870365792e-03
2.779969533582839453e-05	1.923756037252127588e-03
2.826958162821882354e-05	1.943200119560855969e-03
2.874741020649071774e-05	1.962840725079328594e-03
2.923331531568612113e-05	1.982679839958722580e-03
2.972743346993304866e-05	2.002719470419264767e-03
3.022990349079926684e-05	2.022961642952935454e-03
3.074086654629380722e-05	2.043408404528195259e-03
3.126046619052763072e-05	2.064061822796774571e-03
3.178884840404535552e-05	2.084923986302577182e-03
3.232616163483768439e-05	2.105997004692647823e-03
3.287255684004812447e-05	2.127283008930312865e-03
3.342818752838356790e-05	2.148784151510425237e-03
3.399320980324275641e-05	2.170502606676821128e-03
3.456778240657304527e-05	2.192440570641942046e-03
3.515206676346841592e-05	2.214600261808671259e-03
3.574622702752206616e-05	2.236983920994434043e-03
3.635043012694450139e-05	2.259593811657518384e-03
3.696484581146223093e-05	2.282432220125715436e-03
3.758964670000808795e-05	2.305501455827228124e-03
3.822500832921870388e-05	2.328803851523944188e-03
3.887110920275097572e-05	2.352341763547033306e-03
3.952813084143210176e-05	2.376117572034922108e-03
4.019625783425803943e-05	2.400133681173690411e-03
4.087567789025284005e-05	2.424392519439854017e-03
4.156658189120576708e-05	2.448896539845635528e-03
4.226916394529853092e-05	2.473648220186662472e-03
4.298362144164019741e-05	2.498650063292205507e-03
4.371015510572303796e-05	2.523904597277908547e-03
4.444896905581571312e-05	2.549414375801064159e-03
4.520027086031053377e-05	2.575181978318494096e-03
4.596427159603870473e-05	2.601210010346978550e-03
4.674118590757267352e-05	2.627501103726361236e-03
4.753123206752940771e-05	2.654057916885255251e-03
4.833463203789430644e-05	2.680883135109470711e-03
4.915161153238073493e-05	2.707979470813116039e-03
4.998240007984356624e-05	2.735349663812428403e-03
5.082723108876559525e-05	2.762996481602397920e-03
5.168634191283236288e-05	2.790922719636122762e-03
5.255997391761710167e-05	2.819131201607036948e-03
5.344837254839108326e-05	2.847624779733922817e-03
5.435178739908172257e-05	2.876406335048844326e-03
5.527047228239525742e-05	2.905478777687944825e-03
5.620468530112457639e-05	2.934845047185179537e-03
5.715468892066349253e-05	2.964508112769024401e-03
5.812075004274504757e-05	2.994470973662136971e-03
5.910314008042789533e-05	3.024736659384078680e-03
6.010213503434843707e-05	3.055308230057028618e-03
6.111801557026345553e-05	3.086188776714637177e-03
6.215106709790228898e-05	3.117381421613932800e-03
6.320157985115178797e-05	3.148889318550390261e-03
6.426984896959787321e-05	3.180715653176189109e-03
6.535617458144342038e-05	3.212863643321624968e-03
6.646086188782971240e-05	3.245336539319815944e-03
6.758422124858115099e-05	3.278137624334608730e-03
6.872656826940111863e-05	3.311270214691850941e-03
6.988822389054047174e-05	3.344737660213946417e-03
7.106951447696465861e-05	3.378543344557777620e-03
7.227077191004629639e-05	3.412690685556073189e-03
7.349233368080552791e-05	3.447183135562139136e-03
7.473454298472863809e-05	3.482024181798128865e-03
7.599774881818697982e-05	3.517217346706740140e-03
7.728230607648789517e-05	3.552766188306516817e-03
7.858857565358148443e-05	3.588674300550678993e-03
7.991692454345255051e-05	3.624945313689560515e-03
8.126772594322802224e-05	3.661582894636727578e-03
8.264135935802465773e-05	3.698590747338717684e-03
8.403821070757165439e-05	3.735972613148556831e-03
8.545867243463269578e-05	3.773732271202969064e-03
8.690314361526321394e-05	3.811873538803429301e-03
8.837203007092955202e-05	3.850400271801013470e-03
8.986574448252320402e-05	3.889316364985099736e-03
9.138470650630395851e-05	3.928625752476012749e-03
9.292934289180014931e-05	3.968332408121629136e-03
9.450008760170456993e-05	4.008440345897851427e-03
9.609738193379394305e-05	4.048953620313215825e-03
9.772167464491231779e-05	4.089876326817555759e-03
9.937342207704681467e-05	4.131212602214680459e-03
1.010530882855375953e-04	4.172966625079307067e-03
1.027611451694522251e-04	4.215142616178083231e-03
1.044980726041651943e-04	4.257744838894887522e-03
1.062643585761784858e-04	4.300777599660390339e-03
1.080604993202192510e-04	4.344245248385889165e-03
1.098869994586575572e-04	4.388152178901560431e-03
1.117443721432778697e-04	4.432502829399030848e-03
1.136331391994486811e-04	4.477301682878446869e-03
1.155538312727281931e-04	4.522553267599995451e-03
1.175069879779481330e-04	4.568262157539957659e-03
1.194931580508180820e-04	4.614432972851345398e-03
1.215128995020904455e-04	4.661070380329123027e-03
1.235667797743341897e-04	4.708179093880138742e-03
1.256553759013554958e-04	4.755763874997720637e-03
1.277792746703147969e-04	4.803829533241039777e-03
1.299390727865835948e-04	4.852380926719295808e-03
1.321353770413874452e-04	4.901422962580718155e-03
1.343688044822834680e-04	4.950960597506495579e-03
1.366399825865173903e-04	5.000998838209609783e-03
1.389495494373137348e-04	5.051542741938717072e-03
1.412981539031428761e-04	5.102597416987022551e-03
1.436864558200198782e-04	5.154168023206268275e-03
1.461151261768842277e-04	5.206259772525873540e-03
1.485848473041125864e-04	5.258877929477241177e-03
1.510963130652191798e-04	5.312027811723340869e-03
1.536502290517936125e-04	5.365714790593541748e-03
1.562473127817378576e-04	5.419944291623857331e-03
1.588882939008491742e-04	5.474721795102512577e-03
1.615739143878149021e-04	5.530052836621039518e-03
1.643049287626683534e-04	5.585943007630821654e-03
1.670821042987704773e-04	5.642397956005220684e-03
1.699062212383743503e-04	5.699423386607334156e-03
1.727780730118311508e-04	5.757025061863371880e-03
1.756984664605053779e-04	5.815208802341838464e-03
1.786682220634525510e-04	5.873980487338388394e-03
1.816881741679340619e-04	5.933346055466636425e-03
1.847591712238235014e-04	5.993311505254765408e-03
1.878820760219775598e-04	6.053882895748129329e-03
1.910577659366365815e-04	6.115066347117884514e-03
1.942871331719188508e-04	6.176868041275619496e-03
1.975710850124866975e-04	6.239294222494212554e-03
2.009105440784431595e-04	6.302351198034765976e-03
2.043064485845435532e-04	6.366045338779887687e-03
2.077597526037827484e-04	6.430383079873207459e-03
2.112714263354412516e-04	6.495370921365292531e-03
2.148424563776607336e-04	6.561015428866002509e-03
2.184738460046266035e-04	6.627323234203307857e-03
2.221666154484372088e-04	6.694301036088705532e-03
2.259218021857336319e-04	6.761955600789195352e-03
2.297404612291798821e-04	6.830293762806013101e-03
2.336236654238643619e-04	6.899322425560037129e-03
2.375725057487147664e-04	6.969048562084074853e-03
2.415880916230062926e-04	7.039479215721968462e-03
2.456715512180506823e-04	7.110621500834693291e-03
2.498240317741551374e-04	7.182482603513447132e-03
2.540466999229345113e-04	7.255069782299810276e-03
2.583407420150777146e-04	7.328390368913076901e-03
2.627073644536481322e-04	7.402451768984775159e-03
2.671477940330213769e-04	7.477261462800499116e-03
2.716632782835508839e-04	7.552827006049118476e-03
2.762550858220584886e-04	7.629156030579227303e-03
2.809245067082517420e-04	7.706256245163484002e-03
2.856728528071605542e-04	7.784135436270082746e-03
2.905014581577071149e-04	7.862801468842160399e-03
2.954116793474984839e-04	7.942262287084786779e-03
3.004048958939589458e-04	8.022525915259764648e-03
3.054825106319022541e-04	8.103600458488314021e-03
3.106459501076553839e-04	8.185494103561683291e-03
3.158966649798455200e-04	8.268215119759779116e-03
3.212361304269563162e-04	8.351771859677821139e-03
3.266658465617811426e-04	8.436172760061299084e-03
3.321873388528732334e-04	8.521426342649006738e-03
3.378021585531251671e-04	8.607541215024527501e-03
3.435118831355896260e-04	8.694526071476050069e-03
3.493181167366675791e-04	8.782389693864659994e-03
3.552224906067888996e-04	8.871140952501266677e-03
3.612266635687054364e-04	8.960788807032027056e-03
3.673323224835388411e-04	9.051342307332651063e-03
3.735411827246973185e-04	9.142810594411370298e-03
3.798549886598084251e-04	9.235202901320896038e-03
3.862755141407951480e-04	9.328528554079255561e-03
3.928045630022363724e-04	9.422796972599760054e-03
3.994439695681523583e-04	9.518017671630055535e-03
4.061955991673505371e-04	9.614200261700378211e-03
4.130613486574917070e-04	9.711354450081225928e-03
4.200431469580040238e-04	9.809490041750254866e-03
4.271429555920115370e-04	9.908616940368803958e-03
4.343627692374198417e-04	1.000874514926791865e-02
4.417046162873167637e-04	1.010988477244401280e-02
4.491705594198478857e-04	1.021204601556437337e-02
4.567626961777168084e-04	1.031523918698233795e-02
4.644831595574927248e-04	1.041947469876259615e-02
4.723341186088662533e-04	1.052476306771633029e-02
4.803177790440425624e-04	1.063111491644658062e-02
4.884363838574312710e-04	1.073854097440376902e-02
4.966922139558113680e-04	1.084705207895150618e-02
5.050875887991499369e-04	1.095665917644285565e-02
5.136248670522445235e-04	1.106737332330694733e-02
5.223064472473935762e-04	1.117920568714635653e-02
5.311347684582509721e-04	1.129216754784496089e-02
5.401123109850867847e-04	1.140627029868674681e-02
5.492415970516181150e-04	1.152152544748535380e-02
5.585251915136241153e-04	1.163794461772464477e-02
5.679657025795404723e-04	1.175553954971036465e-02
5.775657825432239500e-04	1.187432210173287352e-02
5.873281285291183634e-04	1.199430425124128376e-02
5.972554832499969713e-04	1.211549809602879314e-02
6.073506357775315233e-04	1.223791585542967873e-02
6.176164223258701069e-04	1.236156987152766708e-02
6.280557270484683893e-04	1.248647261037611790e-02
6.386714828483902292e-04	1.261263666322994838e-02
6.494666722022935214e-04	1.274007474778933620e-02
6.604443279983617009e-04	1.286879970945561773e-02
6.716075343883770371e-04	1.299882452259901004e-02
6.829594276542177208e-04	1.313016229183880217e-02
6.945031970889825731e-04	1.326282625333560609e-02
7.062420858930204982e-04	1.339682977609617763e-02
7.181793920851009278e-04	1.353218636329067519e-02
7.303184694289851413e-04	1.366890965358258207e-02
7.426627283756636558e-04	1.380701342247135817e-02
7.552156370215079703e-04	1.394651158364785225e-02
7.679807220826359018e-04	1.408741819036284960e-02
7.809615698857278474e-04	1.422974743680847746e-02
7.941618273756021005e-04	1.437351365951292266e-02
8.075852031398165869e-04	1.451873133874838871e-02
8.212354684505887787e-04	1.466541509995245539e-02
8.351164583243314002e-04	1.481357971516298298e-02
8.492320725990840828e-04	1.496324010446652315e-02
8.635862770301777234e-04	1.511441133746069775e-02
8.781831044043956558e-04	1.526710863473014143e-02
8.930266556729828109e-04	1.542134736933668988e-02
9.081211011037989590e-04	1.557714306832349779e-02
9.234706814529467173e-04	1.573451141423340763e-02
9.390797091562086895e-04	1.589346824664149629e-02
9.549525695406079406e-04	1.605402956370229409e-02
9.710937220564705170e-04	1.621621152371148511e-02
9.875077015302894702e-04	1.638003044668210825e-02
1.004199119438780371e-03	1.654550281593576699e-02
1.021172665204465608e-03	1.671264527970858435e-02
1.038433107513160114e-03	1.688147465277230891e-02
1.055985295653722377e-03	1.705200791807045743e-02
1.073834160880457900e-03	1.722426222836982712e-02
1.091984717798539194e-03	1.739825490792726650e-02
1.110442065772854507e-03	1.757400345417208312e-02
1.129211390360662605e-03	1.775152553940396657e-02
1.148297964768467102e-03	1.793083901250676349e-02
1.167707151333511727e-03	1.811196190067800721e-02
1.187444403030319794e-03	1.829491241117450068e-02
1.207515265002700490e-03	1.847970893307407034e-02
1.227925376121640280e-03	1.866637003905337322e-02
1.248680470569537605e-03	1.885491448718223592e-02
1.269786379451208914e-03	1.904536122273438672e-02
1.291249032432127903e-03	1.923772938001478208e-02
1.313074459404352896e-03	1.943203828416184553e-02
1.335268792180613557e-03	1.962830745316620357e-02
1.357838266217031810e-03	1.982655659952398119e-02
1.380789222364966172e-03	2.002680563227432486e-02
1.404128108652453718e-03	2.022907465887743145e-02
1.427861482095777682e-03	2.043338398714403259e-02
1.451996010541646868e-03	2.063975412718238242e-02
1.476538474540514635e-03	2.084820579336266883e-02
1.501495769251562883e-03	2.105875990629922645e-02
1.526874906379880551e-03	2.127143759485048899e-02
1.552683016146397385e-03	2.148626019813698954e-02
1.578927349291094897e-03	2.170324926757720777e-02
1.605615279110095620e-03	2.192242656894179478e-02
1.632754303527175332e-03	2.214381408442597787e-02
1.660352047200289172e-03	2.236743401474038453e-02
1.688416263663707062e-03	2.259330878122040379e-02
1.716954837506350865e-03	2.282146102795417839e-02
1.745975786586963620e-03	2.305191362392942575e-02
1.775487264286699802e-03	2.328468966519896960e-02
1.805497561799810540e-03	2.351981247706544029e-02
1.836015110463037458e-03	2.375730561628497731e-02
1.867048484124379315e-03	2.399719287329018028e-02
1.898606401551900620e-03	2.423949827443236740e-02
1.930697728883249645e-03	2.448424608424331836e-02
1.963331482116591892e-03	2.473146080771655361e-02
1.996516829643624896e-03	2.498116719260818838e-02
2.030263094825430960e-03	2.523339023175771509e-02
2.064579758611852570e-03	2.548815516542848880e-02
2.099476462205150749e-03	2.574548748366835976e-02
2.134963009768679927e-03	2.600541292869023094e-02
2.171049371181348660e-03	2.626795749727290144e-02
2.207745684838647703e-03	2.653314744318220619e-02
2.245062260500998302e-03	2.680100927961241025e-02
2.283009582190270292e-03	2.707156978164823938e-02
2.321598311135244109e-03	2.734485598874738035e-02
2.360839288766866315e-03	2.762089520724373207e-02
2.400743539764126078e-03	2.789971501287133795e-02
2.441322275151419988e-03	2.818134325330917678e-02
2.482586895448264750e-03	2.846580805070887329e-02
2.524548993872262424e-03	2.875313780442561098e-02
2.567220359596177753e-03	2.904336119342027997e-02
2.610612981060093842e-03	2.933650717901945329e-02
2.654739049339540410e-03	2.963260500753428853e-02
2.699610961570552640e-03	2.993168421293214421e-02
2.745241324432623389e-03	3.023377461952966513e-02
2.791642957690524101e-03	3.053890634470709381e-02
2.838828897796003177e-03	3.084710980164445324e-02
2.886812401550338004e-03	3.115841570207902173e-02
2.935606949828818354e-03	3.147285505908460623e-02
2.985226251368169013e-03	3.179045918987222913e-02
3.035684246617996723e-03	3.211125971861326922e-02
3.086995111657330013e-03	3.243528857928351661e-02
3.139173262177360861e-03	3.276257801852958118e-02
3.192233357531519197e-03	3.309316059855721415e-02
3.246190304853968818e-03	3.342706920004107074e-02
3.301059263247754609e-03	3.376433702505692025e-02
3.356855648043719550e-03	3.410499760003556091e-02
3.413595135131412741e-03	3.444908477873867558e-02
3.471293665363201029e-03	3.479663274525676003e-02
3.529967449032819348e-03	3.514767601702906141e-02
3.589632970429635240e-03	3.550224944788547138e-02
3.650306992469857896e-03	3.586038823111027674e-02
3.712006561406061729e-03	3.622212790252814230e-02
3.774749011616297320e-03	3.658750434361195125e-02
3.838551970474150202e-03	3.695655378461252388e-02
3.903433363301120080e-03	3.732931280771031868e-02
3.969411418402700453e-03	3.770581835018901873e-02
4.036504672189604979e-03	3.808610770763097564e-02
4.104731974385511864e-03	3.847021853713435136e-02
4.174112493322873658e-03	3.885818886055211752e-02
4.244665721328222743e-03	3.925005706775260006e-02
4.316411480198500787e-03	3.964586191990177033e-02
4.389369926769958255e-03	4.004564255276689411e-02
4.463561558581177410e-03	4.044943848004171894e-02
4.539007219631814756e-03	4.085728959669294308e-02
4.615728106238700494e-03	4.126923618232801461e-02
4.693745772990876204e-03	4.168531890458374023e-02
4.773082138805334954e-03	4.210557882253626594e-02
4.853759493085097083e-03	4.253005739009322467e-02
4.935800501981372872e-03	4.295879645959065074e-02
5.019228214761578891e-03	4.339183828505704943e-02
5.104066070284974874e-03	4.382922552583794901e-02
5.190337903587798063e-03	4.427100125007674136e-02
5.278067952579629761e-03	4.471720893824692594e-02
5.367280864853020243e-03	4.516789248670465690e-02
5.458001704608171807e-03	4.562309621126026810e-02
5.550255959694683563e-03	4.608286485076976136e-02
5.644069548772311269e-03	4.654724357074492558e-02
5.739468828592763153e-03	4.701627796698264194e-02
5.836480601404602127e-03	4.749001406921262575e-02
5.935132122483251921e-03	4.796849834476354241e-02
6.035451107788337120e-03	4.845177770224700503e-02
6.137465741750428375e-03	4.893989949525958533e-02
6.241204685189401941e-03	4.943291152610185951e-02
6.346697083366644419e-03	4.993086204951479451e-02
6.453972574173352621e-03	5.043379977643245443e-02
6.563061296457267831e-03	5.094177387775151306e-02
6.673993898490092683e-03	5.145483398811601800e-02
6.786801546578089504e-03	5.197303020971821841e-02
6.901515933818189001e-03	5.249641311611418643e-02
7.018169289002107285e-03	5.302503375605401720e-02
7.136794385670962304e-03	5.355894365732634388e-02
7.257424551322942327e-03	5.409819483061633488e-02
7.380093676776592997e-03	5.464283977337690973e-02
7.504836225692410046e-03	5.519293147371263225e-02
7.631687244255296390e-03	5.574852341427542074e-02
7.760682371020751966e-03	5.630966957675744705e-02
7.891857846927448697e-03	5.687642444802160774e-02
8.025250525479058969e-03	5.744884301359635265e-02
8.160897883098169533e-03	5.802698077019746020e-02
8.298838029655216872e-03	5.861089374085742820e-02
8.439109719175405186e-03	5.920063845392541796e-02
8.581752360726531761e-03	5.979627195711450377e-02
8.726806029490927208e-03	6.039785184361740750e-02
8.874311478024487360e-03	6.100543621040917935e-02
9.024310147706032098e-03	6.161908371657597028e-02
9.176844180380181251e-03	6.223885352953731354e-02
9.331956430197019259e-03	6.286480538128369489e-02
9.489690475651922641e-03	6.349699955152302011e-02
9.650090631828802876e-03	6.413549684334528267e-02
9.813201962850383320e-03	6.478035864926516563e-02
9.979070294538865127e-03	6.543164688376136573e-02
1.014774222729061814e-02	6.608942405012151189e-02
1.031926514916845991e-02	6.675375321891525993e-02
1.049368724921524200e-02	6.742469800121284051e-02
1.067105753099251327e-02	6.810232261076847038e-02
1.085142582634790812e-02	6.878669184032880357e-02
1.103484280941536416e-02	6.947787103388781971e-02
1.122136001085190064e-02	7.017592615118192767e-02
1.141102983231507065e-02	7.088092374256964312e-02
1.160390556118510476e-02	7.159293092114656087e-02
1.180004138553588516e-02	7.231201542792477233e-02
1.199949240935904021e-02	7.303824560606560212e-02
1.220231466804522213e-02	7.377169037362427129e-02
1.240856514412720830e-02	7.451241928786515867e-02
1.261830178328901021e-02	7.526050250953809917e-02
1.283158351064561664e-02	7.601601082722464486e-02
1.304847024729788307e-02	7.677901561884738213e-02
1.326902292716726148e-02	7.754958892723919084e-02
1.349330351411505598e-02	7.832780338610355331e-02
1.372137501935110325e-02	7.911373228826142079e-02
1.395330151913657356e-02	7.990744956228891527e-02
1.418914817278613301e-02	8.070902975123427081e-02
1.442898124097431733e-02	8.151854807304635686e-02
1.467286810435134044e-02	8.233608036393318119e-02
1.492087728247356443e-02	8.316170313612826492e-02
1.517307845305392207e-02	8.399549353682124464e-02
1.542954247153780281e-02	8.483752937881998413e-02
1.569034139100966910e-02	8.568788914086079844e-02
1.595554848243628532e-02	8.654665195494129493e-02
1.622523825525205854e-02	8.741389762121469509e-02
1.649948647829230924e-02	8.828970662938236125e-02
1.677837020108039270e-02	8.917416012408208026e-02
1.706196777547459506e-02	9.006733992343447792e-02
1.735035887768101442e-02	9.096932855575559640e-02
1.764362453063833894e-02	9.188020919343720117e-02
1.794184712678114843e-02	9.280006573831686700e-02
1.824511045118791530e-02	9.372898273717930606e-02
1.855349970512023758e-02	9.466704546375194484e-02
1.886710152996000367e-02	9.561433988995095279e-02
1.918600403155108769e-02	9.657095264586794403e-02
1.951029680495259405e-02	9.753697111612712189e-02
1.984007095961033348e-02	9.851248333464597551e-02
2.017541914495388569e-02	9.949757808199879983e-02
2.051643557642630553e-02	1.004923448492904686e-01
2.086321606195374462e-02	1.014968737941113475e-01
2.121585802886252412e-02	1.025112558305450450e-01
2.157446055125112477e-02	1.035355825895467041e-01
2.193912437782497352e-02	1.045699463732316509e-01
2.230995196020145455e-02	1.056144402479818889e-01
2.268704748169360005e-02	1.066691580024408670e-01
2.307051688658016617e-02	1.077341941013587046e-01
2.346046790987047978e-02	1.088096437793274196e-01
2.385701010757239338e-02	1.098956029818622671e-01
2.426025488747183059e-02	1.109921683983964291e-01
2.467031554043257191e-02	1.120994373973847325e-01
2.508730727222522119e-02	1.132175081247818738e-01
2.551134723589388795e-02	1.143464794572935650e-01
2.594255456467021298e-02	1.154864509553489293e-01
2.638105040544361582e-02	1.166375229714209927e-01
2.682695795279727360e-02	1.177997965337530817e-01
2.728040248361941061e-02	1.189733734434141321e-01
2.774151139229957819e-02	1.201583562338069955e-01
2.821041422651998296e-02	1.213548481332446666e-01
2.868724272365149111e-02	1.225629531498016872e-01
2.917213084776511603e-02	1.237827759806593569e-01
2.966521482726893269e-02	1.250144220926690530e-01
3.016663319318120540e-02	1.262579976500004253e-01
3.067652681805041123e-02	1.275136095774784262e-01
3.119503895553308453e-02	1.287813655056647966e-01
3.172231528064078931e-02	1.300613737986376639e-01
3.225850393066707206e-02	1.313537435413102694e-01
3.280375554680643041e-02	1.326585845637174577e-01
3.335822331647670530e-02	1.339760073950563846e-01
3.392206301635675159e-02	1.353061232791934465e-01
3.449543305615163091e-02	1.366490442110036008e-01
3.507849452309746291e-02	1.380048828534250482e-01
3.567141122721874391e-02	1.393737526297853246e-01
3.627434974735024853e-02	1.407557676192407181e-01
3.688747947793717674e-02	1.421510426447803455e-01
3.751097267662616142e-02	1.435596932328169484e-01
3.814500451266075037e-02	1.449818355596148578e-01
3.878975311609485915e-02	1.464175865388401832e-01
3.944539962783806530e-02	1.478670637740079619e-01
4.011212825054691344e-02	1.493303854994643132e-01
4.079012630037611581e-02	1.508076706941217093e-01
4.147958425960481671e-02	1.522990389404032807e-01
4.218069583015218033e-02	1.538046105360352245e-01
4.289365798799760210e-02	1.553245064394518371e-01
4.361867103852071215e-02	1.568588482079958657e-01
4.435593867277683178e-02	1.584077580961731069e-01
4.510566802472350950e-02	1.599713589792609858e-01
4.586806972941463723e-02	1.615497743821836252e-01
4.664335798217766893e-02	1.631431283939683563e-01
4.743175059879158745e-02	1.647515457732482702e-01
4.823346907668181471e-02	1.663751518839721721e-01
4.904873865714945436e-02	1.680140726281855457e-01
4.987778838865244979e-02	1.696684345486005330e-01
5.072085119115625484e-02	1.713383647633941187e-01
5.157816392157245355e-02	1.730239909004646637e-01
5.244996744030298863e-02	1.747254411942125163e-01
5.333650667890960095e-02	1.764428444207287727e-01
5.423803070892688205e-02	1.781763298346776270e-01
5.515479281183843091e-02	1.799260272725466125e-01
5.608705055023580077e-02	1.816920670153100992e-01
5.703506584018021297e-02	1.834745798770075487e-01
5.799910502478755614e-02	1.852736971475728578e-01
5.897943894905668949e-02	1.870895505409643778e-01
5.997634303596301869e-02	1.889222722654960995e-01
6.099009736383805003e-02	1.907719949278507687e-01
6.202098674505685666e-02	1.926388515596165474e-01
6.306930080605555045e-02	1.945229755975158292e-01
6.413533406870128295e-02	1.964245008563779704e-01
6.521938603303781279e-02	1.983435615135717145e-01
6.632176126142910744e-02	2.002802920806429909e-01
6.744276946412586238e-02	2.022348274277725733e-01
6.858272558627788451e-02	2.042073027010248287e-01
6.974194989641739617e-02	2.061978533289346716e-01
7.092076807643786507e-02	2.082066150319406561e-01
7.211951131309368712e-02	2.102337237781221613e-01
7.333851639104646547e-02	2.122793157118551821e-01
7.457812578748428123e-02	2.143435272381740975e-01
7.583868776833958825e-02	2.164264948743302996e-01
7.712055648613416747e-02	2.185283553371073217e-01
7.842409207947753647e-02	2.206492454728505859e-01
7.974966077424722188e-02	2.227893021750207980e-01
8.109763498647923341e-02	2.249486624649305877e-01
8.246839342699753550e-02	2.271274634144140603e-01
8.386232120781254851e-02	2.293258420576455570e-01
8.527980995031705924e-02	2.315439354772372560e-01
8.672125789531190398e-02	2.337818807205139793e-01
8.818707001489085873e-02	2.360398147073544117e-01
8.967765812621682209e-02	2.383178743183575476e-01
9.119344100722104329e-02	2.406161963061771991e-01
9.273484451425793862e-02	2.429349172009449553e-01
9.430230170174896953e-02	2.452741733972551297e-01
9.589625294384790388e-02	2.476341010620469463e-01
9.751714605816352854e-02	2.500148360390546665e-01
9.916543643157306465e-02	2.524165139315454054e-01
1.008415871481621734e-01	2.548392700081391626e-01
1.025460691193275653e-01	2.572832391077163883e-01
1.042793612160791694e-01	2.597485557149308288e-01
1.060419504035768068e-01	2.622353538653670046e-01
1.078343318779438342e-01	2.647437670521448627e-01
1.096570092053898021e-01	2.672739282915543857e-01
1.115104944636879369e-01	2.698259700288471175e-01
1.133953083860418237e-01	2.724000240474749313e-01
1.153119805073836990e-01	2.749962215364414875e-01
1.172610493131479026e-01	2.776146929291407051e-01
1.192430623905555293e-01	2.802555679638559227e-01
1.212585765824598510e-01	2.829189755513636939e-01
1.233081581437884267e-01	2.856050437838184575e-01
1.253923829006330093e-01	2.883138998629234395e-01
1.275118364120260972e-01	2.910456700624676207e-01
1.296671141344518663e-01	2.938004796709139388e-01
1.318588215891403626e-01	2.965784529334119513e-01
1.340875745321854495e-01	2.993797130448813126e-01
1.363539991275424801e-01	3.022043820210488230e-01
1.386587321229457159e-01	3.050525807390570554e-01
1.410024210288032542e-01	3.079244287824031701e-01
1.433857243001131487e-01	3.108200444957265884e-01
1.458093115214542101e-01	3.137395448136743870e-01
1.482738635951064698e-01	3.166830453265643275e-01
1.507800729323471867e-01	3.196506600969850065e-01
1.533286436479847636e-01	3.226425017149116559e-01
1.559202917581761494e-01	3.256586811935096026e-01
1.585557453815923112e-01	3.286993078522051914e-01
1.612357449439809631e-01	3.317644893648475368e-01
1.639610433861866667e-01	3.348543316478405085e-01
1.667324063756906449e-01	3.379689387372720732e-01
1.695506125217208226e-01	3.411084128424029527e-01
1.724164535940033438e-01	3.442728542273318371e-01
1.753307347452060516e-01	3.474623610841750532e-01
1.782942747371474568e-01	3.506770295887822741e-01
1.813079061708234574e-01	3.539169537776366559e-01
1.843724757203275000e-01	3.571822254189220280e-01
1.874888443707211083e-01	3.604729340674240889e-01
1.906578876599247796e-01	3.637891669384475390e-01
1.938804959247014126e-01	3.671310087784973031e-01
1.971575745507916644e-01	3.704985419165511829e-01
2.004900442272835592e-01	3.738918461366936841e-01
2.038788412052750798e-01	3.773109985501548747e-01
2.073249175609150063e-01	3.807560736402631485e-01
2.108292414628857858e-01	3.842271431355222533e-01
2.143927974444073958e-01	3.877242758845924619e-01
2.180165866798430274e-01	3.912475378925810432e-01
2.217016272659736997e-01	3.947969921962145023e-01
2.254489545080342605e-01	3.983726987430689093e-01
2.292596212105766917e-01	4.019747144312824094e-01
2.331346979732569213e-01	4.056030929188647605e-01
2.370752734916163618e-01	4.092578846578205365e-01
2.410824548629473540e-01	4.129391367339831365e-01
2.451573678973335835e-01	4.166468928472560895e-01
2.493011574339402958e-01	4.203811932308534893e-01
2.535149876626587306e-01	4.241420745560191552e-01
2.578000424511790456e-01	4.279295698746770626e-01
2.621575256775992568e-01	4.317437085727655055e-01
2.665886615686511307e-01	4.355845162449575314e-01
2.710946950436425307e-01	4.394520146439536701e-01
2.756768920642191367e-01	4.433462216553129553e-01
2.803365399900296095e-01	4.472671511293696001e-01
2.850749479404112718e-01	4.512148129247158801e-01
2.898934471621800180e-01	4.551892127155757195e-01
2.947933914036459657e-01	4.591903520315639975e-01
2.997761572949446118e-01	4.632182281439494176e-01
3.048431447347966228e-01	4.672728339369768280e-01
3.099957772838110026e-01	4.713541579695622596e-01
3.152355025644269504e-01	4.754621842577416713e-01
3.205637926676255800e-01	4.795968923393507111e-01
3.259821445665060935e-01	4.837582571544174481e-01
3.314920805368620771e-01	4.879462489157279093e-01
3.370951485848599494e-01	4.921608331666910696e-01
3.427929228819465157e-01	4.964019706619345884e-01
3.485870042071142483e-01	5.006696172452540505e-01
3.544790203966314834e-01	5.049637238054429655e-01
3.604706268013856407e-01	5.092842364484444495e-01
3.665635067519453227e-01	5.136310961142122045e-01
3.727593720314937853e-01	5.180042384797318711e-01
3.790599633567491855e-01	5.224035944910558893e-01
3.854670508670132723e-01	5.268290895712127719e-01
3.919824346214941246e-01	5.312806432883478980e-01
3.986079451050231759e-01	5.357581725715131471e-01
4.053454437423328338e-01	5.402615854479909663e-01
4.121968234210137139e-01	5.447907856774488744e-01
4.191640090233237359e-01	5.493456732189072600e-01
4.262489579669776485e-01	5.539261406032549573e-01
4.334536607550772414e-01	5.585320761591030525e-01
4.407801415353455599e-01	5.631633618264589858e-01
4.482304586688004022e-01	5.678198736729884732e-01
4.558067053080539499e-01	5.725014834171884281e-01
4.635110099853732013e-01	5.772080562238302015e-01
4.713455372106929997e-01	5.819394507540208705e-01
4.793124880797287601e-01	5.866955219729051985e-01
4.874141008923670304e-01	5.914761177165200889e-01
4.956526517815184607e-01	5.962810795090912608e-01
5.040304553525852826e-01	6.011102449001657355e-01
5.125498653337533517e-01	6.059634442651457009e-01
5.212132752372591327e-01	6.108405019802128910e-01
5.300231190318516195e-01	6.157412378740261261e-01
5.389818718266018438e-01	6.206654648094844795e-01
5.480920505662881803e-01	6.256129897926465677e-01
5.573562147385243692e-01	6.305836149958943260e-01
5.667769670928383130e-01	6.355771357163484403e-01
5.763569543719186949e-01	6.405933414547990701e-01
5.860988680552025043e-01	6.456320168270817117e-01
5.960054451150506027e-01	6.506929395987104403e-01
6.060794687856858598e-01	6.557758817393090078e-01
6.163237693451454335e-01	6.608806104038440488e-01
6.267412249104387101e-01	6.660068861681180952e-01
6.373347622461452699e-01	6.711544631426887841e-01
6.481073575866924674e-01	6.763230916289667549e-01
6.590620374725127961e-01	6.815125144387533807e-01
6.702018796003550438e-01	6.867224699039694569e-01
6.815300136879469672e-01	6.919526896767422830e-01
6.930496223532930378e-01	6.972029007193690786e-01
7.047639420088206430e-01	7.024728238735223895e-01
7.166762637706404204e-01	7.077621747209847936e-01
7.287899343831883980e-01	7.130706632085780372e-01
7.411083571594764274e-01	7.183979939651852220e-01
7.536349929372584411e-01	7.237438665794481141e-01
7.663733610513340233e-01	7.291079744836506116e-01
7.793270403223097054e-01	7.344900069899745754e-01
7.924996700620573487e-01	7.398896469922483510e-01
8.058949510961670448e-01	7.453065737245213596e-01
8.195166468036988450e-01	7.507404598038600607e-01
8.333685841744831180e-01	7.561909745484938217e-01
8.474546548843202576e-01	7.616577809968455570e-01
8.617788163883257635e-01	7.671405381449871719e-01
8.763450930327818522e-01	7.726389002775700954e-01
8.911575771857650485e-01	7.781525162648930127e-01
9.062204303868837130e-01	7.836810320907798832e-01
9.215378845164673427e-01	7.892240876804116345e-01
9.371142429844909749e-01	7.947813187840191418e-01
9.529538819396250471e-01	8.003523584015236336e-01
9.690612514986907122e-01	8.059368337968595419e-01
9.854408769969253967e-01	8.115343683043027001e-01
1.002097360259361913e+00	8.171445828695996783e-01
1.019035380893695386e+00	8.227670929401742494e-01
1.036259697605026009e+00	8.284015105241361310e-01
1.053775149532790278e+00	8.340474453493174067e-01
1.071586657610325677e+00	8.397045022198892372e-01
1.089699225947380778e+00	8.453722825636817984e-01
1.108117943236025305e+00	8.510503866498664305e-01
1.126847984180302076e+00	8.567384090270355745e-01
1.145894610950043413e+00	8.624359416674503009e-01
1.165263174659284751e+00	8.681425771851263296e-01
1.184959116869630069e+00	8.738579003618188734e-01
1.204987971119068746e+00	8.795814958904550895e-01
1.225355364476592435e+00	8.853129473321522669e-01
1.246067019123127118e+00	8.910518335453000427e-01
1.267128753959161580e+00	8.967977319546496240e-01
1.288546486239548816e+00	9.025502191072268809e-01
1.310326233235965754e+00	9.083088678844282171e-01
1.332474113927433867e+00	9.140732512792200115e-01
1.354996350719455345e+00	9.198429387770493681e-01
1.377899271192165376e+00	9.256174999239180634e-01
1.401189309878072775e+00	9.313965019642796994e-01
1.424873010069821255e+00	9.371795115038216162e-01
1.448957025658507369e+00	9.429660939520484453e-01
1.473448123003098242e+00	9.487558139045477734e-01
1.498353182831403840e+00	9.545482350017815421e-01
1.523679202173229497e+00	9.603429202947888488e-01
1.549433296326152343e+00	9.661394329826853422e-01
1.575622700854574010e+00	9.719373347069190094e-01
1.602254773622528550e+00	9.777361886835876925e-01
1.629336996860851317e+00	9.835355560556163779e-01
1.656876979269319872e+00	9.893350003723808683e-01
1.684882458154278284e+00	9.951340835615284375e-01
1.713361301602444930e+00	1.000932368337805078e+00
1.742321510691409836e+00	1.006729419145920179e+00
1.771771221737550084e+00	1.012524799701786105e+00
1.801718708581883988e+00	1.018318075344905038e+00
1.832172384914617203e+00	1.024108812413959679e+00
1.863140806638941216e+00	1.029896577214790332e+00
1.894632674274788098e+00	1.035680940134498185e+00
1.926656835403250945e+00	1.041461469626986380e+00
1.959222287152264430e+00	1.047237736491455795e+00
1.992338178724363251e+00	1.053009316510970406e+00
2.026013813967100230e+00	1.058775782342549876e+00
2.060258653986974053e+00	1.064536711272182634e+00
2.095082319807497040e+00	1.070291682412850776e+00
2.130494595072189856e+00	1.076040277083330166e+00
2.166505428793310539e+00	1.081782078640099787e+00
2.203124938146971523e+00	1.087516672105243387e+00
2.240363411315581477e+00	1.093243647150949904e+00
2.278231310378250996e+00	1.098962594388670722e+00
2.316739274250128933e+00	1.104673107118716135e+00
2.355898121671370138e+00	1.110374783170278157e+00
2.395718854246625451e+00	1.116067222008473081e+00
2.436212659535957670e+00	1.121750025860634326e+00
2.477390914197924676e+00	1.127422802107121980e+00
2.519265187185870225e+00	1.133085159153801147e+00
2.561847242998160024e+00	1.138736711468413931e+00
2.605149044983431139e+00	1.144377074673942341e+00
2.649182758701655427e+00	1.150005868583697355e+00
2.693960755342017954e+00	1.155622717992936588e+00
2.739495615198612732e+00	1.161227250419090140e+00
2.785800131204812846e+00	1.166819097532590721e+00
2.832887312527463397e+00	1.172397895059946071e+00
2.880770388221738365e+00	1.177963282997245287e+00
2.929462810947857765e+00	1.183514905437503595e+00
2.978978260750571039e+00	1.189052410268268467e+00
3.029330648902521350e+00	1.194575450576238040e+00
3.080534121812634751e+00	1.200083683223621689e+00
3.132603065000477027e+00	1.205576769675733573e+00
3.185552107137887834e+00	1.211054376051443393e+00
3.239396124158830492e+00	1.216516173323591854e+00
3.294150243438799031e+00	1.221961835957866338e+00
3.349829848044809655e+00	1.227391045126887681e+00
3.406450581057223204e+00	1.232803484792073467e+00
3.464028349964686004e+00	1.238198845471548237e+00
3.522579331133254943e+00	1.243576821389785314e+00
3.582119974351172242e+00	1.248937111645032960e+00
3.642667007450346439e+00	1.254279421651222526e+00
3.704237441006055231e+00	1.259603460558011534e+00
3.766848573116013732e+00	1.264908942335550179e+00
3.830517994260218551e+00	1.270195587806989490e+00
3.895263592243014550e+00	1.275463121312608639e+00
3.961103557218577542e+00	1.280711272290183667e+00
4.028056386801467603e+00	1.285939776971963822e+00
4.096140891263432948e+00	1.291148375372333623e+00
4.165376198818180775e+00	1.296336812296914998e+00
4.235781760995385170e+00	1.301504839998883112e+00
4.307377358105535237e+00	1.306652214041903903e+00
4.380183104797232829e+00	1.311778695224309566e+00
4.454219455708298803e+00	1.316884051597329686e+00
4.529507211212534301e+00	1.321968054507915546e+00
4.606067523263474683e+00	1.327030480779820110e+00
4.683921901337057214e+00	1.332071114455205985e+00
4.763092218474635153e+00	1.337089742749555166e+00
4.843600717428146574e+00	1.342086158484328884e+00
4.925470016909234694e+00	1.347060161547549040e+00
5.008723117943856273e+00	1.352011555282339295e+00
5.093383410334457295e+00	1.356940148450260342e+00
5.179474679231212519e+00	1.361845756657106055e+00
5.267021111814501388e+00	1.366728198823603524e+00
5.356047304090164829e+00	1.371587301051533148e+00
5.446578267799784712e+00	1.376422892765985173e+00
5.538639437447652192e+00	1.381234810266153357e+00
5.632256677446509485e+00	1.386022894130451322e+00
5.727456289384188715e+00	1.390786990524373046e+00
5.824265019412900202e+00	1.395526950550732836e+00
5.922710065763608256e+00	1.400242630599393800e+00
6.022819086387228182e+00	1.404933892595740419e+00
6.124620206725158056e+00	1.409600602327628849e+00
6.228142027611035303e+00	1.414242632292114221e+00
6.333413633306047785e+00	1.418859858442087507e+00
6.440464599670190360e+00	1.423452163280574334e+00
6.549325002471445778e+00	1.428019432491663077e+00
6.660025425835619295e+00	1.432561558760718556e+00
6.772596970838784536e+00	1.437078437807444375e+00
6.887071264245168578e+00	1.441569971217210533e+00
7.003480467392588338e+00	1.446036065371878454e+00
7.121857285228077927e+00	1.450476630546173373e+00
7.242234975496383065e+00	1.454891583326388238e+00
7.364647358083541206e+00	1.459280843645450076e+00
7.489128824518638261e+00	1.463644335831208121e+00
7.615714347635920589e+00	1.467981990848728380e+00
7.744439491400456177e+00	1.472293742047378284e+00
7.875340420899716420e+00	1.476579527509146672e+00
8.008453912504041483e+00	1.480839291794432411e+00
8.143817364199005482e+00	1.485072981505368483e+00
8.281468806092183499e+00	1.489280548125352599e+00
8.421446911097760335e+00	1.493461948963441310e+00
8.563791005801492773e+00	1.497617143820190178e+00
8.708541081509549642e+00	1.501746096507840633e+00
8.855737805483945735e+00	1.505848778024840628e+00
9.005422532367880706e+00	1.509925159502535585e+00
9.157637315804374012e+00	1.513975218119221422e+00
9.312424920251002547e+00	1.517998934993840532e+00
9.469828832994659606e+00	1.521996295220547246e+00
9.629893276369060118e+00	1.525967286430662373e+00
9.792663220179065320e+00	1.529911903366442560e+00
9.958184394334800515e+00	1.533830140666760045e+00
1.012650330169933710e+01	1.537721998193622097e+00
1.029766723115371541e+01	1.541587480804094357e+00
1.047172427088250757e+01	1.545426594553309219e+00
1.064872332188427428e+01	1.549239351696344524e+00
1.082871411171002762e+01	1.553025765240388267e+00
1.101174720843425447e+01	1.556785853699309552e+00
1.119787403486185262e+01	1.560519637839610008e+00
1.138714688297520183e+01	1.564227142058796094e+00
1.157961892862566167e+01	1.567908394254845739e+00
1.177534424647303979e+01	1.571563425570417616e+00
1.197437782517795135e+01	1.575192269167531300e+00
1.217677558285059547e+01	1.578794962681842051e+00
1.238259438276100788e+01	1.582371546573829058e+00
1.259189204931461603e+01	1.585922063157346740e+00
1.280472738429782709e+01	1.589446559225418110e+00
1.302116018339845027e+01	1.592945082594659612e+00
1.324125125300498418e+01	1.596417686498156296e+00
1.346506242729025793e+01	1.599864424147343867e+00
1.369265658558342480e+01	1.603285352490915194e+00
1.392409767003596599e+01	1.606680532060892563e+00
1.415945070358605307e+01	1.610050024500878196e+00
1.439878180822651998e+01	1.613393894803271778e+00
1.464215822358192653e+01	1.616712210465302446e+00
1.488964832579915942e+01	1.620005040688183184e+00
1.514132164675782732e+01	1.623272457760746468e+00
1.539724889360486770e+01	1.626514536156476121e+00
1.565750196861980470e+01	1.629731352015096446e+00
1.592215398941546312e+01	1.632922984321041326e+00
1.619127930948012661e+01	1.636089514147580415e+00
1.646495353906724546e+01	1.639231024042000051e+00
1.674325356643772622e+01	1.642347599194040164e+00
1.702625757946180585e+01	1.645439326840913319e+00
1.731404508758553007e+01	1.648506295692033996e+00
1.760669694416904463e+01	1.651548595920644624e+00
1.790429536920192888e+01	1.654566321217418867e+00
1.820692397240297211e+01	1.657559565450652084e+00
1.851466777671009822e+01	1.660528424247150525e+00
1.882761324216724574e+01	1.663472996376610169e+00
1.914584829021545431e+01	1.666393380786030942e+00
1.946946232839389879e+01	1.669289677927700666e+00
1.979854627545908841e+01	1.672161991349272459e+00
2.013319258692800773e+01	1.675010423646955848e+00
2.047349528105359084e+01	1.677835082678342804e+00
2.081954996523887758e+01	1.680636073338901415e+00
2.117145386289756814e+01	1.683413503905444530e+00
2.152930584076909071e+01	1.686167484577621556e+00
2.189320643669466548e+01	1.688898125839328968e+00
2.226325788786357052e+01	1.691605539658315394e+00
2.263956415953613899e+01	1.694289839260225916e+00
2.302223097425292053e+01	1.696951138909136514e+00
2.341136584153708355e+01	1.699589553915312301e+00
2.380707808809889059e+01	1.702205200627202597e+00
2.420947888855114627e+01	1.704798196801917021e+00
2.461868129664312121e+01	1.707368660619844158e+00
2.503480027702318367e+01	1.709916711387651889e+00
2.545795273753748944e+01	1.712442469334109152e+00
2.588825756207539186e+01	1.714946055771077393e+00
2.632583564396948717e+01	1.717427591859967739e+00
2.677080991996021808e+01	1.719887201151031553e+00
2.722330540473507554e+01	1.722325006145462911e+00
2.768344922605082559e+01	1.724741131799824467e+00
2.815137066045024739e+01	1.727135702520613769e+00
2.862720116958168148e+01	1.729508842900130405e+00
2.911107443713334675e+01	1.731860680195890012e+00
2.960312640639132908e+01	1.734191340324566788e+00
3.010349531843243653e+01	1.736500949854556497e+00
3.061232175096317221e+01	1.738789637347930572e+00
3.112974865781429301e+01	1.741057530293754096e+00
3.165592140910392160e+01	1.743304756688714097e+00
3.219098783207849834e+01	1.745531446356387573e+00
3.273509825264502382e+01	1.747737728088438081e+00
3.328840553760464616e+01	1.749923730682768186e+00
3.385106513760008085e+01	1.752089585352914369e+00
3.442323513078967778e+01	1.754235421597851285e+00
3.500507626725861599e+01	1.756361369153442320e+00
3.559675201418191648e+01	1.758467560092653814e+00
3.619842860174963306e+01	1.760554124355188099e+00
3.681027506986945497e+01	1.762621192585753560e+00
3.743246331565791252e+01	1.764668896902305217e+00
3.806516814173434682e+01	1.766697368113320898e+00
3.870856730533186152e+01	1.768706736943159497e+00
3.936284156823732872e+01	1.770697136139072647e+00
4.002817474757663518e+01	1.772668696393637555e+00
4.070475376745718421e+01	1.774621548860349618e+00
4.139276871148439341e+01	1.776555825956136703e+00
4.209241287616510618e+01	1.778471658231010277e+00
4.280388282521361276e+01	1.780369178141983699e+00
4.352737844477648110e+01	1.782248516051840426e+00
4.426310299958944938e+01	1.784109803911146930e+00
4.501126319008503884e+01	1.785953172614412221e+00
4.577206921046389709e+01	1.787778753381793928e+00
4.654573480774909910e+01	1.789586676929247000e+00
4.733247734183772337e+01	1.791377073976127665e+00
4.813251784656739574e+01	1.793150075617568451e+00
4.894608109181602629e+01	1.794905811282701880e+00
4.977339564664967497e+01	1.796644412047953887e+00
5.061469394353941453e+01	1.798366006765481862e+00
5.147021234366199849e+01	1.800070726149964884e+00
5.234019120330587782e+01	1.801758698488220789e+00
5.322487494139806330e+01	1.803430053968980484e+00
5.412451210817385316e+01	1.805084920533639892e+00
5.503935545500626603e+01	1.806723426867653970e+00
5.596966200541572789e+01	1.808345701320378307e+00
5.691569312728113772e+01	1.809951870952359432e+00
5.787771460626974118e+01	1.811542064201515201e+00
5.885599672051007758e+01	1.813116407520949824e+00
5.985081431652515249e+01	1.814675027072303104e+00
6.086244688645088985e+01	1.816218050064941414e+00
6.189117864655855783e+01	1.817745601859522608e+00
6.293729861710444595e+01	1.819257807321307485e+00
6.400110070353041181e+01	1.820754792421944712e+00
6.508288377903505761e+01	1.822236681134215663e+00
6.618295176854263673e+01	1.823703596913279545e+00
6.730161373408913050e+01	1.825155664668449251e+00
6.843918396165355489e+01	1.826593006606027414e+00
6.959598204945567090e+01	1.828015745218081411e+00
7.077233299774606223e+01	1.829424002861114840e+00
7.196856730011528214e+01	1.830817901280831439e+00
7.318502103634435230e+01	1.832197561141314601e+00
7.442203596682681166e+01	1.833563103141657047e+00
7.567995962858455528e+01	1.834914647507917662e+00
7.695914543290872700e+01	1.836252313270620329e+00
7.825995276464949768e+01	1.837576219500049790e+00
7.958274708318410262e+01	1.838886484779252095e+00
8.092790002509306646e+01	1.840183226037263697e+00
8.229578950856954123e+01	1.841466561685012326e+00
8.368679983959597735e+01	1.842736607369661161e+00
8.510132181991289713e+01	1.843993479354152143e+00
8.653975285681501362e+01	1.845237292960436148e+00
8.800249707480163863e+01	1.846468163409883179e+00
8.948996542911412178e+01	1.847686204506504781e+00
9.100257582119419908e+01	1.848891529672319844e+00
9.254075321609118987e+01	1.850084252300929766e+00
9.410492976185659586e+01	1.851264484954273426e+00
9.569554491095378523e+01	1.852432338506390774e+00
9.731304554372266580e+01	1.853587924433558243e+00
9.895788609392928947e+01	1.854731353707408825e+00
1.006305286764376348e+02	1.855862735201139868e+00
1.023314432170412118e+02	1.856982178958406893e+00
1.040611075844862796e+02	1.858089792900181836e+00
1.058200077247298054e+02	1.859185685057417103e+00
1.076086377974633734e+02	1.860269962952444844e+00
1.094275003149479204e+02	1.861342732216713758e+00
1.112771062831930067e+02	1.862404099916032063e+00
1.131579753455222743e+02	1.863454170508823449e+00
1.150706359285678531e+02	1.864493048743170345e+00
1.170156253907290136e+02	1.865520838773308876e+00
1.189934901731438543e+02	1.866537643357391030e+00
1.210047859532090087e+02	1.867543565304463415e+00
1.230500778006978635e+02	1.868538706664353066e+00
1.251299403365151335e+02	1.869523168245734279e+00
1.272449578941347568e+02	1.870497050772169878e+00
1.293957246837690604e+02	1.871460454315805766e+00
1.315828449593089147e+02	1.872413478010988674e+00
1.338069331880899426e+02	1.873356219364147091e+00
1.360686142235236389e+02	1.874288777635134018e+00
1.383685234806508220e+02	1.875211249307457528e+00
1.407073071146594430e+02	1.876123730362033060e+00
1.430856222024197280e+02	1.877026317532980659e+00
1.455041369270908831e+02	1.877919105538104816e+00
1.479635307658433305e+02	1.878802187912989918e+00
1.504644946807591168e+02	1.879675659781860908e+00
1.530077313129538652e+02	1.880539613511597929e+00
1.555939551799847322e+02	1.881394141032310729e+00
1.582238928765917478e+02	1.882239334950868814e+00
1.608982832788323662e+02	1.883075285595491977e+00
1.636178777516695106e+02	1.883902083483889989e+00
1.663834403600635596e+02	1.884719818477411213e+00
1.691957480836375396e+02	1.885528578963916235e+00
1.720555910349655733e+02	1.886328454073561645e+00
1.749637726815560939e+02	1.887119530494651309e+00
1.779211100715817793e+02	1.887901895761074256e+00
1.809284340634302453e+02	1.888675635614334158e+00
1.839865895591310334e+02	1.889440836940979640e+00
1.870964357417281576e+02	1.890197583283111493e+00
1.902588463166685528e+02	1.890945959230597495e+00
1.934747097572649466e+02	1.891686048936491282e+00
1.967449295543138987e+02	1.892417934462105711e+00
2.000704244699266781e+02	1.893141698704951859e+00
2.034521287956564777e+02	1.893857423053087574e+00
2.068909926149848104e+02	1.894565188691779589e+00
2.103879820702443340e+02	1.895265075288132595e+00
2.139440796340576298e+02	1.895957162895790749e+00
2.175602843853577042e+02	1.896641530328548875e+00
2.212376122900808468e+02	1.897318256577232409e+00
2.249770964865966505e+02	1.897987418825023642e+00
2.287797875759696069e+02	1.898649093443565139e+00
2.326467539171220835e+02	1.899303358069793779e+00
2.365790819269863619e+02	1.899950287790848069e+00
2.405778763857347258e+02	1.900589957324903878e+00
2.446442607471615247e+02	1.901222442098583043e+00
2.487793774543193308e+02	1.901847815553249665e+00
2.529843882604822340e+02	1.902466150065047268e+00
2.572604745555416912e+02	1.903077519620382185e+00
2.616088376979143391e+02	1.903681995556511408e+00
2.660306993520598553e+02	1.904279648524999091e+00
2.705273018317088258e+02	1.904870550586027944e+00
2.750999084488843778e+02	1.905454771091555921e+00
2.797498038688314637e+02	1.906032379129887655e+00
2.844782944709368735e+02	1.906603444582477103e+00
2.892867087157579817e+02	1.907168035212469137e+00
2.941763975182495869e+02	1.907726218195995749e+00
2.991487346272989498e+02	1.908278057570858000e+00
3.042051170116823755e+02	1.908823627581722970e+00
3.093469652525361084e+02	1.909362989412204836e+00
3.145757239424706313e+02	1.909896213046822000e+00
3.198928620914214775e+02	1.910423355125984823e+00
3.252998735393691732e+02	1.910944483242671410e+00
3.307982773760288637e+02	1.911459661787785036e+00
3.363896183676337728e+02	1.911968952905723329e+00
3.420754673909387975e+02	1.912472419663191037e+00
3.478574218745504822e+02	1.912970123199309924e+00
3.537371062477265582e+02	1.913462125364722155e+00
3.597161723967509488e+02	1.913948486638838764e+00
3.657963001290331135e+02	1.914429267083369801e+00
3.719791976450445077e+02	1.914904526352355418e+00
3.782666020182322768e+02	1.915374323241372023e+00
3.846602796830517832e+02	1.915838717136110425e+00
3.911620269312371079e+02	1.916297764680994886e+00
3.977736704164719868e+02	1.916751524329297851e+00
4.044970676675784489e+02	1.917200051925262771e+00
4.113341076103915839e+02	1.917643404829180387e+00
4.182867110984475403e+02	1.918081637863706446e+00
4.253568314526407903e+02	1.918514807100677899e+00
4.325464550100122665e+02	1.918942966738257816e+00
4.398576016817999061e+02	1.919366171105067354e+00
4.472923255209361173e+02	1.919784474147233189e+00
4.548527152991227354e+02	1.920197928257290521e+00
4.625408950936740666e+02	1.920606587360433881e+00
4.703590248842695019e+02	1.921010502798559116e+00
4.783093011597930513e+02	1.921409725830531601e+00
4.863939575354394265e+02	1.921804310180026398e+00
4.946152653802362238e+02	1.922194302916249375e+00
5.029755344551887219e+02	1.922579755204431473e+00
5.114771135621948588e+02	1.922960717849228285e+00
5.201223912039447441e+02	1.923337239384411035e+00
5.289137962549582426e+02	1.923709367834520512e+00
5.378537986439790757e+02	1.924077153254269534e+00
5.469449100478946093e+02	1.924440642036091331e+00
5.561896845973827794e+02	1.924799881548721059e+00
5.655907195944980685e+02	1.925154916576635289e+00
5.751506562423700188e+02	1.925505798257445500e+00
5.848721803872531382e+02	1.925852569786778545e+00
5.947580232731010028e+02	1.926195276760835018e+00
6.048109623089127354e+02	1.926533964435017454e+00
6.150338218490370537e+02	1.926868676934241575e+00
6.254294739866654709e+02	1.927199458518474851e+00
6.360008393607505468e+02	1.927526355118021728e+00
6.467508879765434813e+02	1.927849405216075507e+00
6.576826400400219654e+02	1.928168654506121626e+00
6.687991668064009900e+02	1.928484144731078764e+00
6.801035914430051434e+02	1.928795917944327032e+00
6.915990899067132887e+02	1.929104015413920736e+00
7.032888918362326649e+02	1.929408478897400192e+00
7.151762814594706015e+02	1.929709348425161952e+00
7.272645985162197348e+02	1.930006664449219311e+00
7.395572391964639110e+02	1.930300466819319327e+00
7.520576570945196409e+02	1.930590795023087169e+00
7.647693641793268853e+02	1.930877687820272470e+00
7.776959317811260917e+02	1.931161183796626490e+00
7.908409915948119533e+02	1.931441322106397074e+00
8.042082367002620913e+02	1.931718139218009611e+00
8.178014225998882694e+02	1.931991673719115621e+00
8.316243682737505196e+02	1.932261961935663575e+00
8.456809572524798568e+02	1.932529040726582492e+00
8.599751387083596228e+02	1.932792946676012313e+00
8.745109285648341029e+02	1.933053714884368279e+00
8.892924106247685359e+02	1.933311381978399357e+00
9.043237377177986218e+02	1.933565982684366080e+00
9.196091328670457870e+02	1.933817551005693636e+00
9.351528904755820122e+02	1.934066122658848697e+00
9.509593775329200298e+02	1.934311731933462841e+00
9.670330348419231541e+02	1.934554410735086494e+00
9.833783782664356750e+02	1.934794193646060645e+00
1.000000000000000000e+03	1.935031113279157999e+00
