# Data associated with arXiv:2110.09653
# 
# Scale-free velocity distribution, f(E), of a einasto0-13 dark matter distribution (see Eq. 13 and the surrounding discussion)
# 
# Published: 3/29/22, Jack Runburg, contact: runburg@hawaii.edu
# 
# 
# -----------------------------------------------------------------
# 
# 	 tilde E 		 | 		 tilde f
# 
# -----------------------------------------------------------------
3.712499194492912896e-06	3.668139455767904663e+11
3.813695053479502557e-06	3.530125443367341919e+11
3.917593971245833341e-06	3.391969426677728271e+11
4.024266495492834117e-06	3.254343831017324829e+11
4.133784966402244105e-06	3.119406600692496948e+11
4.246223560763656124e-06	2.984822391067934570e+11
4.361658337147589619e-06	2.854122005934077148e+11
4.480167282147809376e-06	2.729164206553341064e+11
4.601830357717450074e-06	2.609695728648612366e+11
4.726729549623292932e-06	2.495474728681126404e+11
4.854948917043479243e-06	2.386269978793825989e+11
4.986574643334562196e-06	2.281860471170188293e+11
5.121695087993761171e-06	2.182034963754942017e+11
5.260400839843724265e-06	2.086591550833365479e+11
5.402784771466668665e-06	1.995337245134088745e+11
5.548942094916352379e-06	1.908087585481010437e+11
5.698970418736029317e-06	1.824666257514897461e+11
5.852969806311651020e-06	1.744904734044632874e+11
6.011042835590302534e-06	1.668641928706248474e+11
6.173294660193735435e-06	1.595723868462570496e+11
6.339833071958624518e-06	1.526003376500951538e+11
6.510768564934554624e-06	1.459339772518272095e+11
6.686214400872660109e-06	1.395598584563718262e+11
6.866286676237414192e-06	1.334651274991815491e+11
7.051104390775385148e-06	1.276374977774780273e+11
7.240789517675574179e-06	1.220652246001875763e+11
7.435467075355820223e-06	1.167370813825816193e+11
7.635265200911756802e-06	1.116423366680225525e+11
7.840315225264115660e-06	1.067707322042173767e+11
8.050751750042387810e-06	1.021124620910504150e+11
8.266712726242072469e-06	9.765815263850556946e+10
8.488339534695144855e-06	9.339884335232159424e+10
8.715777068392661480e-06	8.932596872113043213e+10
8.949173816700148649e-06	8.543134058473182678e+10
9.188681951507336385e-06	8.170713161633886719e+10
9.434457415353517085e-06	7.814585929026924133e+10
9.686660011572383188e-06	7.474037070610813904e+10
9.945453496499135953e-06	7.148382794016081238e+10
1.021100567378550350e-05	6.836969419860337830e+10
1.048348849086738974e-05	6.539172051884837341e+10
1.076307813763197479e-05	6.254393300828982544e+10
1.104995514733199214e-05	5.982062074042079163e+10
1.134430449979465696e-05	5.721632412462212372e+10
1.164631572697565434e-05	5.472582382226171875e+10
1.195618302090733386e-05	5.234413013195417786e+10
1.227410534409349618e-05	5.006647286068194580e+10
1.260028654240219832e-05	4.788829162718016815e+10
1.293493546051024239e-05	4.580522662507000732e+10
1.327826605995414726e-05	4.381310974857929993e+10
1.363049753984208612e-05	4.190795615310334015e+10
1.399185446028456263e-05	4.008595617164989471e+10
1.436256686860019571e-05	3.834346758675082397e+10
1.474287042835666080e-05	3.667700824388062286e+10
1.513300655130572928e-05	3.508324900843801117e+10
1.553322253227380233e-05	3.355900698134833527e+10
1.594377168707085179e-05	3.210123911997478104e+10
1.636491349347995040e-05	3.070703601605561066e+10
1.679691373539369373e-05	2.937361603580597687e+10
1.724004465016187147e-05	2.809831968185431290e+10
1.769458507921919745e-05	2.687860422173061371e+10
1.816082062206033786e-05	2.571203852623421097e+10
1.863904379363263590e-05	2.459629816520056152e+10
1.912955418521820238e-05	2.352916073805344391e+10
1.963265862887660746e-05	2.250850133278342056e+10
2.014867136552377986e-05	2.153228826142035294e+10
2.067791421672060539e-05	2.059857895290711594e+10
2.122071676024982282e-05	1.970551603463110733e+10
2.177741650955791405e-05	1.885132357849444962e+10
2.234835909714219263e-05	1.803430352010069656e+10
2.293389846196506630e-05	1.725283223128889084e+10
2.353439704097632130e-05	1.650535725197577477e+10
2.415022596482997136e-05	1.579039415316798401e+10
2.478176525787905346e-05	1.510652355372123337e+10
2.542940404253818276e-05	1.445238825593837166e+10
2.609354074810094529e-05	1.382669050306272888e+10
2.677458332410353995e-05	1.322818939372281265e+10
2.747294945832792166e-05	1.265569835320694542e+10
2.818906679953641620e-05	1.210808276859728432e+10
2.892337318503608652e-05	1.158425768583657074e+10
2.967631687316784684e-05	1.108318565147560501e+10
3.044835678082215819e-05	1.060387460900461006e+10
3.123996272608033726e-05	1.014537590977007103e+10
3.205161567608526361e-05	9.706782416728395462e+09
3.288380800024727978e-05	9.287226664447120667e+09
3.373704372888969641e-05	8.885879133335525513e+09
3.461183881744545298e-05	8.501946576538850784e+09
3.550872141631242977e-05	8.134670430643346786e+09
3.642823214648314588e-05	7.783325294841675758e+09
3.737092438106078072e-05	7.447217473315127373e+09
3.833736453277927667e-05	7.125683588543879509e+09
3.932813234764730696e-05	6.818089246008455276e+09
4.034382120483411753e-05	6.523827772841082573e+09
4.138503842292372840e-05	6.242318989803852081e+09
4.245240557265890502e-05	5.973008063712665558e+09
4.354655879630581021e-05	5.715364384875124931e+09
4.466814913376595787e-05	5.468880513093759537e+09
4.581784285556832399e-05	5.233071138872281075e+09
4.699632180287723499e-05	5.007472212192490578e+09
4.820428373464880089e-05	4.791639822210530281e+09
4.944244268207929915e-05	4.585149499388195992e+09
5.071152931048177325e-05	4.387595275936556816e+09
5.201229128873909702e-05	4.198588891209209919e+09
5.334549366647596216e-05	4.017759017158195019e+09
5.471191925909949682e-05	3.844750516997573376e+09
5.611236904086142860e-05	3.679223736507618427e+09
5.754766254609134393e-05	3.520853830560110092e+09
5.901863827876216992e-05	3.369330108643449783e+09
6.052615413054161851e-05	3.224355420246817589e+09
6.207108780749614671e-05	3.085645561401327133e+09
6.365433726560746123e-05	2.952928708878076077e+09
6.527682115527012690e-05	2.825944878080645084e+09
6.693947927494205738e-05	2.704445406810929298e+09
6.864327303411537685e-05	2.588192460302374840e+09
7.038918592578922962e-05	2.476958555518896580e+09
7.217822400861647844e-05	2.370526113501768589e+09
7.401141639891145195e-05	2.268687022517847538e+09
7.588981577269810906e-05	2.171242226145317554e+09
7.781449887798728483e-05	2.078001327607364655e+09
7.978656705747577552e-05	1.988782213865236759e+09
8.180714678185472145e-05	1.903410689738768339e+09
8.387739019393060250e-05	1.821720135356320381e+09
8.599847566375081799e-05	1.743551174641003132e+09
8.817160835494388782e-05	1.668751359306483507e+09
9.039802080247412062e-05	1.597174866526520014e+09
9.267897350202191069e-05	1.528682209763344049e+09
9.501575551120510833e-05	1.463139963191833258e+09
9.740968506285010466e-05	1.400420495964494467e+09
9.986211019054051677e-05	1.340401720976904869e+09
1.023744093666565188e-04	1.282966852660768509e+09
1.049479921531400504e-04	1.228004174945597649e+09
1.075842998652077297e-04	1.175406822384110689e+09
1.102848062482472452e-04	1.125072567081165075e+09
1.130510181681369835e-04	1.076903617073369265e+09
1.158844763152210743e-04	1.030806423409180164e+09
1.187867559221932734e-04	9.866914952463985682e+08
1.217594674961266333e-04	9.444732230282844305e+08
1.248042575649110561e-04	9.040697092369771004e+08
1.279228094383418599e-04	8.654026076632314920e+08
1.311168439841298400e-04	8.283969678328174353e+08
1.343881204190843599e-04	7.929810879372770786e+08
1.377384371157434103e-04	7.590863732679265738e+08
1.411696324247184594e-04	7.266472009457420111e+08
1.446835855130244820e-04	6.956007907731668949e+08
1.482822172186819395e-04	6.658870814797501564e+08
1.519674909218620578e-04	6.374486128053125143e+08
1.557414134328705243e-04	6.102304122317804098e+08
1.596060358972547220e-04	5.841798862276107073e+08
1.635634547183304594e-04	5.592467195713909864e+08
1.676158124974279535e-04	5.353827714447419047e+08
1.717652989921543514e-04	5.125419852826408148e+08
1.760141520929899212e-04	4.906802970459379554e+08
1.803646588185166104e-04	4.697555477715751529e+08
1.848191563296044471e-04	4.497274017140280604e+08
1.893800329628705849e-04	4.305572670591881871e+08
1.940497292837358974e-04	4.122082200074660182e+08
1.988307391594099137e-04	3.946449325491377115e+08
2.037256108521307647e-04	3.778336032006360292e+08
2.087369481330087384e-04	3.617418907950989008e+08
2.138674114168021196e-04	3.463388510214901567e+08
2.191197189179818275e-04	3.315948760664733648e+08
2.244966478284317682e-04	3.174816363120222092e+08
2.300010355171396264e-04	3.039720252611202598e+08
2.356357807522427945e-04	2.910401067343858480e+08
2.414038449457846778e-04	2.786610630900656581e+08
2.473082534215667290e-04	2.668111479927836657e+08
2.533520967064500137e-04	2.554676393850771189e+08
2.595385318455070006e-04	2.446087951962818205e+08
2.658707837413867587e-04	2.342138108716716170e+08
2.723521465182977765e-04	2.242627788736075759e+08
2.789859849109943275e-04	2.147366498358739913e+08
2.857757356791605966e-04	2.056171954046079516e+08
2.927249090476100393e-04	1.968869726131403446e+08
2.998370901726853544e-04	1.885292898906070590e+08
3.071159406352974119e-04	1.805281748418360353e+08
3.145651999609963773e-04	1.728683428796499968e+08
3.221886871675141875e-04	1.655351675354568958e+08
3.299903023402015433e-04	1.585146516416743696e+08
3.379740282357814431e-04	1.517934011429273784e+08
3.461439319148791236e-04	1.453585979266872108e+08
3.545041664037399689e-04	1.391979754351279736e+08
3.630589723856161247e-04	1.332997949102779329e+08
3.718126799222427046e-04	1.276528223029987514e+08
3.807697102058839431e-04	1.222463067290568501e+08
3.899345773423991326e-04	1.170699594687477201e+08
3.993118901657985616e-04	1.121139340335057676e+08
4.089063540847662323e-04	1.073688071630810201e+08
4.187227729616122040e-04	1.028255603936974257e+08
4.287660510241610460e-04	9.847556272736518085e+07
4.390411948110357248e-04	9.431055387056176364e+07
4.495533151508505085e-04	9.032262822528789937e+07
4.603076291757999703e-04	8.650421962816596031e+07
4.713094623701474285e-04	8.284808667006894946e+07
4.825642506541250563e-04	7.934729875341700017e+07
4.940775425037432014e-04	7.599522262478636205e+07
5.058550011070529675e-04	7.278550960789412260e+07
5.179024065573496240e-04	6.971208332763309777e+07
5.302256580838744489e-04	6.676912799418468773e+07
5.428307763205278327e-04	6.395107714742314816e+07
5.557239056131359602e-04	6.125260295231299102e+07
5.689113163658194618e-04	5.866860590133140981e+07
5.823994074269893276e-04	5.619420497744877636e+07
5.961947085155564234e-04	5.382472830343446881e+07
6.103038826878678675e-04	5.155570408374311030e+07
6.247337288459689671e-04	4.938285202400962263e+07
6.394911842877298858e-04	4.730207507099378109e+07
6.545833272994206701e-04	4.530945157159395516e+07
6.700173797913069841e-04	4.340122769481214881e+07
6.858007099768319639e-04	4.157381022411741316e+07
7.019408350959989353e-04	3.982375967797263712e+07
7.184454241835016479e-04	3.814778367661693692e+07
7.353223008822325994e-04	3.654273061318663508e+07
7.525794463027387629e-04	3.500558365077518672e+07
7.702250019292402206e-04	3.353345488349254429e+07
7.882672725728174460e-04	3.212357983368615061e+07
8.067147293723541139e-04	3.077331213789287210e+07
8.255760128438932241e-04	2.948011848631117120e+07
8.448599359789686972e-04	2.824157375584696978e+07
8.645754873925820452e-04	2.705535638416116685e+07
8.847318345214166347e-04	2.591924392238962278e+07
9.053383268729330155e-04	2.483110877881440148e+07
9.264044993259808744e-04	2.378891415113149211e+07
9.479400754835374783e-04	2.279071014615375176e+07
9.699549710782593391e-04	2.183463003486103937e+07
9.924592974314338720e-04	2.091888671576053649e+07
1.015463364966019948e-03	2.004176926063506678e+07
1.038977686774405530e-03	1.920163970203352347e+07
1.063012982241536052e-03	1.839692987038870901e+07
1.087580180724080550e-03	1.762613835691600293e+07
1.112690425286259064e-03	1.688782796320740879e+07
1.138355076493052309e-03	1.618062234071163274e+07
1.164585716261378433e-03	1.550320399422926456e+07
1.191394151769970206e-03	1.485431145798778906e+07
1.218792419428575864e-03	1.423273696135516465e+07
1.246792788907172267e-03	1.363732413524761051e+07
1.275407767225861721e-03	1.306696581183472089e+07
1.304650102906093016e-03	1.252060191612152196e+07
1.334532790183953462e-03	1.199721746543019824e+07
1.365069073286100283e-03	1.149584062561246566e+07
1.396272450769125853e-03	1.101554087925980613e+07
1.428156679922930328e-03	1.055542725955977105e+07
1.460735781238845649e-03	1.011464665672009066e+07
1.494024042943175321e-03	9.692382203859686852e+06
1.528036025596790940e-03	9.287851734288912266e+06
1.562786566761547235e-03	8.900306264291619882e+06
1.598290785734080705e-03	8.529028713045476004e+06
1.634564088347797636e-03	8.173332272348470986e+06
1.671622171843614203e-03	7.832559408840529621e+06
1.709481029810208013e-03	7.506080438710567541e+06
1.748156957194429029e-03	7.193292396979480051e+06
1.787666555382508684e-03	6.893617884200322442e+06
1.828026737352843453e-03	6.606503984235626645e+06
1.869254732900877455e-03	6.331421221865563653e+06
1.911368093936921054e-03	6.067862557631473057e+06
1.954384699857415059e-03	5.815342436888783239e+06
1.998322762990429810e-03	5.573395872869287618e+06
2.043200834115991345e-03	5.341577574313702062e+06
2.089037808061914442e-03	5.119461101709553041e+06
2.135852929375826013e-03	4.906638068020886742e+06
2.183665798073950240e-03	4.702717373094607145e+06
2.232496375467433666e-03	4.507324467067700811e+06
2.282364990066716812e-03	4.320100628418163396e+06
2.333292343564689984e-03	4.140702334053695668e+06
2.385299516899226993e-03	3.968800569104421418e+06
2.438407976395725197e-03	3.804080232165542897e+06
2.492639579990305835e-03	3.646239539053016808e+06
2.548016583534220246e-03	3.494989458361534402e+06
2.604561647180203120e-03	3.350053169121881947e+06
2.662297841851205601e-03	3.211165541238559410e+06
2.721248655792263271e-03	3.078072641417663544e+06
2.781438001205994732e-03	2.950531255190202966e+06
2.842890220972330972e-03	2.828308435617593117e+06
2.905630095453100911e-03	2.711181062094915658e+06
2.969682849381902884e-03	2.598935429634600412e+06
3.035074158840035327e-03	2.491366846543618012e+06
3.101830158318778525e-03	2.388279250644647051e+06
3.169977447868772488e-03	2.289484847075635102e+06
3.239543100336893418e-03	2.194803755257213023e+06
3.310554668691196006e-03	2.104063674365262967e+06
3.383040193434399059e-03	2.017099562947044149e+06
3.457028210106433564e-03	1.933753329822114669e+06
3.532547756876467347e-03	1.853873541626638733e+06
3.609628382224971000e-03	1.777315139174411073e+06
3.688300152716183708e-03	1.703939168137464207e+06
3.768593660861467316e-03	1.633612524295196868e+06
3.850540033073950215e-03	1.566207698335974710e+06
3.934170937714883895e-03	1.501602546335485997e+06
4.019518593232110706e-03	1.439680060100360075e+06
4.106615776390961162e-03	1.380328148767019622e+06
4.195495830598033535e-03	1.323439431819019141e+06
4.286192674318125076e-03	1.268911050189470639e+06
4.378740809584677832e-03	1.216644449123891536e+06
4.473175330604007953e-03	1.166545224187314045e+06
4.569531932453662834e-03	1.118522931860745186e+06
4.667846919875108178e-03	1.072490925134175923e+06
4.768157216161071112e-03	1.028366193807561998e+06
4.870500372137652120e-03	9.860692092358863447e+05
4.974914575241541452e-03	9.455237798991232412e+05
5.081438658692440623e-03	9.066569086658603046e+05
5.190112110760862485e-03	8.693986591688403860e+05
5.300975084131472059e-03	8.336820263156159781e+05
5.414068405362040121e-03	7.994428126200207043e+05
5.529433584438179540e-03	7.666195106544652954e+05
5.647112824423784587e-03	7.351531886650088709e+05
5.767149031207381357e-03	7.049873827513374854e+05
5.889585823344278305e-03	6.760679926734459586e+05
6.014467541994532492e-03	6.483431826308196178e+05
6.141839260956726346e-03	6.217632854188283673e+05
6.271746796797401415e-03	5.962807129692976596e+05
6.404236719076157776e-03	5.718498626834615134e+05
6.539356360666140691e-03	5.484270453914967366e+05
6.677153828169898019e-03	5.259703936762363883e+05
6.817678012430311747e-03	5.044397908348788624e+05
6.960978599136410233e-03	4.837967962615630822e+05
7.107106079523809600e-03	4.640045748852067627e+05
7.256111761169450371e-03	4.450278297462734627e+05
7.408047778880363053e-03	4.268327375844093622e+05
7.562967105675989961e-03	4.093868866086800117e+05
7.720923563863792659e-03	3.926592175890037906e+05
7.881971836207585583e-03	3.766199667876010062e+05
8.046167477188217662e-03	3.612406118832714856e+05
8.213566924355972243e-03	3.464938197000329383e+05
8.384227509774237752e-03	3.323533972624272574e+05
8.558207471681974696e-03	3.187942383521692827e+05
8.735565965628135435e-03	3.057922913740922813e+05
8.916363076889585043e-03	2.933244998738177237e+05
9.100659831822014573e-03	2.813687688718154095e+05
9.288518209858570573e-03	2.699039237818128895e+05
9.480001155486826592e-03	2.589096711046599085e+05
9.675172590311928791e-03	2.483665615969766804e+05
9.874097425204902620e-03	2.382559550885483040e+05
1.007684157253538673e-02	2.285599864445578423e+05
1.028347195848745843e-02	2.192615334291402251e+05
1.049405653545785848e-02	2.103441853042575822e+05
1.070866429453527779e-02	2.017922133595808118e+05
1.092736527805961838e-02	1.935905420685898571e+05
1.115023059226007487e-02	1.857247222395957797e+05
1.137733241997071834e-02	1.781809045427276869e+05
1.160874403342232117e-02	1.709458143424453738e+05
1.184453980710897456e-02	1.640067279614624276e+05
1.208479523072823400e-02	1.573514496930825990e+05
1.232958692219316213e-02	1.509682894167550257e+05
1.257899264071484120e-02	1.448460418780788314e+05
1.283309129995370210e-02	1.389739662395532068e+05
1.309196298123805474e-02	1.333417668231427378e+05
1.335568894684816335e-02	1.279395744760651723e+05
1.362435165336391488e-02	1.227579287891917629e+05
1.389803476507448995e-02	1.177877611115746549e+05
1.417682316744799456e-02	1.130203781750741327e+05
1.446080298065913552e-02	1.084474465208689362e+05
1.475006157317288943e-02	1.040609774183817935e+05
1.504468757538213186e-02	9.985331262577595771e+04
1.534477089329714175e-02	9.581711053116977564e+04
1.565040272228443094e-02	9.194533299830295437e+04
1.596167556085313285e-02	8.823123280368444102e+04
1.627868322448615748e-02	8.466834167785894533e+04
1.660152085951390605e-02	8.125045810931884625e+04
1.693028495702798494e-02	7.797163694957518601e+04
1.726507336683236887e-02	7.482617845368872804e+04
1.760598531142944234e-02	7.180861807695614698e+04
1.795312140003798435e-02	6.891371672327829583e+04
1.830658364264065724e-02	6.613645141292297922e+04
1.866647546417260148e-02	6.347200628041323944e+04
1.903290171817979132e-02	6.091576409165946825e+04
1.940596870156894790e-02	5.846329775323449576e+04
1.978578416833768477e-02	5.611036262413702207e+04
2.017245734382177788e-02	5.385288890821963287e+04
2.056609893885601170e-02	5.168697441851066105e+04
2.096682116394242568e-02	4.960887757920166041e+04
2.137473774342320276e-02	4.761501079366886552e+04
2.178996392965425882e-02	4.570193407658960496e+04
2.221261651717611196e-02	4.386634892963642778e+04
2.264281385687846870e-02	4.210509260351970443e+04
2.308067587015462038e-02	4.041513193143552780e+04
2.352632406304213525e-02	3.879355900962420128e+04
2.397988154034554759e-02	3.723758501097996486e+04
2.444147301973749811e-02	3.574453573860334291e+04
2.491122484583395760e-02	3.431184681707422715e+04
2.538926500423954735e-02	3.293705910377373948e+04
2.587572313555866477e-02	3.161781438812223496e+04
2.637073054936807034e-02	3.035185120462982377e+04
2.687442023814676229e-02	2.913700083397032358e+04
2.738692689115809764e-02	2.797118347124510547e+04
2.790838690828032626e-02	2.685240455980227489e+04
2.843893841378024659e-02	2.577875127587989846e+04
2.897872127002562581e-02	2.474838915464278762e+04
2.952787709113123549e-02	2.375955884655523550e+04
3.008654925653382606e-02	2.281057304352396022e+04
3.065488292449097124e-02	2.189981348596352473e+04
3.123302504549838737e-02	2.102572813274775763e+04
3.182112437562095025e-02	2.018682841454760273e+04
3.241933148973188267e-02	1.938168665664606306e+04
3.302779879465472107e-02	1.860893351452778006e+04
3.364668054220261439e-02	1.786725564010574817e+04
3.427613284210947325e-02	1.715539331091031636e+04
3.491631367484718251e-02	1.647213827443453192e+04
3.556738290432333305e-02	1.581633160036684058e+04
3.622950229045323461e-02	1.518686167303132788e+04
3.690283550160079751e-02	1.458266222794680834e+04
3.758754812688194086e-02	1.400271050647890479e+04
3.828380768832447684e-02	1.344602545589173133e+04
3.899178365287825354e-02	1.291166601297999478e+04
3.971164744426940174e-02	1.239872947375583317e+04
4.044357245481654262e-02	1.190634991606419862e+04
4.118773405647750685e-02	1.143369669111753683e+04
4.194430961288288934e-02	1.097997296872326297e+04
4.271347849006141423e-02	1.054441434681334067e+04
4.349542206752294443e-02	1.012628754103990286e+04
4.429032374903955904e-02	9.724889094791111347e+03
4.509836897322425098e-02	9.339544163156271679e+03
4.591974522390030594e-02	8.969605337983071877e+03
4.675464204025354259e-02	8.614451503342192154e+03
4.760325102676137010e-02	8.273486816712238578e+03
4.846576586289060018e-02	7.946139612174514696e+03
4.934238231255692886e-02	7.631861442053462270e+03
5.023329823333859412e-02	7.330126126539992583e+03
5.113871358543687490e-02	7.040428833151698200e+03
5.205883044037588891e-02	6.762285210176341934e+03
5.299385298943334877e-02	6.495230552394269580e+03
5.394398755179566352e-02	6.238818990892762486e+03
5.490944258242862891e-02	5.992622728265654587e+03
5.589042867965627465e-02	5.756231301654450363e+03
5.688715859243971551e-02	5.529250871814148923e+03
5.789984722734797112e-02	5.311303548068782220e+03
5.892871165521296195e-02	5.102026733844395494e+03
5.997397111745962628e-02	4.901072507644098550e+03
6.103584703210408052e-02	4.708107019356997625e+03
6.211456299941058717e-02	4.522809921238815150e+03
6.321034480719922577e-02	4.344873815516652940e+03
6.432342043579598878e-02	4.174003728295620931e+03
6.545402006261642758e-02	4.009916601271884701e+03
6.660237606637446628e-02	3.852340809529375292e+03
6.776872303090808458e-02	3.701015692335704898e+03
6.895329774861194694e-02	3.555691112643008637e+03
7.015633922347011553e-02	3.416127019095828018e+03
7.137808867367823051e-02	3.282093054614422272e+03
7.261878953305220263e-02	3.153368166937803835e+03
7.387868744983983049e-02	3.029740185317530177e+03
7.515803030219535275e-02	2.911005442639670946e+03
7.645706818737790789e-02	2.796968552512182214e+03
7.777605340704732417e-02	2.687442022851628280e+03
7.911524050108145745e-02	2.582245801890218445e+03
8.047488623350185222e-02	2.481207137263373625e+03
8.185524956126633001e-02	2.384160265441555566e+03
8.325659169509445900e-02	2.290946039495616333e+03
8.467917602307079017e-02	2.201411718467053106e+03
8.612326818749455049e-02	2.115410684959545506e+03
8.758913601016959927e-02	2.032802276923293221e+03
8.907704951776668212e-02	1.953451437636656919e+03
9.058728097559216874e-02	1.877228472024509301e+03
9.212010481208011969e-02	1.804009007333569343e+03
9.367579764685778076e-02	1.733673611247359759e+03
9.525463832632896644e-02	1.666107597424512733e+03
9.685690782568526225e-02	1.601200929657966299e+03
9.848288934684240603e-02	1.538847950775456866e+03
1.001328682192294400e-01	1.478947288633981543e+03
1.018071319296023625e-01	1.421401600304503063e+03
1.035059701560640949e-01	1.366117387513593258e+03
1.052296746765965935e-01	1.313004972208003437e+03
1.069785394131296807e-01	1.261978269367677512e+03
1.087528603925679155e-01	1.212954579788475939e+03
1.105529357949631419e-01	1.165854507434020434e+03
1.123790658537302811e-01	1.120601895827700446e+03
1.142315528860094326e-01	1.077123596813628865e+03
1.161107013238414504e-01	1.035349347428318197e+03
1.180168176134500924e-01	9.952117556693731331e+02
1.199502102433971373e-01	9.566460911692255422e+02
1.219111897716066567e-01	9.195901755184381727e+02
1.239000687258626499e-01	8.839843641201994160e+02
1.259171616285736928e-01	8.497713692212424803e+02
1.279627850184973936e-01	8.168961673124939580e+02
1.300372573430012835e-01	7.853059501423708753e+02
1.321408990357099966e-01	7.549500020920150973e+02
1.342740324171171895e-01	7.257796416821187222e+02
1.364369817081622915e-01	6.977481185048814041e+02
1.386300730303524631e-01	6.708105248976274879e+02
1.408536343537236390e-01	6.449237566519963138e+02
1.431079954643222074e-01	6.200464298419758506e+02
1.453934879781752232e-01	5.961387923188611921e+02
1.477104452868518991e-01	5.731626764507910821e+02
1.500592025435470711e-01	5.510814287937737390e+02
1.524400966368654742e-01	5.298598547093253046e+02
1.548534661626611297e-01	5.094641495547295449e+02
1.572996514098377319e-01	4.898618580238395452e+02
1.597789942787455897e-01	4.710218119281632312e+02
1.622918383447373436e-01	4.529140698821922228e+02
1.648385287329392490e-01	4.355098909571530612e+02
1.674194121255498102e-01	4.187816669835901848e+02
1.700348367823080187e-01	4.027028751572403280e+02
1.726851523914082753e-01	3.872480523679290627e+02
1.753707101718091910e-01	3.723927371247257270e+02
1.780918627168925072e-01	3.581134463820766882e+02
1.808489640085109984e-01	3.443876189730352166e+02
1.836423694421346342e-01	3.311935763491513285e+02
1.864724356730108612e-01	3.185105150181292402e+02
1.893395206331842662e-01	3.063184447092976939e+02
1.922439835575811551e-01	2.945981557231922920e+02
1.951861848194149374e-01	2.833312136367142671e+02
1.981664859488885544e-01	2.724999035610384226e+02
2.011852496584558836e-01	2.620872015084690361e+02
2.042428396706296168e-01	2.520767695748292283e+02
2.073396207367813049e-01	2.424529073852827139e+02
2.104759586598521359e-01	2.332005262898325952e+02
2.136522201177987468e-01	2.243051443073290159e+02
2.168687726808605221e-01	2.157528444014056959e+02
2.201259848300362865e-01	2.075302510960932807e+02
2.234242257793700448e-01	1.996245263152008533e+02
2.267638654901021900e-01	1.920233321652189886e+02
2.301452746831764706e-01	1.847148095884446661e+02
2.335688246636540566e-01	1.776875766850121181e+02
2.370348873300927584e-01	1.709306933866290876e+02
2.405438351794847718e-01	1.644336454492838300e+02
2.440960411369204608e-01	1.581863387421779521e+02
2.476918785585829341e-01	1.521790722460892198e+02
2.513317212278197710e-01	1.464025228991120571e+02
2.550159431778505348e-01	1.408477364392067557e+02
2.587449187614110357e-01	1.355061087705806244e+02
2.625190224765906466e-01	1.303693731557785611e+02
2.663386290014907454e-01	1.254295862033086593e+02
2.702041130719971540e-01	1.206791153816761692e+02
2.741158494480626651e-01	1.161106278031266470e+02
2.780742128372938882e-01	1.117170768843097193e+02
2.820795778407674814e-01	1.074916912018243238e+02
2.861323188983433963e-01	1.034279647223758190e+02
2.902328101684351624e-01	9.951964599570025882e+01
2.943814255565591065e-01	9.576072703025097610e+01
2.985785385327704988e-01	9.214543475308576603e+01
3.028245221876951221e-01	8.866822136820985634e+01
3.071197490291575072e-01	8.532375569505801138e+01
3.114645910542736540e-01	8.210691443792784128e+01
3.158594195277240058e-01	7.901277394629111939e+01
3.203046050662665678e-01	7.603660206761273344e+01
3.248005174253208449e-01	7.317385248231755668e+01
3.293475254820226739e-01	7.042015499139689894e+01
3.339459972311886737e-01	6.777130818550347158e+01
3.385962995752645477e-01	6.522327656748538516e+01
3.432987983112747998e-01	6.277218068703750475e+01
3.480538581283809108e-01	6.041429047935666574e+01
3.528618423860490072e-01	5.814602326121310227e+01
3.577231131035406575e-01	5.596393446491392609e+01
3.626380309571684002e-01	5.386471213676218639e+01
3.676069550504572070e-01	5.184517502851090143e+01
3.726302429044895392e-01	4.990226441034295846e+01
3.777082504530030471e-01	4.803303909630914603e+01
3.828413318084221695e-01	4.623467388398907474e+01
3.880298392513129579e-01	4.450445221403128926e+01
3.932741232215379856e-01	4.283976186872473590e+01
3.985745320839835792e-01	4.123809342424130620e+01
4.039314121154527482e-01	3.969703386738851947e+01
4.093451074900296138e-01	3.821426284784203631e+01
4.148159600484316867e-01	3.678755106657769147e+01
4.203443092805918546e-01	3.541475486070553558e+01
4.259304923035463486e-01	3.409381280042186546e+01
4.315748436381540154e-01	3.282274415986437788e+01
4.372776951856646721e-01	3.159964429192709545e+01
4.430393761968100530e-01	3.042268166015589870e+01
4.488602130419893088e-01	2.929009591639054122e+01
4.547405292659942311e-01	2.820019444284625720e+01
4.606806453628753961e-01	2.715134994136831992e+01
4.666808787915036616e-01	2.614199774906819584e+01
4.727415438118220403e-01	2.517063345311545319e+01
4.788629514215668181e-01	2.423581072366857470e+01
4.850454092472273326e-01	2.333613881952260272e+01
4.912892214592304851e-01	2.247028042147304205e+01
4.975946886866332020e-01	2.163694977164100308e+01
5.039621078634713980e-01	2.083491056299471467e+01
5.103917722326453132e-01	2.006297391783934714e+01
5.168839711277234406e-01	1.931999662994939371e+01
5.234389900070992585e-01	1.860487944279195105e+01
5.300571102150914982e-01	1.791656525013982204e+01
5.367386090343491123e-01	1.725403742669932683e+01
5.434837594510537606e-01	1.661631857994419192e+01
5.502928301116315479e-01	1.600246863245050122e+01
5.571660852964208654e-01	1.541158340930607906e+01
5.641037846607397377e-01	1.484279352212155167e+01
5.711061833207126126e-01	1.429526276477811919e+01
5.781735315905245365e-01	1.376818713854048148e+01
5.853060749501992621e-01	1.326079324544934579e+01
5.925040540253969645e-01	1.277233709714313292e+01
5.997677043367557470e-01	1.230210349600756636e+01
6.070972562728798039e-01	1.184940439003572443e+01
6.144929350723942196e-01	1.141357783867114151e+01
6.219549605675120940e-01	1.099398748497569045e+01
6.294835471606241573e-01	1.059002111157449377e+01
6.370789038068167542e-01	1.020108969877730765e+01
6.447412337559359496e-01	9.826626952919706781e+00
6.524707345310879480e-01	9.466088044151042880e+00
6.602675979099316139e-01	9.118948751581022805e+00
6.681320096694156607e-01	8.784705019590138164e+00
6.760641495904131659e-01	8.462871984582163165e+00
6.840641913069942515e-01	8.152983085347354830e+00
6.921323023161449761e-01	7.854589526882111983e+00
7.002686436972589412e-01	7.567259623376263455e+00
7.084733702147658629e-01	7.290578070291055646e+00
7.167466300551457170e-01	7.024145374546035825e+00
7.250885648014260276e-01	6.767577185471182588e+00
7.334993094009492065e-01	6.520503672560531427e+00
7.419789919247772314e-01	6.282569106420576865e+00
7.505277336280156142e-01	6.053431214311325803e+00
7.591456487165502143e-01	5.832760705341388352e+00
7.678328443767062916e-01	5.620240754250240833e+00
7.765894205727080779e-01	5.415566543625074836e+00
7.854154700474272888e-01	5.218444776005650709e+00
7.943110781778693896e-01	5.028593205969491997e+00
8.032763229067458877e-01	4.845740355506383601e+00
8.123112746123930528e-01	4.669624964515254106e+00
8.214159960861507903e-01	4.499995606343276222e+00
8.305905424180914931e-01	4.336610381967275885e+00
8.398349608513382414e-01	4.179236532066874510e+00
8.491492908174820275e-01	4.027650053679335151e+00
8.585335637072591952e-01	3.881635406988205972e+00
8.679878029405954099e-01	3.740985156893993135e+00
8.775120237447612270e-01	3.605499723754504782e+00
8.871062331290102687e-01	3.474987015960685710e+00
8.967704298777169347e-01	3.349262146802497231e+00
9.065046043333913062e-01	3.228147244372612690e+00
9.163087383834097599e-01	3.111471100882885477e+00
9.261828054635818930e-01	2.999068920761873702e+00
9.361267703048145039e-01	2.890782130156182905e+00
9.461405890626771731e-01	2.786458089362197299e+00
9.562242090668090500e-01	2.685949912168995368e+00
9.663775688507024730e-01	2.589116223603666445e+00
9.766005980283564147e-01	2.495820954483869425e+00
9.868932173398918817e-01	2.405933075985967395e+00
9.972553384167004431e-01	2.319326554222933989e+00
1.007686863797986776e+00	2.235880037475045157e+00
1.018187686955150495e+00	2.155476697448198475e+00
1.028757692059896645e+00	2.078004121946888105e+00
1.039396754007406054e+00	2.003354091240663326e+00
1.050104738444002539e+00	1.931422374337724790e+00
1.060881501542725092e+00	1.862108729712546484e+00
1.071726890031463153e+00	1.795316605203646443e+00
1.082640741221992498e+00	1.730953046116127103e+00
1.093622882797644191e+00	1.668928597368769973e+00
1.104673132844612438e+00	1.609157129334289005e+00
1.115791299880599663e+00	1.551555710625097007e+00
1.126977182636826225e+00	1.496044516529458024e+00
1.138230570201597791e+00	1.442546686144013934e+00
1.149551241825459202e+00	1.390988231083692073e+00
1.160938966948108719e+00	1.341297911842364687e+00
1.172393505216716481e+00	1.293407131430137191e+00
1.183914606324100172e+00	1.247249858167832848e+00
1.195502010099313894e+00	1.202762491079230722e+00
1.207155446398528342e+00	1.159883819148991746e+00
1.218874635112359606e+00	1.118554890062207541e+00
1.230659286124128782e+00	1.078718941233363537e+00
1.242509099298485298e+00	1.040321312262011633e+00
1.254423764472320180e+00	1.003309375292858130e+00
1.266402961370823199e+00	9.676324519537853330e-01
1.278446359705579072e+00	9.332417383152431523e-01
1.290553619022685172e+00	9.000902395006153967e-01
1.302724388841550507e+00	8.681326993088027688e-01
1.314958308484526439e+00	8.373255357698855539e-01
1.327255007242223783e+00	8.076267790319272555e-01
1.339614104188274979e+00	7.789960094545088642e-01
1.352035208366243690e+00	7.513942997004968705e-01
1.364517918613294745e+00	7.247841643520183119e-01
1.377061823687154130e+00	6.991294939816836695e-01
1.389666502253786406e+00	6.743955085483867018e-01
1.402331522881616888e+00	6.505487226171625670e-01
1.415056443942626085e+00	6.275568963776081421e-01
1.427840813655292251e+00	6.053889414921239664e-01
1.440684170746186155e+00	5.840149173209314704e-01
1.453586043060954625e+00	5.634060298263648958e-01
1.466545949040968466e+00	5.435345135228939473e-01
1.479563396784814522e+00	5.243736067813586921e-01
1.492637884870802845e+00	5.058975517097673569e-01
1.505768901310195362e+00	4.880815357082270434e-01
1.518955924957267500e+00	4.709016736219762134e-01
1.532198423685513955e+00	4.543349395000892965e-01
1.545495856990571015e+00	4.383591120493331439e-01
1.558847673698688041e+00	4.229528447580139239e-01
1.572253312697710737e+00	4.080955808009384400e-01
1.585712203770245576e+00	3.937674507089357623e-01
1.599223767068124191e+00	3.799493536038617836e-01
1.612787412434754541e+00	3.666229082309484522e-01
1.626402540900992122e+00	3.537703563561949704e-01
1.640068544032775577e+00	3.413745994164877340e-01
1.653784803266186376e+00	3.294192259110091947e-01
1.667550691432319931e+00	3.178883411898823508e-01
1.681365572008999720e+00	3.067666648788611172e-01
1.695228798675092463e+00	2.960394905692877443e-01
1.709139716609312298e+00	2.856926133401774814e-01
1.723097661944555492e+00	2.757123670975765162e-01
1.737101961074364764e+00	2.660855948674709093e-01
1.751151932392430943e+00	2.567995841812524271e-01
1.765246885313431768e+00	2.478421115347387294e-01
1.779386119701605429e+00	2.392014068377701086e-01
1.793568927917481348e+00	2.308660916215289072e-01
1.807794593369619562e+00	2.228252267762661776e-01
1.822062390489257444e+00	2.150682808305309779e-01
1.836371586074886375e+00	2.075850740568527253e-01
1.850721438659289841e+00	2.003658112041208361e-01
1.865111197949437694e+00	1.934010619381570095e-01
1.879540106487697759e+00	1.866817253957621936e-01
1.894007398078044080e+00	1.801990340548255687e-01
1.908512299450490168e+00	1.739445346654281965e-01
1.923054029180907953e+00	1.679100850934046596e-01
1.937631798304480180e+00	1.620878375661952420e-01
1.952244810664328201e+00	1.564702206974543375e-01
1.966892262531816815e+00	1.510499417728146665e-01
1.981573343207709836e+00	1.458199803916785664e-01
1.996287234038300662e+00	1.407735610316983299e-01
2.011033110998677653e+00	1.359041424559327971e-01
2.025810141833022548e+00	1.312054333164501263e-01
2.040617488492501685e+00	1.266713685188407545e-01
2.055454305721713837e+00	1.222960968754032846e-01
2.070319742446097511e+00	1.180739810736803619e-01
2.085212940749131327e+00	1.139995878291931303e-01
2.100133036925789121e+00	1.100676704040032400e-01
2.115079161887080783e+00	1.062731742436674037e-01
2.130050439405029028e+00	1.026112348467289881e-01
2.145045988855058816e+00	9.907715007485362602e-02
2.160064922780003283e+00	9.566641650050769496e-02
2.175106349751106727e+00	9.237475213696794141e-02
2.190169361336839149e+00	8.919776639725676692e-02
2.205253088504671943e+00	8.613131656497674538e-02
2.220356590676430653e+00	8.317180351145678219e-02
2.235478967408576434e+00	8.031539338716031651e-02
2.250619301631469948e+00	7.755830778786124147e-02
2.265776673040823752e+00	7.489709978275566060e-02
2.280950156914608673e+00	7.232839347446558265e-02
2.296138823016829811e+00	6.984893465846368776e-02
2.311341739483215196e+00	6.745557042053734742e-02
2.326557969433939110e+00	6.514527050775099914e-02
2.341786572661952004e+00	6.291511661114025655e-02
2.357026605649002793e+00	6.076228740651174604e-02
2.372277121855411952e+00	5.868405777709271437e-02
2.387537171647758694e+00	5.667782355525951415e-02
2.402805802520792344e+00	5.474111947034803610e-02
2.418082045883506392e+00	5.287137051472505511e-02
2.433364985307064465e+00	5.106617578454657885e-02
2.448653619956865146e+00	4.932354676417721046e-02
2.463946988809669225e+00	4.764113237302642495e-02
2.479244167478914296e+00	4.601667760346106473e-02
2.494544151349392891e+00	4.444843502529093743e-02
2.509845974526372370e+00	4.293430714147119381e-02
2.525148705758348378e+00	4.147226793767282843e-02
2.540451338637864875e+00	4.006069549314945216e-02
2.555752916005935127e+00	3.869779349262857104e-02
2.571052466579464735e+00	3.738179068594364024e-02
2.586349019165266050e+00	3.611108276770074593e-02
2.601641601979481244e+00	3.488409147978119296e-02
2.616929243361809654e+00	3.369930380847852708e-02
2.632210967462557338e+00	3.255522661355845365e-02
2.647485814643359969e+00	3.145042981663085518e-02
2.662752802149418230e+00	3.038358532863632069e-02
2.678010963087826823e+00	2.935336531642009084e-02
2.693259328325370294e+00	2.835847704358475385e-02
2.708496929125720598e+00	2.739770068689281746e-02
2.723722798201475115e+00	2.646985090775354210e-02
2.738935969873752097e+00	2.557378339496185413e-02
2.754135479526224284e+00	2.470839858981635148e-02
2.769320364845656801e+00	2.387264075936307989e-02
2.784489660806461320e+00	2.306546141628933871e-02
2.799642423901649302e+00	2.228586103250067285e-02
2.814777683357184035e+00	2.153291935913095867e-02
2.829894491048411620e+00	2.080570593066472657e-02
2.844991896520104646e+00	2.010331389231832452e-02
2.860068952545560705e+00	1.942488854666800727e-02
2.875124714866585940e+00	1.876961006571016555e-02
2.890158242585662673e+00	1.813671130448491278e-02
2.905168577091525428e+00	1.752534889775104673e-02
2.920154849356711768e+00	1.693475276481729019e-02
2.935116065280835684e+00	1.636435010480701349e-02
2.950051300697323242e+00	1.581336371010319888e-02
2.964959695592733091e+00	1.528104275679016341e-02
2.979840272228426734e+00	1.476686705155508435e-02
2.994692139178674495e+00	1.427019167596487760e-02
3.009514389673749513e+00	1.379036944827146706e-02
3.024306121412001058e+00	1.332684164171938843e-02
3.039066437883024108e+00	1.287904737489903133e-02
3.053794448071973644e+00	1.244644581071847715e-02
3.068489265976322322e+00	1.202851560693049722e-02
3.083150011919142841e+00	1.162475274276131634e-02
3.097775811993724204e+00	1.123467094033442706e-02
3.112365798268220018e+00	1.085780076730043404e-02
3.126919109574792355e+00	1.049368791577567905e-02
3.141434890460005569e+00	1.014189894547034600e-02
3.155912293008720226e+00	9.802025507857005382e-03
3.170350458943691940e+00	9.473631239589006339e-03
3.184748602877714330e+00	9.156309029885829551e-03
3.199105848178845690e+00	8.849728882312092593e-03
3.213421391086839662e+00	8.553513701278755987e-03
3.227694418775886920e+00	8.267287681228870089e-03
3.241924125946201052e+00	7.990721268279689371e-03
3.256109713269335071e+00	7.723481375488228974e-03
3.270250397552913135e+00	7.465248171846974867e-03
3.284345391141524129e+00	7.215719987534609421e-03
3.298393922426115843e+00	6.974599117944153305e-03
3.312395226874553344e+00	6.741596104835068451e-03
3.326348547735022532e+00	6.516436458912772817e-03
3.340253137568228059e+00	6.298857330068355180e-03
3.354108249713706691e+00	6.088593037794663015e-03
3.367913174930686537e+00	5.885390351170939442e-03
3.381667171676781436e+00	5.689022835888925961e-03
3.395369534227651087e+00	5.499255925940770007e-03
3.409019560000421389e+00	5.315858960862312153e-03
3.422616555727752807e+00	5.138618543716583220e-03
3.436159837017840335e+00	4.967326045296196688e-03
3.449648729770665501e+00	4.801779452606975279e-03
3.463082569547479395e+00	4.641784014866220595e-03
3.476460701125573483e+00	4.487151873421807088e-03
3.489782479899342427e+00	4.337701124554554401e-03
3.503047271211412905e+00	4.193256394893017831e-03
3.516254449980051877e+00	4.053648487671121341e-03
3.529403401999668510e+00	3.918713556874908049e-03
3.542493523366094355e+00	3.788293695905785557e-03
3.555524219822013166e+00	3.662236511539252934e-03
3.568494908576172353e+00	3.540394330167679748e-03
3.581405017218633802e+00	3.422624982268467932e-03
3.594253983045461176e+00	3.308791222634000374e-03
3.607041255515145206e+00	3.198759922658255591e-03
3.619766294245916338e+00	3.092402981013135915e-03
3.632428569251546335e+00	2.989596785550043163e-03
3.645027562299060886e+00	2.890221451118545840e-03
3.657562766036122959e+00	2.794161439767075920e-03
3.670033683608292741e+00	2.701305285246714469e-03
3.682439830048068963e+00	2.611545148506110026e-03
3.694780730823477466e+00	2.524776901035579325e-03
3.707055923359872107e+00	2.440899901759856737e-03
3.719264955900674074e+00	2.359817041203192065e-03
3.731407387991677371e+00	2.281434480605711197e-03
3.743482790921052850e+00	2.205661465721721424e-03
3.755490747026996701e+00	2.132410471385335661e-03
3.767430850069780846e+00	2.061596864033103920e-03
3.779302705525601880e+00	1.993138921409989307e-03
3.791105930237938182e+00	1.926958095277128084e-03
3.802840150365893290e+00	1.862977281463930107e-03
3.814505011728286377e+00	1.801122472340995796e-03
3.826100159745220441e+00	1.741324262684705625e-03
3.837625257075916618e+00	1.683512656797068845e-03
3.849079985080874344e+00	1.627620182353510959e-03
3.860464022662063233e+00	1.573584387958307891e-03
3.871777070251198882e+00	1.521342852681409168e-03
3.883018836380014882e+00	1.470834969890117729e-03
3.894189042435968418e+00	1.422003152595540179e-03
3.905287419489902767e+00	1.374791627725719268e-03
3.916313712331610297e+00	1.329146713253455446e-03
3.927267672002340948e+00	1.285014902019863004e-03
3.938149077302601331e+00	1.242345299810435327e-03
3.948957694312244637e+00	1.201091363205348444e-03
3.959693315633841415e+00	1.161205082566966725e-03
3.970355746178356071e+00	1.122639795412116743e-03
3.980944794569743816e+00	1.085352544010344950e-03
3.991460286051507822e+00	1.049300632377908257e-03
4.001902055731099139e+00	1.014442681042046924e-03
4.012269950058402479e+00	9.807390746187261317e-04
4.022563826817445509e+00	9.481513802769434484e-04
4.032783554808662352e+00	9.166425560395360939e-04
4.042929014011887645e+00	8.861769068247283936e-04
4.053000093644619106e+00	8.567190825195498223e-04
4.062996701648143194e+00	8.282360703497827379e-04
4.072918745164875176e+00	8.006987092166976006e-04
4.082766124585672785e+00	7.740702072940413821e-04
4.092538851626360774e+00	7.483177113349142283e-04
4.102236794878934667e+00	7.234214974803512095e-04
4.111859931595623685e+00	6.993502295030234149e-04
4.121408243046724706e+00	6.760726892309179992e-04
4.130881692260534699e+00	6.535677936321753574e-04
4.140280249066564444e+00	6.318056243615141360e-04
4.149603980957270899e+00	6.107590205010039958e-04
4.158852826830534255e+00	5.904110616467082417e-04
4.168026829540160350e+00	5.707378046061699741e-04
4.177126017616056508e+00	5.517165014380330783e-04
4.186150394733486380e+00	5.333216336901528808e-04
4.195100116353870590e+00	5.155299592106694744e-04
4.203975134169293248e+00	4.983306152279232473e-04
4.212775553181672628e+00	4.817020544275482739e-04
4.221501450915932985e+00	4.656213006293442739e-04
4.230152917236966736e+00	4.500721280137165263e-04
4.238730046863057765e+00	4.350366819546814460e-04
4.247232953828034674e+00	4.204981468538061861e-04
4.255661744188393492e+00	4.064409250233196524e-04
4.264016543211274879e+00	3.928483717208200356e-04
4.272297495845163162e+00	3.797044567867778045e-04
4.280504734032132497e+00	3.669957478678642139e-04
4.288638414843087610e+00	3.547097618873106006e-04
4.296698657339717009e+00	3.428280087850616451e-04
4.304685751415818551e+00	3.313352715927137438e-04
4.312599753928193280e+00	3.202259536711638942e-04
4.320440891858868149e+00	3.094858798585830412e-04
4.328209358470699541e+00	2.990997442651423992e-04
4.335905353867541834e+00	2.890570361940090062e-04
4.343529095821359043e+00	2.793465891833062879e-04
4.351080794764338400e+00	2.699589245945478895e-04
4.358560653823498221e+00	2.608810460542670875e-04
4.365968982175629343e+00	2.521016575178894369e-04
4.373305944775426113e+00	2.436152613151320537e-04
4.380571802483590460e+00	2.354103575438571219e-04
4.387766848848526635e+00	2.274755258139544024e-04
4.394891307987770723e+00	2.198044384781452703e-04
4.401945461308709007e+00	2.123879555153197513e-04
4.408929587781174497e+00	2.052168869794576093e-04
4.415843967336284592e+00	1.982836420184987743e-04
4.422688890491231817e+00	1.915803506096715636e-04
4.429464653258651019e+00	1.850993961984654583e-04
4.436171557426328960e+00	1.788334990051344820e-04
4.442809911444321358e+00	1.727755721428742681e-04
4.449380029598776431e+00	1.669187688707073395e-04
4.455882231884786826e+00	1.612564666630252280e-04
4.462316844435131102e+00	1.557822103011952477e-04
4.468684198355534321e+00	1.504899665071772041e-04
4.474984630976076794e+00	1.453743068957270737e-04
4.481218463058434409e+00	1.404282391006043105e-04
4.487386105724333163e+00	1.356456276154557742e-04
4.493487847831176829e+00	1.310231029120475317e-04
4.499524068083522010e+00	1.265549948686167095e-04
4.505495127323751348e+00	1.222352730724775782e-04
4.511401396054028012e+00	1.180594525522214754e-04
4.517243241433742895e+00	1.140228745240933600e-04
4.523021041971341916e+00	1.101209187226656345e-04
4.528735176199717216e+00	1.063491505978099872e-04
4.534386028447088712e+00	1.027033083889820713e-04
4.539973986827377850e+00	9.917924025173442107e-05
4.545499442181866634e+00	9.577291625215156052e-05
4.550962792868396001e+00	9.248049368910302148e-05
4.556364432619149696e+00	8.929820612355405466e-05
4.561704771583091400e+00	8.622235038001801099e-05
4.566984209660634342e+00	8.324953481808973260e-05
4.572203157303577292e+00	8.037637808244419509e-05
4.577362026822226149e+00	7.759956322581199094e-05
4.582461230874518066e+00	7.491585653521438829e-05
4.587501194123199788e+00	7.232215886554043619e-05
4.592482329776402139e+00	6.981564301724209473e-05
4.597405063401462932e+00	6.739340395544285011e-05
4.602269819808720186e+00	6.505260533124883067e-05
4.607077026832642197e+00	6.279058151104880033e-05
4.611827114397579308e+00	6.060473609751631922e-05
4.616520513737667919e+00	5.849256360093421441e-05
4.621157658819663006e+00	5.645162160193658885e-05
4.625738985279891580e+00	5.447956400897733034e-05
4.630264929518694395e+00	5.257412307922101110e-05
4.634735930716331609e+00	5.073308212143494753e-05
4.639152429249304710e+00	4.895432213227263798e-05
4.643514865330979902e+00	4.723579705209562750e-05
4.647823682549022450e+00	4.557549868832085229e-05
4.652079324142832206e+00	4.397149608778910330e-05
4.656282235277200421e+00	4.242193815426766290e-05
4.660432860699343927e+00	4.092504024536668279e-05
4.664531645943015725e+00	3.947902650029445079e-05
4.668579041168726462e+00	3.808219660097636277e-05
4.672575490569284007e+00	3.673297458645517814e-05
4.676521442295259234e+00	3.542976424057328025e-05
4.680417346142895063e+00	3.417100989560641744e-05
4.684263649237877303e+00	3.295526371390878186e-05
4.688060800162518582e+00	3.178109607795522929e-05
4.691809247990146758e+00	3.064711570414450068e-05
4.695509440638037546e+00	2.955198727678945772e-05
4.699161827195237784e+00	2.849441163133243569e-05
4.702766855088470699e+00	2.747317116942535681e-05
4.706324971222819009e+00	2.648710817209860019e-05
4.709836617001254666e+00	2.553487085132870164e-05
4.713302262248438623e+00	2.461534567150108416e-05
4.716722327922168390e+00	2.372788113914555642e-05
4.720097242908513735e+00	2.287092622495817055e-05
4.723427527937054116e+00	2.204317084650672692e-05
4.726713550104332029e+00	2.124438265952153696e-05
4.729955778225369833e+00	2.047343659856144089e-05
4.733154653369163078e+00	1.972909994737241036e-05
4.736310616279839181e+00	1.901062466835963733e-05
4.739424105913511376e+00	1.831713848661013349e-05
4.742495561752428479e+00	1.764781604650490174e-05
4.745525416757120141e+00	1.700182337363583161e-05
4.748514113785893720e+00	1.637836862803798083e-05
4.751462079587266629e+00	1.577677405534364200e-05
4.754369743256152248e+00	1.519622529986612831e-05
4.757237552109445211e+00	1.463596068100004502e-05
4.760065918469437385e+00	1.409543041062863287e-05
4.762855273649741150e+00	1.357392593717952708e-05
4.765606047338652118e+00	1.307074891110589197e-05
4.768318658688953882e+00	1.258533885411279274e-05
4.770993529060977956e+00	1.211706266055606111e-05
4.773631083328450764e+00	1.166533702606326933e-05
4.776231733678540259e+00	1.122970132693685335e-05
4.778795883680177603e+00	1.080946115404353148e-05
4.781323987788218766e+00	1.040403398102824787e-05
4.783816415806135147e+00	1.001320940652303155e-05
4.786273576837330346e+00	9.636312406707783133e-06
4.788695918365949211e+00	9.272714372747336539e-06
4.791083803453833667e+00	8.922230006471910534e-06
4.793437644937021958e+00	8.584334994875531170e-06
4.795757850675145484e+00	8.258508340078985795e-06
4.798044808739462042e+00	7.944464157982317047e-06
4.800298905031941565e+00	7.641693308333417480e-06
4.802520566849177719e+00	7.349749499003580622e-06
4.804710147672305531e+00	7.068423454326227656e-06
4.806868045648972299e+00	6.797325863189802747e-06
4.808994646163433195e+00	6.536091224855876306e-06
4.811090310939468928e+00	6.284294614732860809e-06
4.813155473433428533e+00	6.041559732000500527e-06
4.815190451907378488e+00	5.807760964132630076e-06
4.817195646410042720e+00	5.582543157847199895e-06
4.819171416693158072e+00	5.365584182634553393e-06
4.821118126586898534e+00	5.156600731699507022e-06
4.823036154482388760e+00	4.955172810968685357e-06
4.824925882277475431e+00	4.761128570361223254e-06
4.826787623905993030e+00	4.574383150977936656e-06
4.828621746497852030e+00	4.394540918386587118e-06
4.830428626771797518e+00	4.221284749727780217e-06
4.832208589156889111e+00	4.054490420779964322e-06
4.833961995046899496e+00	3.893932754018489160e-06
4.835689172195996477e+00	3.739330269078117120e-06
4.837390493814153203e+00	3.590462021474772082e-06
4.839066267641780605e+00	3.447199630712318642e-06
4.840716839380352354e+00	3.309329972516330220e-06
4.842342540518293603e+00	3.176629666838956108e-06
4.843943698713105483e+00	3.048924016498079960e-06
4.845520644626982509e+00	2.926035100031471378e-06
4.847073696431995593e+00	2.807815027228370265e-06
4.848603169126653789e+00	2.694068223657901709e-06
4.850109398927989091e+00	2.584619559714237776e-06
4.851592680110695888e+00	2.479366446401262772e-06
4.853053326556080904e+00	2.378135972002605670e-06
4.854491655897803071e+00	2.280759510371424072e-06
4.855907962435146885e+00	2.187128995009131893e-06
4.857302550427004206e+00	2.097101131516089318e-06
4.858675720648887975e+00	2.010535736621169593e-06
4.860027765779831199e+00	1.927316365669566970e-06
4.861358979100125488e+00	1.847319467188444369e-06
4.862669649969888930e+00	1.770425974142544434e-06
4.863960064174122522e+00	1.696524386489778513e-06
4.865230504888362617e+00	1.625504252423833167e-06
4.866481252672067548e+00	1.557259699320681303e-06
4.867712583896496525e+00	1.491689492611738254e-06
4.868924773059635669e+00	1.428694380555036256e-06
4.870118090665665811e+00	1.368180738217487240e-06
4.871292805210303278e+00	1.310062628863450057e-06
4.872449175909980390e+00	1.254238684039713064e-06
4.873587481006197208e+00	1.200617578601606013e-06
4.874707963382667764e+00	1.149138968250872994e-06
4.875810884390533673e+00	1.099718285736114594e-06
4.876896496901236056e+00	1.052268268493534072e-06
4.877965051866793189e+00	1.006719486584188028e-06
4.879016795332343115e+00	9.630008537424501644e-07
4.880051972755580891e+00	9.210425114251758084e-07
4.881070824898516847e+00	8.807783889478569253e-07
4.882073590279270903e+00	8.421446628953118858e-07
4.883060504597354523e+00	8.050789207307289773e-07
4.884031800392471645e+00	7.695209193744871061e-07
4.884987708685780028e+00	7.354136906613353571e-07
4.885928454396838205e+00	7.027010506600748389e-07
4.886854265376726403e+00	6.708373062316843810e-07
4.887765360248987001e+00	6.407754547843849855e-07
4.888661958439784350e+00	6.119537729450304722e-07
4.889544276324903294e+00	5.843261706406033106e-07
4.890412521669814438e+00	5.578390831592818787e-07
4.891266921566174375e+00	5.324446144612191048e-07
4.892107667396382809e+00	5.081129427924451610e-07
4.892934970041367571e+00	4.847994369398319370e-07
4.893749031828914298e+00	4.623162029917374225e-07
4.894550052987162836e+00	4.409177733495496673e-07
4.895338230878480523e+00	4.204185275300065730e-07
4.896113760014498162e+00	4.007827674263708669e-07
4.896876832874343499e+00	3.819756170917923441e-07
4.897627639382253761e+00	3.639641871122580500e-07
4.898366365795085109e+00	3.467167840831086007e-07
4.899093197542038425e+00	3.300554916601707896e-07
4.899808316451524703e+00	3.142501467859899811e-07
4.900511902722485935e+00	2.991191074260338399e-07
4.901204132997841079e+00	2.846354980252780711e-07
4.901885181177036976e+00	2.707712034744603223e-07
4.902555223649323501e+00	2.575008217684707836e-07
4.903214426410473337e+00	2.448041224791404842e-07
4.903862952340790393e+00	2.326515583482041496e-07
4.904500986097818149e+00	2.208741319115356925e-07
4.905128671705685228e+00	2.097526516787706896e-07
4.905746174392639603e+00	1.991126460428670443e-07
4.906353657879480856e+00	1.889292292790274171e-07
4.906951273768084931e+00	1.791864159748481251e-07
4.907539177761244709e+00	1.698648428368090233e-07
4.908117522147064982e+00	1.609456379060979550e-07
4.908686455349611677e+00	1.522655680733402051e-07
4.909246128355285954e+00	1.441047504678489062e-07
4.909796683694011676e+00	1.362963608354983179e-07
4.910338263792822566e+00	1.288251677264964936e-07
4.910871007550122513e+00	1.216697705297424948e-07
4.911395074055191046e+00	1.148171029909252776e-07
4.911910576842807075e+00	1.082652391302444087e-07
4.912417635179442854e+00	1.018387604836955630e-07
4.912916457827082084e+00	9.581642655680457166e-08
4.913407099949028911e+00	9.005291868198284622e-08
4.913889717304518179e+00	8.452983937033111755e-08
4.914364436844016915e+00	7.922587423447419507e-08
4.914831384365393241e+00	7.413270534114005261e-08
4.915290682608046247e+00	6.923710047384565461e-08
4.915742457306071067e+00	6.452626037516810602e-08
4.916186824009325385e+00	5.998752511572020363e-08
4.916623905134353656e+00	5.560769349005416952e-08
4.917053814550456536e+00	5.137459950452625109e-08
4.917476655864532198e+00	4.726916099751360723e-08
4.917892578830141304e+00	4.327278683229511433e-08
4.918301658362231876e+00	3.937331032825606214e-08
4.918704013146546039e+00	3.554484090515659321e-08
4.919099761004061655e+00	3.175455294733698572e-08
4.919488998650493272e+00	2.796398898381249688e-08
4.919871830633359089e+00	2.411219801237711148e-08
4.920248370938423044e+00	2.011327046830841915e-08
4.920618710416317043e+00	1.579687655866912277e-08
4.920982925413357023e+00	1.071099521013585024e-08
4.921341196900652193e+00	0.000000000000000000e+00
