# Data associated with arXiv:2110.09653
# 
# Scale-free J-factor angular distribution, J_S(theta), of a einasto0-13 dark matter distribution (see Eq. 8 and the surrounding discussion)
# 
# Published: 3/29/22, Jack Runburg, contact: runburg@hawaii.edu
# 
# 
# -----------------------------------------------------------------
# 
# 	 tilde theta 		 | 	 tilde J s-wave 		 | 	 tilde J p-wave 		 | 	 tilde J d-wave 		 | 	 tilde J sommerfeld 
# 
# -----------------------------------------------------------------
1.000000000000000021e-03	1.466682833833261102e+05	3.702390068336440163e+04	4.134503760339380824e+04	6.398099844343352597e+05
1.021192151037671062e-03	1.442439023271581100e+05	3.677009314799235290e+04	4.119161515626386245e+04	6.239278108298456063e+05
1.042833409340945643e-03	1.418481354870272917e+05	3.651552932990890986e+04	4.103708292202505982e+04	6.084000537652868079e+05
1.064933292458827233e-03	1.394796517089385015e+05	3.626015109858677170e+04	4.088139884617841744e+04	5.932100984127909178e+05
1.087501519637659123e-03	1.371386272841155587e+05	3.600399815520561970e+04	4.072456987437152566e+04	5.783542949024793925e+05
1.110548016095517111e-03	1.348255265887467831e+05	3.574713162634621403e+04	4.056661414433284517e+04	5.638301909736458911e+05
1.134082917387199208e-03	1.325405645575228264e+05	3.548959839865572576e+04	4.040754250056193996e+04	5.496352885371800512e+05
1.158116573861711456e-03	1.302824785207052773e+05	3.523134640736063011e+04	4.024731441288973292e+04	5.357533614939961117e+05
1.182659555214217667e-03	1.280514237770761538e+05	3.497241788273472775e+04	4.008593794287189667e+04	5.221808696473258897e+05
1.207722655134462354e-03	1.258478482640633883e+05	3.471287779549918196e+04	3.992343319089492434e+04	5.089164911550998222e+05
1.233316896053688856e-03	1.236718855619994720e+05	3.445277027713804273e+04	3.975980947779428971e+04	4.959562466185338562e+05
1.259453533992170365e-03	1.215223393545275321e+05	3.419204465395979787e+04	3.959502748550702381e+04	4.832860119917882257e+05
1.286144063509461061e-03	1.193993446212495037e+05	3.393072904163852218e+04	3.942909053389234032e+04	4.709014777108327253e+05
1.313400222759557485e-03	1.173033318686871062e+05	3.366888333409949701e+04	3.926201777830306673e+04	4.588020414868709049e+05
1.341233998653187541e-03	1.152343592138966924e+05	3.340654942381820001e+04	3.909381770564353792e+04	4.469828706568845082e+05
1.369657632129505243e-03	1.131912945175584464e+05	3.314368012494299910e+04	3.892445224157139455e+04	4.354312288320104126e+05
1.398683623539492566e-03	1.111742531808202184e+05	3.288032336128596944e+04	3.875393292651036609e+04	4.241443462254070910e+05
1.428324738143458596e-03	1.091836474344308954e+05	3.261655048356878979e+04	3.858228337432025000e+04	4.131200705479842727e+05
1.458594011725036863e-03	1.072194658087564894e+05	3.235240300224395105e+04	3.840951208606761793e+04	4.023551812566568842e+05
1.489504756324154782e-03	1.052806381225880032e+05	3.208783609859576245e+04	3.823558205168820132e+04	3.918375568339172751e+05
1.521070566091505720e-03	1.033672610040567670e+05	3.182289709891302482e+04	3.806050530877184065e+04	3.815635861677246285e+05
1.553305323267072666e-03	1.014797277050298871e+05	3.155764021997077361e+04	3.788429991986452660e+04	3.715328231660622405e+05
1.586223204285366938e-03	9.961796299860588624e+04	3.129209585946549487e+04	3.770697013253403566e+04	3.617397822905558278e+05
1.619838686010041055e-03	9.778095642462771502e+04	3.102622056732602505e+04	3.752847891067429737e+04	3.521742991748845088e+05
1.654166552100628336e-03	9.596878668960827054e+04	3.076006490085347104e+04	3.734884007804797875e+04	3.428337247513194452e+05
1.689221899514206692e-03	9.418182751151923731e+04	3.049370938660725733e+04	3.716808417197636300e+04	3.337164337696120492e+05
1.725020145144853453e-03	9.241994565604766831e+04	3.022719243987158188e+04	3.698621920181097812e+04	3.248188572198041948e+05
1.761577032603788440e-03	9.068218813532184868e+04	2.996047492863795924e+04	3.680321128705246520e+04	3.161311330872214749e+05
1.798908639143220224e-03	8.896861662943776173e+04	2.969360518239910016e+04	3.661907412693600781e+04	3.076501753263457213e+05
1.837031382726912916e-03	8.727958490876693395e+04	2.942664018745254361e+04	3.643382844051947177e+04	2.993751886401359807e+05
1.875962029250603357e-03	8.561490738012158545e+04	2.915960530646123152e+04	3.624747589698401134e+04	2.913012520000507939e+05
1.915717699915417882e-03	8.397368627033427765e+04	2.889246312623628182e+04	3.605998300222002581e+04	2.834198739600456320e+05
1.956315878757565116e-03	8.235596717020707729e+04	2.862526988765782880e+04	3.587136850226229581e+04	2.757287547275618417e+05
1.997774420337589726e-03	8.076208362331044918e+04	2.835811398348725561e+04	3.568167009205108479e+04	2.682266191481064889e+05
2.040111557592579582e-03	7.919180320140731055e+04	2.809102465625859622e+04	3.549089237584252987e+04	2.609097000847293239e+05
2.083345909854779961e-03	7.764428109092643717e+04	2.782396707353994861e+04	3.529900419895416417e+04	2.537700783703839406e+05
2.127496491040134757e-03	7.611954775852242892e+04	2.755697179467452588e+04	3.510601297689467901e+04	2.468045151642675337e+05
2.172582718010372237e-03	7.461791637825885846e+04	2.729011562456920365e+04	3.491195116819803661e+04	2.400126606372811075e+05
2.218624419112281976e-03	7.313911305444786558e+04	2.702342401599926961e+04	3.471682120831744396e+04	2.333898268629102968e+05
2.265641842897974604e-03	7.168234369309265458e+04	2.675686818091769965e+04	3.452059606854167941e+04	2.269292230627041135e+05
2.313655667029933423e-03	7.024762462729751132e+04	2.649050784960389865e+04	3.432329998717200942e+04	2.206288173038020905e+05
2.362687007374795686e-03	6.883524864540701674e+04	2.622443739860358255e+04	3.412497733431838424e+04	2.144875465091128426e+05
2.412757427289825233e-03	6.744490557626576629e+04	2.595866621970241249e+04	3.392562381935580925e+04	2.085015375813531573e+05
2.463888947106213784e-03	6.607584982577743358e+04	2.569313688790695596e+04	3.372519655152496853e+04	2.026639461160447390e+05
2.516104053813336943e-03	6.472808459769593901e+04	2.542790823568598717e+04	3.352371941547020106e+04	1.969723508704023552e+05
2.569425710948245768e-03	6.340188240038255753e+04	2.516307522641328978e+04	3.332123755053749483e+04	1.914267823194985976e+05
2.623877368694733318e-03	6.209690179107672157e+04	2.489865846954254448e+04	3.311775371805448231e+04	1.860228164491459029e+05
2.679482974196439188e-03	6.081244347579195892e+04	2.463463304530502501e+04	3.291324465495727054e+04	1.807548590898331604e+05
2.736266982088478034e-03	5.954849854924182000e+04	2.437104507887188811e+04	3.270772958055831987e+04	1.756209722450659028e+05
2.794254365252289707e-03	5.830531945673941664e+04	2.410796441976163987e+04	3.250124249914788015e+04	1.706198163239215501e+05
2.853470625798387814e-03	5.708253827142289811e+04	2.384540474672545679e+04	3.229378372905645301e+04	1.657479958853859862e+05
2.913941806281861776e-03	5.587949984246224631e+04	2.358334410590282641e+04	3.208533214439060248e+04	1.610003200615837413e+05
2.975694501155571117e-03	5.469618417024229711e+04	2.332184624142743269e+04	3.187591981894127093e+04	1.563747712972244190e+05
3.038755868466027146e-03	5.353282396091026021e+04	2.306101041871613779e+04	3.166560129486047663e+04	1.518711363546310458e+05
3.103153641797168783e-03	5.238902937097819813e+04	2.280082113560036305e+04	3.145436016101033601e+04	1.474851418978177244e+05
3.168916142467233243e-03	5.126418726684156718e+04	2.254123965433947888e+04	3.124216675210029280e+04	1.432121411259091401e+05
3.236072291984112663e-03	5.015826756954580924e+04	2.228232766392986741e+04	3.102905257684722892e+04	1.390504125337496225e+05
3.304651624764658874e-03	4.907148367094805872e+04	2.202418974747561151e+04	3.081507761583187312e+04	1.349996243913989165e+05
3.374684301123556836e-03	4.800342813110774296e+04	2.176683568231423487e+04	3.060024325509769551e+04	1.310562540851580998e+05
3.446201120537424525e-03	4.695352775783831748e+04	2.151022492334554408e+04	3.038451870580037212e+04	1.272159513020857557e+05
3.519233535190044709e-03	4.592174339783186588e+04	2.125439543361203687e+04	3.016792360472913424e+04	1.234769619088700420e+05
3.593813663804625805e-03	4.490826963571632223e+04	2.099944679169396477e+04	2.995051748529465840e+04	1.198386236084701377e+05
3.669974305769219299e-03	4.391268551205562835e+04	2.074538667353356141e+04	2.973230270913049389e+04	1.162979232238457189e+05
3.747748955561452412e-03	4.293445574633142678e+04	2.049220645258230434e+04	2.951327434654209355e+04	1.128512145341825235e+05
3.827171817478984984e-03	4.197353309884812916e+04	2.023994351047712553e+04	2.929345314349306500e+04	1.094966181544913561e+05
3.908277820682117681e-03	4.103009393794510106e+04	1.998867288753244429e+04	2.907288378941494375e+04	1.062336240556330740e+05
3.991102634555192957e-03	4.010370759907181491e+04	1.973839497369530727e+04	2.885156526141176801e+04	1.030590120140572981e+05
4.075682684393532908e-03	3.919387473769253120e+04	1.948909853670996381e+04	2.862948860153205896e+04	9.996958003581460798e+04
4.162055167422817371e-03	3.830054099324870185e+04	1.924084937110658211e+04	2.840669926430307896e+04	9.696401817973334983e+04
4.250258069157961290e-03	3.742386517937223834e+04	1.899371547914479015e+04	2.818324060320568969e+04	9.404154051205686119e+04
4.340330180108637088e-03	3.656341047576339042e+04	1.874767556183926717e+04	2.795909751704110386e+04	9.119912202265582164e+04
4.432311112838861061e-03	3.571871155450073275e+04	1.850272429145573915e+04	2.773426985733610127e+04	8.843387665979392477e+04
4.526241319388085715e-03	3.488970787417762767e+04	1.825892864274809835e+04	2.750880792246160490e+04	8.574471458125257050e+04
4.622162109061505458e-03	3.407654141502724815e+04	1.801638035966466487e+04	2.728277674330574882e+04	8.313097821158902661e+04
4.720115666597336779e-03	3.327877248098850396e+04	1.777502920235073907e+04	2.705613758096619495e+04	8.058977837694551272e+04
4.820145070719144588e-03	3.249596790272980070e+04	1.753486765348818881e+04	2.682888908054188141e+04	7.811847371476396802e+04
4.922294313081310678e-03	3.172806186296808664e+04	1.729596230545883373e+04	2.660108580051634272e+04	7.571588625757953560e+04
5.026608317615998724e-03	3.097518028477416010e+04	1.705841147441887733e+04	2.637280174830026590e+04	7.338161757424222014e+04
5.133132960290130720e-03	3.023688360437417577e+04	1.682216572307834213e+04	2.614400024561704413e+04	7.111286023517529247e+04
5.241915089281041530e-03	2.951276901185253519e+04	1.658720928503270625e+04	2.591467633568097517e+04	6.890725007049493433e+04
5.353002545579732367e-03	2.880276628715108745e+04	1.635360683236059958e+04	2.568488455444862120e+04	6.676368251130197314e+04
5.466444184030696055e-03	2.810698611220827661e+04	1.612146129102938721e+04	2.545470934862247668e+04	6.468198506966591231e+04
5.582289894817666839e-03	2.742499179237472345e+04	1.589072086704202593e+04	2.522411342039653391e+04	6.265945449156755785e+04
5.700590625404708227e-03	2.675640914581832840e+04	1.566136329124134863e+04	2.499308687137784727e+04	6.069389199690771056e+04
5.821398402942216249e-03	2.610116437864233012e+04	1.543345448681596463e+04	2.476168945839114531e+04	5.878443818393249967e+04
5.944766357147824969e-03	2.545935378092191240e+04	1.520709839827119686e+04	2.453001401452238133e+04	5.693069671413105243e+04
6.070748743672167193e-03	2.483054599794239039e+04	1.498223544967375165e+04	2.429801790307014744e+04	5.513023733778730821e+04
6.199400967959818945e-03	2.421439380657187576e+04	1.475884756729408036e+04	2.406569457906718162e+04	5.338112307013413374e+04
6.330779609615908021e-03	2.361082062663681063e+04	1.453700244946511884e+04	2.383311275588837088e+04	5.168263933250660921e+04
6.464942447289089879e-03	2.301990923221138291e+04	1.431679241905473828e+04	2.360035547528626194e+04	5.003430173555892543e+04
6.601948484081890736e-03	2.244123581136550274e+04	1.409815510428485686e+04	2.336738079077918155e+04	4.843397932626096735e+04
6.741857973499477616e-03	2.187447849735429190e+04	1.388108276853792631e+04	2.313419698692400561e+04	4.687987601246998383e+04
6.884732445948405985e-03	2.131955866499398326e+04	1.366563875792000727e+04	2.290087301778467372e+04	4.537128540267719654e+04
7.030634735796891313e-03	2.077654646398553450e+04	1.345190696965146890e+04	2.266748765500307491e+04	4.390782695987258921e+04
7.179629009008595825e-03	2.024502756946063528e+04	1.323981696315248882e+04	2.243398882710321413e+04	4.248740644523551600e+04
7.331780791361950343e-03	1.972470393594314010e+04	1.302937531060852234e+04	2.220040283725330664e+04	4.110864391038121539e+04
7.487156997267587974e-03	1.921549558566667838e+04	1.282064272318024450e+04	2.196679981943966050e+04	3.977080001369040838e+04
7.645825959196438613e-03	1.871746094313240610e+04	1.261367472333403202e+04	2.173323323221900500e+04	3.847340869464838033e+04
7.807857457731475631e-03	1.823019686383087173e+04	1.240842397440151217e+04	2.149967628478407278e+04	3.721463442542526172e+04
7.973322752256328111e-03	1.775342765400393546e+04	1.220489743234928756e+04	2.126615893469539878e+04	3.599330003215679608e+04
8.142294612294233985e-03	1.728707262743577667e+04	1.200313394555869854e+04	2.103273285328254133e+04	3.480858865861824597e+04
8.314847349511189298e-03	1.683117938095869613e+04	1.180319567044056021e+04	2.079946565094482139e+04	3.366018806959992799e+04
8.491056850397209546e-03	1.638535740220520529e+04	1.160504741979059690e+04	2.056634917012748701e+04	3.254641409659620331e+04
8.671000609640279119e-03	1.594935194664613300e+04	1.140868603289261591e+04	2.033340184095055884e+04	3.146619940173191935e+04
8.854757764207504128e-03	1.552308220947789232e+04	1.121412621818946172e+04	2.010064922472024773e+04	3.041869681652757936e+04
9.042409128148579806e-03	1.510658585445391509e+04	1.102145702516624442e+04	1.986819660668496726e+04	2.940373687807731039e+04
9.234037228136720080e-03	1.469948621875096796e+04	1.083064023849190744e+04	1.963603714273933292e+04	2.841982913293121601e+04
9.429726339762870002e-03	1.430154816805013252e+04	1.064164361647431906e+04	1.940415604550762873e+04	2.746584964440829572e+04
9.629562524599030379e-03	1.391269132192989673e+04	1.045450059168023290e+04	1.917260487073499098e+04	2.654113972176548850e+04
9.833633668047030499e-03	1.353294428799328671e+04	1.026930920535678524e+04	1.894150721086567137e+04	2.564556495256003836e+04
1.004202951798940403e-02	1.316194524959794762e+04	1.008599641084839641e+04	1.871080913054428311e+04	2.477766902837083762e+04
1.025484172425938229e-02	1.279947741175735609e+04	9.904539623435033718e+03	1.848050715305879930e+04	2.393648282068557819e+04
1.047216387894729824e-02	1.244546130457472282e+04	9.724992550804343409e+03	1.825068613385944627e+04	2.312152814924218183e+04
1.069409155756119272e-02	1.209991734020141485e+04	9.547422748104418133e+03	1.802143855500126301e+04	2.233250797236329890e+04
1.092072236105970547e-02	1.176249933649434206e+04	9.371752268806221764e+03	1.779270539925144840e+04	2.156813335569126866e+04
1.115215595877575537e-02	1.143300762673661666e+04	9.197993238242008374e+03	1.756453626425915718e+04	2.082764633474061702e+04
1.138849413224978825e-02	1.111136408958877655e+04	9.026167032487112010e+03	1.733697628321846059e+04	2.011052237631766548e+04
1.162984081999205582e-02	1.079758177488986439e+04	8.856331347528081096e+03	1.711010632516714395e+04	1.941644942500031902e+04
1.187630216319339981e-02	1.049133072796107263e+04	8.688441587466004421e+03	1.688391715038860275e+04	1.874439287124071780e+04
1.212798655240480798e-02	1.019242726317394772e+04	8.522475217559136581e+03	1.665841134245537251e+04	1.809355909091493959e+04
1.238500467520621366e-02	9.900794993653669735e+03	8.358456368511431720e+03	1.643364009946183432e+04	1.746349187488841199e+04
1.264746956488544717e-02	9.616440411489791586e+03	8.196461155282640902e+03	1.620971127054063982e+04	1.685400868279966744e+04
1.291549665014883955e-02	9.339050199027480630e+03	8.036409947955336975e+03	1.598656848642153091e+04	1.626403300657423279e+04
1.318920380588532899e-02	9.068455564792122459e+03	7.878294034404837475e+03	1.576423633404595057e+04	1.569291253688033066e+04
1.346871140500627631e-02	8.804582192825380844e+03	7.722153384145321979e+03	1.554279323629218197e+04	1.514030518561216195e+04
1.375414237138396570e-02	8.547430787244538806e+03	7.568024911802617680e+03	1.532230072008686693e+04	1.460590065879854410e+04
1.404562223391196511e-02	8.296704910743215805e+03	7.415855497658210879e+03	1.510274597199197706e+04	1.408883495051163300e+04
1.434327918171109106e-02	8.052249637179457750e+03	7.265635304447706403e+03	1.488414832065277733e+04	1.358853803768715261e+04
1.464724412050539583e-02	7.813993008838780042e+03	7.117374596586873849e+03	1.466654658031988765e+04	1.310458996381596808e+04
1.495765073019278586e-02	7.581930676601032246e+03	6.971141571146150454e+03	1.445005536775199653e+04	1.263683662236074269e+04
1.527463552363575450e-02	7.355783170434863678e+03	6.826859133526505502e+03	1.423461465896049776e+04	1.218443582344424976e+04
1.559833790669801906e-02	7.135408458592030001e+03	6.684509009308378154e+03	1.402023510330097997e+04	1.174685197416183655e+04
1.592890023955338338e-02	6.920737183516626828e+03	6.544128687267630085e+03	1.380700365530018462e+04	1.132379038399785713e+04
1.626646789929399317e-02	6.711760634858062076e+03	6.405749278522477653e+03	1.359498116760225821e+04	1.091503563072811812e+04
1.661118934386526108e-02	6.508216260358255568e+03	6.269313320811944322e+03	1.338414730023440643e+04	1.051986036568459349e+04
1.696321617735579643e-02	6.309974005027912426e+03	6.134806200575288130e+03	1.317451945116639763e+04	1.013780838973204300e+04
1.732270321667098503e-02	6.116967309568258315e+03	6.002238557882531495e+03	1.296614110628962408e+04	9.768550419853661879e+03
1.768980855961942850e-02	5.929183752088459187e+03	5.871670150477624702e+03	1.275912567408534778e+04	9.411987161805973301e+03
1.806469365444235767e-02	5.746377523278711124e+03	5.743012118945652219e+03	1.255339005896550952e+04	9.067372532718984075e+03
1.844752337081655841e-02	5.568429680688988810e+03	5.616260483878866580e+03	1.234897358995887771e+04	8.734342722309411329e+03
1.883846607236187159e-02	5.395276618464150488e+03	5.491432675251701767e+03	1.214593382429250232e+04	8.412633747900765229e+03
1.923769369068539445e-02	5.226902811522666525e+03	5.368561755913985508e+03	1.194434733341673200e+04	8.102088768611001797e+03
1.964538180099485026e-02	5.063078905845214649e+03	5.247587007195434126e+03	1.174418686964977678e+04	7.802095298589281811e+03
2.006170969931423895e-02	4.903696258214320551e+03	5.128484169761229168e+03	1.154544958856839912e+04	7.512304758841462899e+03
2.048686048133601528e-02	4.748694333330541667e+03	5.011274464816930049e+03	1.134820231929048350e+04	7.232493136236428654e+03
2.092102112294418406e-02	4.598055063728193090e+03	4.895989431650962615e+03	1.115251873906356741e+04	6.962509947785872100e+03
2.136438256244391209e-02	4.451565168608081876e+03	4.782554260013153907e+03	1.095834314220320084e+04	6.701798603869787257e+03
2.181713978453380873e-02	4.309125539440025932e+03	4.670962760410454393e+03	1.076570852090381959e+04	6.450081097794501147e+03
2.227949190605761978e-02	4.170678791015248862e+03	4.561217711337811124e+03	1.057465445154779991e+04	6.207118381502456032e+03
2.275164226357336353e-02	4.036204829605435407e+03	4.453362187650060150e+03	1.038528463722108063e+04	5.972804070117753326e+03
2.323379850277806913e-02	3.905505982214543110e+03	4.347310800021049545e+03	1.019751144633002696e+04	5.746637853070305027e+03
2.372617266982774559e-02	3.778491956246220525e+03	4.243058549336231408e+03	1.001137084882628187e+04	5.528357566463733747e+03
2.422898130459259780e-02	3.655108563347971540e+03	4.140608838201086655e+03	9.826905280729672086e+03	5.317777822136328723e+03
2.474244553588843265e-02	3.535334154100351043e+03	4.039992942272990149e+03	9.644199694106557217e+03	5.114772878307580868e+03
2.526679117872631872e-02	3.418986127421758738e+03	3.941139998043518972e+03	9.463199204222815752e+03	4.918919270924880038e+03
2.580224883362318075e-02	3.305982333049289082e+03	3.844029669489319531e+03	9.283903384056917275e+03	4.729969978343041475e+03
2.634905398801689475e-02	3.196271794608918754e+03	3.748677416026651372e+03	9.106379702540652943e+03	4.547780072743201345e+03
2.690744711983068457e-02	3.089831733031495332e+03	3.655096268849370972e+03	8.930677868736302116e+03	4.372217687688732440e+03
2.747767380323228384e-02	2.986494025747625074e+03	3.563223912787824702e+03	8.756757395493103104e+03	4.202912365766598668e+03
2.805998481663422514e-02	2.886184033177457422e+03	3.473039876886207821e+03	8.584622051234140599e+03	4.039653425434664769e+03
2.865463625298309350e-02	2.788853978951858153e+03	3.384556584533665500e+03	8.414333383601062451e+03	3.882300352044021565e+03
2.926188963238583740e-02	2.694480335647911033e+03	3.297783166477151553e+03	8.245931604430994412e+03	3.730746253901681484e+03
2.988201201712300387e-02	2.602908820098662545e+03	3.212657078566719974e+03	8.079370452689705417e+03	3.584654321467806312e+03
3.051527612909937445e-02	2.514071712213904902e+03	3.129160320056708770e+03	7.914660080469091554e+03	3.443847031649149358e+03
3.116196046978347151e-02	2.427924398473481688e+03	3.047299867683087086e+03	7.751854904210314089e+03	3.308195750691549165e+03
3.182234944268905880e-02	2.344442942211819627e+03	2.967086942066567190e+03	7.591001701351891825e+03	3.177600447577118302e+03
3.249673347845206950e-02	2.263486225204567290e+03	2.888454574522821531e+03	7.432034175977488303e+03	3.051774184281762246e+03
3.318540916255835471e-02	2.184992893915374225e+03	2.811386094015554590e+03	7.274964407305648820e+03	2.930546303446916227e+03
3.388867936577820428e-02	2.108921438834530363e+03	2.735887017620004372e+03	7.119846497069812358e+03	2.813820537227681598e+03
3.460685337736497946e-02	2.035247811886637919e+03	2.661967585267236700e+03	6.966731479165847304e+03	2.701494310168397078e+03
3.534024704107661952e-02	1.963843360480129377e+03	2.589560069307288813e+03	6.815540922887947090e+03	2.593317608581013701e+03
3.608918289407971741e-02	1.894652581284189637e+03	2.518648067749869369e+03	6.666284686488350417e+03	2.489147884682514359e+03
3.685399030879719234e-02	1.827636990856960892e+03	2.449235079740426954e+03	6.519013548066915973e+03	2.388885182039688516e+03
3.763500563776207147e-02	1.762772688034080602e+03	2.381328734150581568e+03	6.373775590011118766e+03	2.292457532191076098e+03
3.843257236154112161e-02	1.699942771400168340e+03	2.314863349172685957e+03	6.230490739483596371e+03	2.199626198914162160e+03
3.924704123979310538e-02	1.639097105691513434e+03	2.249822624011881089e+03	6.089165991063355250e+03	2.110281149284333424e+03
4.007877046552850431e-02	1.580200139710309941e+03	2.186209222552915890e+03	5.949851672953229354e+03	2.024328552987426292e+03
4.092812582263813392e-02	1.523228340365297754e+03	2.124025317742433799e+03	5.812581686589683159e+03	1.941695752598520130e+03
4.179548084676026898e-02	1.468075835520397504e+03	2.063209610786720077e+03	5.677281812556158911e+03	1.862189615403640573e+03
4.268121698955689575e-02	1.414697409010917454e+03	2.003745293445341758e+03	5.543955784779518581e+03	1.785696129402894940e+03
4.358572378647117967e-02	1.363060334066663245e+03	1.945634741863285626e+03	5.412652075507962763e+03	1.712152007667696580e+03
4.450939902804028347e-02	1.313141632082585829e+03	1.888875357045655619e+03	5.283391518604511475e+03	1.641479805868598078e+03
4.545264893483848267e-02	1.264845739120399230e+03	1.833408843167579107e+03	5.156102746058356388e+03	1.573509641340740473e+03
4.641588833612779463e-02	1.218131939845897705e+03	1.779221079631278144e+03	5.030795714716256953e+03	1.508153481286592978e+03
4.739954085229469011e-02	1.172970213449557832e+03	1.726308177131241564e+03	4.907497648676167046e+03	1.445340328953397602e+03
4.840403908115278181e-02	1.129338289452284016e+03	1.674670057248266176e+03	4.786237884574181408e+03	1.385013891681160658e+03
4.942982478819387543e-02	1.087150198414635042e+03	1.624249113124690211e+03	4.666941356469755192e+03	1.327021237611368861e+03
5.047734910087089966e-02	1.046369336773933583e+03	1.575033490132811266e+03	4.549621790970359143e+03	1.271284731516517013e+03
5.154707270699779992e-02	1.006968262889722041e+03	1.527012281430640996e+03	4.434280823459985186e+03	1.217743757872953665e+03
5.263946605735428386e-02	9.689255377493121841e+02	1.480189893573961172e+03	4.320966333229567681e+03	1.166348183293170450e+03
5.375500957258409762e-02	9.321640860898855863e+02	1.434508858128263455e+03	4.209594721276160271e+03	1.116963886795394274e+03
5.489419385447772554e-02	8.966510548449086855e+02	1.389954808382497276e+03	4.100165508654268706e+03	1.069524852629579982e+03
5.605751990173300781e-02	8.623614481664170626e+02	1.346521688759706421e+03	3.992698075497925402e+03	1.023975874786867735e+03
5.724549933028778848e-02	8.292747546552654967e+02	1.304207792169763252e+03	3.887220247299053426e+03	9.802749686440153027e+02
5.845865459832211286e-02	7.973221110265582183e+02	1.262960256427269996e+03	3.783652501052672960e+03	9.383045920845578394e+02
5.969751923602879817e-02	7.664740795650750442e+02	1.222763418421501456e+03	3.681988969351721153e+03	8.980051673543736115e+02
6.096263808025296355e-02	7.367079728788525017e+02	1.183614501519731448e+03	3.582258600988354829e+03	8.593368798007677469e+02
6.225456751410456124e-02	7.080042778125005043e+02	1.145504569765308588e+03	3.484463384962613873e+03	8.222507675837046008e+02
6.357387571164835327e-02	6.803016839743810351e+02	1.108386484554565413e+03	3.388535398408080709e+03	7.866509480704328325e+02
6.492114288777969811e-02	6.535738583327282640e+02	1.072248232607327736e+03	3.294478669442995397e+03	7.524893232633651223e+02
6.629696155339574737e-02	6.278002823524398082e+02	1.037078254935987843e+03	3.202286754426944299e+03	7.197216678376877326e+02
6.770193677597398374e-02	6.029624889604918963e+02	1.002874835181802496e+03	3.111990162188229988e+03	6.883150784895910874e+02
6.913668644567325106e-02	5.790060881288297878e+02	9.695898866627277357e+02	3.023506692067444419e+03	6.581814703989714417e+02
7.060184154707406512e-02	5.559075639350506890e+02	9.372087516132568226e+02	2.936825120044773030e+03	6.292765063993774675e+02
7.209804643667737378e-02	5.336484266401070045e+02	9.057274351388500691e+02	2.851969472067245988e+03	6.015698886495266606e+02
7.362595912628441819e-02	5.122112825725092762e+02	8.751356241100827447e+02	2.768934030412622178e+03	5.750251636789820395e+02
7.518625157238204015e-02	4.915480590580413036e+02	8.453909186730339798e+02	2.687648761420233313e+03	5.495681877122603964e+02
7.677960997166025092e-02	4.716377913555243708e+02	8.164822702511125954e+02	2.608114534042288142e+03	5.251654329784855690e+02
7.840673506279315086e-02	4.524638797713308804e+02	7.883987309897272553e+02	2.530323088682659090e+03	5.017830478412440698e+02
8.006834243461452560e-02	4.340100125421308235e+02	7.611352216854277231e+02	2.454291269852933510e+03	4.793940885175915696e+02
8.176516284082480102e-02	4.162338637138877857e+02	7.346499615874186020e+02	2.379939691260555264e+03	4.579345642521727768e+02
8.349794252136732986e-02	3.991167739229231302e+02	7.089303801063982746e+02	2.307259805408263219e+03	4.373720730482875183e+02
8.526744353061486981e-02	3.826438977451254004e+02	6.839703961640399257e+02	2.236261777019345118e+03	4.176820047288559863e+02
8.707444407251174745e-02	3.667999962011382422e+02	6.597587653818501394e+02	2.166933967461262455e+03	3.988375865443424004e+02
8.891973884281766105e-02	3.515479544737958122e+02	6.362601251374303502e+02	2.099215650473164260e+03	3.807840968538629909e+02
9.080413937860487561e-02	3.368711913263383053e+02	6.134620070571826318e+02	2.033092713431042284e+03	3.634951697648653521e+02
9.272847441516200717e-02	3.227564848378821125e+02	5.913564673654047965e+02	1.968566548644977274e+03	3.469484663953884933e+02
9.469359025046093781e-02	3.091896414247748339e+02	5.699341080063296658e+02	1.905631732115268960e+03	3.311202629133808841e+02
9.670035111734798239e-02	2.961382606859280031e+02	5.491607324500096183e+02	1.844221322608726723e+03	3.159642221844144387e+02
9.874963956362264872e-02	2.835876286218765472e+02	5.290253772709088480e+02	1.784325659504483156e+03	3.014584153115467871e+02
1.008423568401705106e-01	2.715260290096891822e+02	5.095196680788461094e+02	1.725939779531064914e+03	2.875821577342980504e+02
1.029794232973221257e-01	2.599402493016431208e+02	4.906347425398271866e+02	1.669060577204639003e+03	2.743156833412140259e+02
1.051617787896111378e-01	2.488021668776528372e+02	4.723387900560011872e+02	1.613620138643917016e+03	2.616200411005485194e+02
1.073903830891107247e-01	2.380987323931536537e+02	4.546206320088136863e+02	1.559605588498983025e+03	2.494745061772630379e+02
1.096662163075285135e-01	2.278196135184212494e+02	4.374737107062683208e+02	1.507015704867991190e+03	2.378635854044470932e+02
1.119902793272475605e-01	2.179525325364494961e+02	4.208870155890114688e+02	1.455837520928329468e+03	2.267681498463154242e+02
1.143635942415015677e-01	2.084732148890487622e+02	4.048328156600084071e+02	1.406011100782253379e+03	2.161558340505168587e+02
1.167872048038782751e-01	1.993700982615150110e+02	3.893002288495470680e+02	1.357521310609969078e+03	2.060087263815449603e+02
1.192621768873494831e-01	1.906340919841879895e+02	3.742830258837681185e+02	1.310366124993191761e+03	1.963139545896674747e+02
1.217895989530276418e-01	1.822538780671886798e+02	3.597699794998496259e+02	1.264528590571418135e+03	1.870546685471580588e+02
1.243705825288575900e-01	1.742085556537242894e+02	3.457361394402606720e+02	1.219953082217204383e+03	1.782031009310209129e+02
1.270062626984522769e-01	1.664879128241788351e+02	3.321712023464972958e+02	1.176623403770870027e+03	1.697443010330062236e+02
1.296977986002878502e-01	1.590839704570360595e+02	3.190689614734687325e+02	1.134535280022280404e+03	1.616673801806240647e+02
1.324463739374786009e-01	1.519863717091786839e+02	3.064184944862556108e+02	1.093670213033612299e+03	1.539569279766927536e+02
1.352531974983535168e-01	1.451771659047761318e+02	2.941974533784331811e+02	1.053976954479744563e+03	1.465900374404440640e+02
1.381195036880665805e-01	1.386473628247229328e+02	2.823962718492393265e+02	1.015438587864547912e+03	1.395544976625767220e+02
1.410465530714722360e-01	1.323899760812321915e+02	2.710088216751536834e+02	9.780495300239392691e+02	1.328400297195843223e+02
1.440356329275057634e-01	1.263955928363634627e+02	2.600245161513203698e+02	9.417892491069126208e+02	1.264337618636696590e+02
1.470880578153118678e-01	1.206488354933532179e+02	2.494232670947318979e+02	9.066099646145762563e+02	1.203164211301969857e+02
1.502051701523716420e-01	1.151418149484852762e+02	2.391962778669659428e+02	8.724952648639363133e+02	1.144775422552404223e+02
1.533883408048797858e-01	1.098684293483064209e+02	2.293376677981759713e+02	8.394380786162375898e+02	1.089082851808276757e+02
1.566389696906345663e-01	1.048201783139695067e+02	2.198372153878063671e+02	8.074168828127935740e+02	1.035974872631299490e+02
1.599584863947036695e-01	9.998392251241473616e+01	2.106770640222379143e+02	7.763874742844413959e+02	9.852927836781923077e+01
1.633483507981373095e-01	9.535276158053562767e+01	2.018490319402424973e+02	7.463339138582223313e+02	9.369434225396493332e+01
1.668100537200059019e-01	9.092137983046112026e+01	1.933475888970073981e+02	7.172473043272826771e+02	8.908550341057986088e+01
1.703451175730422984e-01	8.668214709300686138e+01	1.851630085900218603e+02	6.891067181101789174e+02	8.469288087090311024e+01
1.739550970331800450e-01	8.262386585194388999e+01	1.772795121740929289e+02	6.618713493071137464e+02	8.050337443787985592e+01
1.776415797232799298e-01	7.874052027558133204e+01	1.696891135942967423e+02	6.355228596089666553e+02	7.650888636212884819e+01
1.814061869113461622e-01	7.502749163499737506e+01	1.623874929806539171e+02	6.100569907132314711e+02	7.270361358451350497e+01
1.852505742235391883e-01	7.147797010819643049e+01	1.553646007547206693e+02	5.854474372215173616e+02	6.907881415592366636e+01
1.891764323722997243e-01	6.808243826044117952e+01	1.486068846220969135e+02	5.616591209454321643e+02	6.562362864202877688e+01
1.931854878999012814e-01	6.483566862484890692e+01	1.421071514936616040e+02	5.386751502272094285e+02	6.233120080250063211e+01
1.972795039377621684e-01	6.173365874961242383e+01	1.358607847792614791e+02	5.164869302112380183e+02	5.919649283452832833e+01
2.014602809818480389e-01	5.877036427261125340e+01	1.298591854233397100e+02	4.950732254922063476e+02	5.621229473525975351e+01
2.057296576845067948e-01	5.593771741577798196e+01	1.240898069721243928e+02	4.743986102449152327e+02	5.336927722808213304e+01
2.100895116630852322e-01	5.323119077414384037e+01	1.185466399611672443e+02	4.544496864872349988e+02	5.066190831935439576e+01
2.145417603256798700e-01	5.064732535915012335e+01	1.132248657306582516e+02	4.352149049287766047e+02	4.808567510521153565e+01
2.190883617143895290e-01	4.818078453981821241e+01	1.081169930471816656e+02	4.166758035299989729e+02	4.563463593964807785e+01
2.237313153664367560e-01	4.582474792227250049e+01	1.032117194551894528e+02	3.987990632192003204e+02	4.330088398085284496e+01
2.284726631935388719e-01	4.357530743889623182e+01	9.850357371098688475e+01	3.815712399326061472e+02	4.107978555024684653e+01
2.333144903799153069e-01	4.142948205826994723e+01	9.398852309660192361e+01	3.649833751075381656e+02	3.896769715671310053e+01
2.382589262993237145e-01	3.938258405472542734e+01	8.965903334121391310e+01	3.490139020234828422e+02	3.695921396226719935e+01
2.433081454515323150e-01	3.742886337315617595e+01	8.550584503426458127e+01	3.336361198285900400e+02	3.504811944226902654e+01
2.484643684186368384e-01	3.556495784440534180e+01	8.152350616035026576e+01	3.188345030909141542e+02	3.323028784503051725e+01
2.537298628416438939e-01	3.378830560003684269e+01	7.770871233494460739e+01	3.046022467413509958e+02	3.150280792832050381e+01
2.591069444177515613e-01	3.209480933010610215e+01	7.405453370352523734e+01	2.909185823898496324e+02	2.986103479796559057e+01
2.645979779187619951e-01	3.047963480870928876e+01	7.055262583966192835e+01	2.777578814750370952e+02	2.829970279727827887e+01
2.702053782310787078e-01	2.893989925114579620e+01	6.719859479519237766e+01	2.651083459167886076e+02	2.681562682818711707e+01
2.759316114177428059e-01	2.747340733980007244e+01	6.398896498776193198e+01	2.529606407368642635e+02	2.540610279777684966e+01
2.817791958029755572e-01	2.607659512896757548e+01	6.091769094286419772e+01	2.412964183181599935e+02	2.406730178233141260e+01
2.877507030797054055e-01	2.474540977910347905e+01	5.797767818061075218e+01	2.300936537017871899e+02	2.279492095618382308e+01
2.938487594405665426e-01	2.347738791907413258e+01	5.516464173884323685e+01	2.193393124487632235e+02	2.158618080360314906e+01
3.000760467328633108e-01	2.227065383489756556e+01	5.247575598780844786e+01	2.090260612277409393e+02	2.043895252352522363e+01
3.064353036380134121e-01	2.112212217900223621e+01	4.990554402074282336e+01	1.991366697560071657e+02	1.934995573607316288e+01
3.129293268759847368e-01	2.002840486551914267e+01	4.744764763092732096e+01	1.896502465273814266e+02	1.831552794192153755e+01
3.195609724352570513e-01	1.898740410198623607e+01	4.509862939762399492e+01	1.805567729520825537e+02	1.733351241082534244e+01
3.263331568288500573e-01	1.799752201793190665e+01	4.285571698115879258e+01	1.718478834466432943e+02	1.640210126532110380e+01
3.332488583769670498e-01	1.705609998911297609e+01	4.071400912846693387e+01	1.635078136846442760e+02	1.551842667847387602e+01
3.403111185168231634e-01	1.616031380823583063e+01	3.866822246246209716e+01	1.555188840041913636e+02	1.467964066510572785e+01
3.475230431402304698e-01	1.530838315331549637e+01	3.671513931978396528e+01	1.478709983745836496e+02	1.388380175802652694e+01
3.548878039595292910e-01	1.449895095269604717e+01	3.485235690385719209e+01	1.405567886551351933e+02	1.312943242133303023e+01
3.624086399024666338e-01	1.372973675339510535e+01	3.307557951806678176e+01	1.335618293571890547e+02	1.241423685678916833e+01
3.700888585366366446e-01	1.299839324500580062e+01	3.138025141381785588e+01	1.268707050904047264e+02	1.173577372237805783e+01
3.779318375241043637e-01	1.230341476567212133e+01	2.976348487131637910e+01	1.204737549584197183e+02	1.109244934930770299e+01
3.859410261068597081e-01	1.164365229457441586e+01	2.822324944440718042e+01	1.143646453800992617e+02	1.048306212977145080e+01
3.941199466237500504e-01	1.101715857172297497e+01	2.675577235966951761e+01	1.085305253682953577e+02	9.905660855001196197e+00
4.024721960595590287e-01	1.042198841270289833e+01	2.535703186483361549e+01	1.029569824746773890e+02	9.358262065391389939e+00
4.110014476269163164e-01	9.856872888864176119e+00	2.402462726878469113e+01	9.763606044987687937e+01	8.839558111159915299e+00
4.197114523817274123e-01	9.320842168734730038e+00	2.275681913333022166e+01	9.256224582767681852e+01	8.348570877154438463e+00
4.286060408728412652e-01	8.812240909182351700e+00	2.155014577759739325e+01	8.772298794865180582e+01	7.883623918747417747e+00
4.376891248266767120e-01	8.329461979407502881e+00	2.040130288246368551e+01	8.310650982987542079e+01	7.443100006418432280e+00
4.469646988675492483e-01	7.871439724996906584e+00	1.930822015733741637e+01	7.870572922688795359e+01	7.025955961403768768e+00
4.564368422744575216e-01	7.437358151716109589e+00	1.826931730732588832e+01	7.451523512467943533e+01	6.631384258443935309e+00
4.661097207750954374e-01	7.025816280412837678e+00	1.728159269237990259e+01	7.052397398511692472e+01	6.257955490782975083e+00
4.759875883778879602e-01	6.635490299931533720e+00	1.634228750724092194e+01	6.672194553795972638e+01	5.904385284210640350e+00
4.860747892428489703e-01	6.265488441091398464e+00	1.544960637272365211e+01	6.310277771697005988e+01	5.569812784228185265e+00
4.963757595920870180e-01	5.915126350940124844e+00	1.460214348452941557e+01	5.966146406084924791e+01	5.253532516212717773e+00
5.068950296608012440e-01	5.583223519001564661e+00	1.379735206383391422e+01	5.638853686806358922e+01	4.954396309171167800e+00
5.176372256896176749e-01	5.268692846878177960e+00	1.303288764027906232e+01	5.327522928667809055e+01	4.671362493610182298e+00
5.286070719591531297e-01	4.970790744884657997e+00	1.230719737458802321e+01	5.031586802465466945e+01	4.403715493892439881e+00
5.398093928676924724e-01	4.688945136002530489e+00	1.161908868260053396e+01	4.750612919743125673e+01	4.150882684107075171e+00
5.512491150528981976e-01	4.422165611198742852e+00	1.096637283397095253e+01	4.483770797809043529e+01	3.911908893152504785e+00
5.629312695584811621e-01	4.169562225056811400e+00	1.034708502514578221e+01	4.230314037813897698e+01	3.685943996404319467e+00
5.748609940467923618e-01	3.930517181033033047e+00	9.759888926672289244e+00	3.989739538258861984e+01	3.472400289564655296e+00
5.870435350582976497e-01	3.704553838254924791e+00	9.203777752598035988e+00	3.761675722346975448e+01	3.270820722809337777e+00
5.994842503189414806e-01	3.490844874636729323e+00	8.676875959683744810e+00	3.545395298570879561e+01	3.080420240433639822e+00
6.121886110964055439e-01	3.288664028807234629e+00	8.177539619970199070e+00	3.340261221204333708e+01	2.900509918491020578e+00
6.251622046063020077e-01	3.097499882560501572e+00	7.704639114120568344e+00	3.145842452209919671e+01	2.730606203777046659e+00
6.384107364693620834e-01	2.916956641188004795e+00	7.257306381089579261e+00	2.961809040301677953e+01	2.570328253887917747e+00
6.519400332206916060e-01	2.746346196730836020e+00	6.833973120778177979e+00	2.787546253102023641e+01	2.419040803962480446e+00
6.657560448722088520e-01	2.585077748499925665e+00	6.433265311212529092e+00	2.622510996833032593e+01	2.276187004603800190e+00
6.798648475293831428e-01	2.432729491809900502e+00	6.054219475820538321e+00	2.466326596455007092e+01	2.141369749134632183e+00
6.942726460634290886e-01	2.288973881308806746e+00	5.696103063453754167e+00	2.318710125667391253e+01	2.014279843378024903e+00
7.089857768401280902e-01	2.153241061284450808e+00	5.357589039191795521e+00	2.179133953203284335e+01	1.894397955022755209e+00
7.240107105064845783e-01	2.025051971449055355e+00	5.037558393497583609e+00	2.047151729382147423e+01	1.781282882495980768e+00
7.393540548364295750e-01	1.904060003989339167e+00	4.735206854280101574e+00	1.922444494476783916e+01	1.674610992004794463e+00
7.550225576368376768e-01	1.789995027672132144e+00	4.449904515232040225e+00	1.804761551364798322e+01	1.574126339012210440e+00
7.710231097151263313e-01	1.682387145969588271e+00	4.180528953169168282e+00	1.693648670819742463e+01	1.479399061298706908e+00
7.873627479097432547e-01	1.580849169503072194e+00	3.926164381087450028e+00	1.588737643509187869e+01	1.390077615203071604e+00
8.040486581848822478e-01	1.485097344178027079e+00	3.686140577126836071e+00	1.489758602538938881e+01	1.305902672354773308e+00
8.210881787907730045e-01	1.394909665302607626e+00	3.459935210347052426e+00	1.396501462403369409e+01	1.226668404321287653e+00
8.384888034909533383e-01	1.309900327295637990e+00	3.246621410192533030e+00	1.308588946054597635e+01	1.152028735990099362e+00
8.562581848579297050e-01	1.229757424205257355e+00	3.045443408851284950e+00	1.225712156270285469e+01	1.081700459898128353e+00
8.744041376386801900e-01	1.154249531896763381e+00	2.855843675479842414e+00	1.147643482691034045e+01	1.015473140485265047e+00
8.929346421914835519e-01	1.083194842231816946e+00	2.677385851739205958e+00	1.074204776732093869e+01	9.531803051215559375e-01
9.118578479955742333e-01	1.016277954241930237e+00	2.509296042845437835e+00	1.005077323607573092e+01	8.945374814589959200e-01
9.311820772351820930e-01	9.532484455507879151e-01	2.350962222244485922e+00	9.400091237688943835e+00	8.393197395016989137e-01
9.509158284595223831e-01	8.939182879406579740e-01	2.201927087814741668e+00	8.788119287306766836e+00	7.873589295195958515e-01
9.710677803203476843e-01	8.381391238257971388e-01	2.061828764756450827e+00	8.213359988497908049e+00	7.385211039445925829e-01
9.916467953887124764e-01	7.856542195645753734e-01	1.930033075993651037e+00	7.673188125384013070e+00	6.925781247579696487e-01
1.012661924052612461e+00	7.362631951740041814e-01	1.806044999599984990e+00	7.165550659026759028e+00	6.493518158792536132e-01
1.034122408497234025e+00	6.898138661987507358e-01	1.689486849486490305e+00	6.688874080524053412e+00	6.087057576385505042e-01
1.056037686769547568e+00	6.461856091110803613e-01	1.580059707148696146e+00	6.241912139737262777e+00	5.705315614886080633e-01
1.078417396929040706e+00	6.051703469333855612e-01	1.477242720996725600e+00	5.822491438187614499e+00	5.346447944048388079e-01
1.101271381286411888e+00	5.666082898903477272e-01	1.380636519715001453e+00	5.428943637115084542e+00	5.009039704367542756e-01
1.124609690732098155e+00	5.303767405414638869e-01	1.289934376819178219e+00	5.059985103954683261e+00	4.692005275755193883e-01
1.148442589156521310e+00	4.963779839058042875e-01	1.204892242052580942e+00	4.714591558334561228e+00	4.394482820714502025e-01
1.172780557964020254e+00	4.644441081169296548e-01	1.125086514090021250e+00	4.390987883754491783e+00	4.114991648798899115e-01
1.197634300682437924e+00	4.344481321212820824e-01	1.050197129861808687e+00	4.087832828579339051e+00	3.852410269919385177e-01
1.223014747670394531e+00	4.062915180646375912e-01	9.799757900101859764e-01	3.804083409697685436e+00	3.605870722310683951e-01
1.248933060924324545e+00	3.798954019742390997e-01	9.142221686409799375e-01	3.538889176185366914e+00	3.374678328810062355e-01
1.275400638987373769e+00	3.551248728355930195e-01	8.525951421559040400e-01	3.290822438144468620e+00	3.157652676293921656e-01
1.302429121962336289e+00	3.318793748133324062e-01	7.948400589122348592e-01	3.058814170607279781e+00	2.953914044518092807e-01
1.330030396630823342e+00	3.100800843179628008e-01	7.407552321773455128e-01	2.842008913030037665e+00	2.762769592700686783e-01
1.358216601680917401e+00	2.896635901648995093e-01	6.901795877768728271e-01	2.639725606379329736e+00	2.583665320172180979e-01
1.387000133045610317e+00	2.705219690932163523e-01	6.428383337645454665e-01	2.450811629773594458e+00	2.415659576560033606e-01
1.416393649354382722e+00	2.525758733873573192e-01	5.985282302305442448e-01	2.274408360301223730e+00	2.258059171211195537e-01
1.446410077500298819e+00	2.357625002062510855e-01	5.570889848013564905e-01	2.109839457404080854e+00	2.110316642661037856e-01
1.477062618325094778e+00	2.200310564964269577e-01	5.183899286637444481e-01	1.956548701092303499e+00	1.971990011512770868e-01
1.508364752424737887e+00	2.052955864704837929e-01	4.822120923443474205e-01	1.813620288714566042e+00	1.842331210398318597e-01
1.540330246078020826e+00	1.914937019904738857e-01	4.483956464504862405e-01	1.680381297985487299e+00	1.720797267956732657e-01
1.572973157300799230e+00	1.785755655507563489e-01	4.168122538322947546e-01	1.556288687145397809e+00	1.606954273911887221e-01
1.606307842028519950e+00	1.665006473393838837e-01	3.873570670448781561e-01	1.440895601340770327e+00	1.500451009155107651e-01
1.640348960429783842e+00	1.552007891776939763e-01	3.598562132450845996e-01	1.333476735682051606e+00	1.400695548018020820e-01
1.675111483353698638e+00	1.446271155173996237e-01	3.341845340805092435e-01	1.233507244756498533e+00	1.307264089285231357e-01
1.710610698913865635e+00	1.347402378539284684e-01	3.102403930205536176e-01	1.140557590145449218e+00	1.219815723229517174e-01
1.746862219211904321e+00	1.255079410930457495e-01	2.879403623524499634e-01	1.054273926869444544e+00	1.138071632027411462e-01
1.783881987203444153e+00	1.168764190356951366e-01	2.671469700921436097e-01	9.740841436357443595e-01	1.061564645008081093e-01
1.821686283709640364e+00	1.088075225714627142e-01	2.477625334663000889e-01	8.995802381702278083e-01	9.899647690906568376e-02
1.860291734577268707e+00	1.012702487988288574e-01	2.297074262990368154e-01	8.304284387670148870e-01	9.230040737150790875e-02
1.899715317990559260e+00	9.423909188520357416e-02	2.129148920981770721e-01	7.663443247805761249e-01	8.604617217866464274e-02
1.939974371937992492e+00	8.767176485699863797e-02	1.972776820525970198e-01	7.068863475280666719e-01	8.019712962532186962e-02
1.981086601837313665e+00	8.153860155432630930e-02	1.827199716788068806e-01	6.517393455332042285e-01	7.472768049160480319e-02
2.023070088322156401e+00	7.581530025649629856e-02	1.691789710283225223e-01	6.006402245024947684e-01	6.961679336704378052e-02
2.065943295193674256e+00	7.048174701117121410e-02	1.566025968005209934e-01	5.533699601984068961e-01	6.484714208999242668e-02
2.109725077540682392e+00	6.550485708058405299e-02	1.449071932960426523e-01	5.095862896879942427e-01	6.039003116527701109e-02
2.154434690031884259e+00	6.086164764089873475e-02	1.340340448155971087e-01	4.690466499685707613e-01	5.622555803463501201e-02
2.200091795383838367e+00	5.653314918818502094e-02	1.239342019354005425e-01	4.315474064863460413e-01	5.233727825723037685e-02
2.246716473008353532e+00	5.250356326480878216e-02	1.145670262595337441e-01	3.969192770899486189e-01	4.871161936912887097e-02
2.294329227843169949e+00	4.874712179832258602e-02	1.058675897335534521e-01	3.648988605681809938e-01	4.532615249990586126e-02
2.342950999369765697e+00	4.524608732312579429e-02	9.779074155027771276e-02	3.353010689269919631e-01	4.216549653604931280e-02
2.392603170822269476e+00	4.198571497838660127e-02	9.029903047367014712e-02	3.079723520767296829e-01	3.921696376620537744e-02
2.443307578591545681e+00	3.895364604218944787e-02	8.336054053615402082e-02	2.827803247618562721e-01	3.646987715355594351e-02
2.495086521828544068e+00	3.612990238400453497e-02	7.692549025260755902e-02	2.595256254880984326e-01	3.390687802975954346e-02
2.547962772251191943e+00	3.350084740486997115e-02	7.095944051927979834e-02	2.380686691294218171e-01	3.151613090244344967e-02
2.601959584159102334e+00	3.105506880392656238e-02	6.543339840819686892e-02	2.182914083426539809e-01	2.928774334664104723e-02
2.657100704660517732e+00	2.878293813573894189e-02	6.032281943199398200e-02	2.000937300824854603e-01	2.721338943179510070e-02
2.713410384115983121e+00	2.666903731464988561e-02	5.558936993883201172e-02	1.833234222842699268e-01	2.527954011138549423e-02
2.770913386803353973e+00	2.470292326879154621e-02	5.120706906863695812e-02	1.678768522744114589e-01	2.347715848434740391e-02
2.829635001808795014e+00	2.287580103532849823e-02	4.715375011202217748e-02	1.536648356183006880e-01	2.179861588359734842e-02
2.889601054148607684e+00	2.118020019024969766e-02	4.341059248181197705e-02	1.406115564024228992e-01	2.023747554985378880e-02
2.950837916126738403e+00	1.960427689552025898e-02	3.994859473559982804e-02	1.286038340187654339e-01	1.878332928623236558e-02
3.013372518932980082e+00	1.814006518937088738e-02	3.674794923926631707e-02	1.175634114153847887e-01	1.742918385361657413e-02
3.077232364486974792e+00	1.678081661729170435e-02	3.379182150699926168e-02	1.074235891798242803e-01	1.616914821549000209e-02
3.142445537533192557e+00	1.552075921990750396e-02	3.106581620686667614e-02	9.812722426774247997e-02	1.499822069612357853e-02
3.209040717992251324e+00	1.435083727254491542e-02	2.854804005060564143e-02	8.959022732762693397e-02	1.390842225473713084e-02
3.277047193573979555e+00	1.326499852517171868e-02	2.622371602537082111e-02	8.175522888109246211e-02	1.289448071157564199e-02
3.346494872657771680e+00	1.225808755741134709e-02	2.408015910063524001e-02	7.457279283026191363e-02	1.195187228144588970e-02
3.417414297445926952e+00	1.132566344540738949e-02	2.210635451375106766e-02	6.799982829767919901e-02	1.107669785237114408e-02
3.489836657395697816e+00	1.046083483856467648e-02	2.028587259471475654e-02	6.197437270693119393e-02	1.026284130143203036e-02
3.563793802936028321e+00	9.659021958076342493e-03	1.860769024503869731e-02	5.645436973272913855e-02	9.506280223905745272e-03
3.639318259474964901e+00	8.916303836130432675e-03	1.706228000129704145e-02	5.140329656633139954e-02	8.803569664848664642e-03
3.716443241703908829e+00	8.229278123440285364e-03	1.564139752025289071e-02	4.678959249032742240e-02	8.151742164316955891e-03
3.795202668205029717e+00	7.592725472839513025e-03	1.433274054331003591e-02	4.256767697750828833e-02	7.546093762387594273e-03
3.875631176368202979e+00	7.003194433302840569e-03	1.312812890229774626e-02	3.870692250744218327e-02	6.983587611278308654e-03
3.957764137624104617e+00	6.457716270530372907e-03	1.202048684938343201e-02	3.518078772956874378e-02	6.461590185506795384e-03
4.041637673000112230e+00	5.953695466741959486e-03	1.100359663071727966e-02	3.196588625316019311e-02	5.977813305348100327e-03
4.127288669005872102e+00	5.487197990999761500e-03	1.006837761001691534e-02	2.902932096208104065e-02	5.528700256204081495e-03
4.214754793855508552e+00	5.055633427554664765e-03	9.208773879151756561e-03	2.634886465345161188e-02	5.111940397681227072e-03
4.304074514033643162e+00	4.656764206138187985e-03	8.419556196259074879e-03	2.390530996988047413e-02	4.725560687341512009e-03
4.395287111212434539e+00	4.288618840651862475e-03	7.696100530689006618e-03	2.168168534987416698e-02	4.367799454664796598e-03
4.488432699527177050e+00	3.948246483387558153e-03	7.031706295014270372e-03	1.965421985656705742e-02	4.035964238462507077e-03
4.583552243217979161e+00	3.633711031114634712e-03	6.421941647096924242e-03	1.780702536390120147e-02	3.728318340262933277e-03
4.680687574645305382e+00	3.343333726565183000e-03	5.862963501581199867e-03	1.612630886916847223e-02	3.443367987649426781e-03
4.779881412687339015e+00	3.075623586322827081e-03	5.351321594296909456e-03	1.459967495785149082e-02	3.179761815963924598e-03
4.881177381527165515e+00	2.828378089616202795e-03	4.882138167144019388e-03	1.321026606281680039e-02	2.935473401727383639e-03
4.984620029838152888e+00	2.600156250245644254e-03	4.452183218794912058e-03	1.194677515631742404e-02	2.709201217242800629e-03
5.090254850375883322e+00	2.389704401761174549e-03	4.058643449670508094e-03	1.079935192032619937e-02	2.499818158746466065e-03
5.198128299985286915e+00	2.195899882234961156e-03	3.698970411850350908e-03	9.759069570946025257e-03	2.306292078465029764e-03
5.308287820031761584e+00	2.017106887778757907e-03	3.369639720500660230e-03	8.814075519340819689e-03	2.127116930296041666e-03
5.420781857265304815e+00	1.852257481843435326e-03	3.068306015099501322e-03	7.956357700472231273e-03	1.961316610204019966e-03
5.535659885126738011e+00	1.700419836956019353e-03	2.792912644459963952e-03	7.178899979993991209e-03	1.808034188409729905e-03
5.652972425505520704e+00	1.560752344941067349e-03	2.541605266295494502e-03	6.475385677567897791e-03	1.666492990585035543e-03
5.772771070958623518e+00	1.432046209093013273e-03	2.311846081769328935e-03	5.837515920931365607e-03	1.535570767080156980e-03
5.895108507400270703e+00	1.313513355325967528e-03	2.101933431530301783e-03	5.259628655625161499e-03	1.414530144706129021e-03
6.020038537272556667e+00	1.204464458897567657e-03	1.910392962355388210e-03	4.736841603688263756e-03	1.302735963819536295e-03
6.147616103207036886e+00	1.104271393529665220e-03	1.735878558800464612e-03	4.264702020687482532e-03	1.199607904062384737e-03
6.277897312187818990e+00	1.012045459702483807e-03	1.576563140663273140e-03	3.837400159481947973e-03	1.104302620244714244e-03
6.410939460226692255e+00	9.272076180785992485e-04	1.431237002381472541e-03	3.451035623623795266e-03	1.016277836704640794e-03
6.546801057561175696e+00	8.492503864808323248e-04	1.298839187276506569e-03	3.102189374765609593e-03	9.350578470182114178e-04
6.685541854386596761e+00	7.777070475752139367e-04	1.178396769950386825e-03	2.787748053725288590e-03	8.602034417879588944e-04
6.827222867133428963e+00	7.119276183612220383e-04	1.068611042210446853e-03	2.503703585205451290e-03	7.910924211205338109e-04
6.971906405301561804e+00	6.514885018011468392e-04	9.686212907455098295e-04	2.247365739076617047e-03	7.273226367044197376e-04
7.119656098863218929e+00	5.960179080105231170e-04	8.776706808108837880e-04	2.016374062976136923e-03	6.685410834474066807e-04
7.270536926246596643e+00	5.451705892240441085e-04	7.950622113478896273e-04	1.808566303975346580e-03	6.144206660321463887e-04
7.424615242912579127e+00	4.984736620532758452e-04	7.198789474389876916e-04	1.621207717836158513e-03	5.644996688041950669e-04
7.581958810536977289e+00	4.556186029368055452e-04	6.515114485641460224e-04	1.452453302507052428e-03	5.184816161943739529e-04
7.742636826811277295e+00	4.163343786430084154e-04	5.894250627995581719e-04	1.300687685451300127e-03	4.761071424415927282e-04
7.906719955874896399e+00	3.803667245283529866e-04	5.331209785311768687e-04	1.164418835948787803e-03	4.371294558365029521e-04
8.074280359392364659e+00	3.473734545324590845e-04	4.819583246419943266e-04	1.041798683869547392e-03	4.012130906995730511e-04
8.245391728289099831e+00	3.171308486490741858e-04	4.355059889740529183e-04	9.315643188151681272e-04	3.681369993786943562e-04
8.420129315159766037e+00	2.894423184532500417e-04	3.933902237185690331e-04	8.326284828573421882e-04	3.377105910801357007e-04
8.598569967363353328e+00	2.641214221675711659e-04	3.552580268661585010e-04	7.439713062982195989e-04	3.097516944156936038e-04
8.780792160819700598e+00	2.409219170749027318e-04	3.206601458881483055e-04	6.643415305957249507e-04	2.840123693312059084e-04
8.966876034522190508e+00	2.196822932475973357e-04	2.892990583742714771e-04	5.929009710959585750e-04	2.603340249284951183e-04
9.156903425781846906e+00	2.002606834355772660e-04	2.609119311240971060e-04	5.289109542985316386e-04	2.385749398473268593e-04
9.350957906218383187e+00	1.825209827672651716e-04	2.352504893954609772e-04	4.716812803583231989e-04	2.186001718371658354e-04
9.549124818513869073e+00	1.662869813397133481e-04	2.120043413530293237e-04	4.203791860490221845e-04	2.002296930801942664e-04
9.751491313945386707e+00	1.514426013406056516e-04	1.909669432505786246e-04	3.744447701056714340e-04	1.833471578540433317e-04
9.958146390713055851e+00	1.378848379643111499e-04	1.719543092345418502e-04	3.333852641038329945e-04	1.678484472129151202e-04
1.016918093308028581e+01	1.255182356400944054e-04	1.547976052743743787e-04	2.967333738117362103e-04	1.536375093707642971e-04
1.038468775134352740e+01	1.142139561014851189e-04	1.392793910437215390e-04	2.639445558637425735e-04	1.405800626421808974e-04
1.060476162264905220e+01	1.038901029815373836e-04	1.252580232953125910e-04	2.346434214554813096e-04	1.285924979852063666e-04
1.082949933267470577e+01	9.447401510440681062e-05	1.126087199277122291e-04	2.085058256040697256e-04	1.176005118259857134e-04
1.105899971819510696e+01	8.589388445567274855e-05	1.012098511438851487e-04	1.852200125445590791e-04	1.075299142292132957e-04
1.129336371054865928e+01	7.806125932527960363e-05	9.091739768843586339e-05	1.644297233961171585e-04	9.828738309019518908e-05
1.153269438002595848e+01	7.091690955314635173e-05	8.163300258641940997e-05	1.458883072702469219e-04	8.981109652368063411e-05
1.177709698119876869e+01	6.440923035886318259e-05	7.327150225353793725e-05	1.293837866752386816e-04	8.204731262553462687e-05
1.202667899920963279e+01	5.848645758310502173e-05	6.574840541459621641e-05	1.147082791286325342e-04	7.494154776582399131e-05
1.228155019704247053e+01	5.308643744524633312e-05	5.896655208595060247e-05	1.016315467552635987e-04	6.842687719444208222e-05
1.254182266379493349e+01	4.816716238282952851e-05	5.285901740693979805e-05	8.999289896194575145e-05	6.245869096927514114e-05
1.280761086397376225e+01	4.369216195106687031e-05	4.736787304558275660e-05	7.965411535437494405e-05	5.699819754521155148e-05
1.307903168783481007e+01	3.962433934717151648e-05	4.243533042487086457e-05	7.047949117010107896e-05	5.200567083070137318e-05
1.335620450278989146e+01	3.592023525310056428e-05	3.799605025578913398e-05	6.232066855627129722e-05	4.743329403212922238e-05
1.363925120590300821e+01	3.255021025584464782e-05	3.400489117695979809e-05	5.507409317839694562e-05	4.324912281941659592e-05
1.392829627749924271e+01	2.948861771426676765e-05	3.042264726632668540e-05	4.865017635189690197e-05	3.942511788909142925e-05
1.422346683590943783e+01	2.670902803862940970e-05	2.721005462131763331e-05	4.296104192373162103e-05	3.593252791705781404e-05
1.452489269337533528e+01	2.418120497418525656e-05	2.432350881887813487e-05	3.791201044650212846e-05	3.273734251842702088e-05
1.483270641313931115e+01	2.188434456178252379e-05	2.173263911027315529e-05	3.343653617952574235e-05	2.981655291821551631e-05
1.514704336774399174e+01	1.980050224442062013e-05	1.941129265614421288e-05	2.947763135340689109e-05	2.715033234894112215e-05
1.546804179856737527e+01	1.791095893838287587e-05	1.733281742263645820e-05	2.597838753563143125e-05	2.471767992674349580e-05
1.579584287661962527e+01	1.619478420522659203e-05	1.546842940680323472e-05	2.287923548610618619e-05	2.249463365192367836e-05
1.613059076462826624e+01	1.463745247997761507e-05	1.379779113319680236e-05	2.013765131411991330e-05	2.046474262259755013e-05
1.647243268043913034e+01	1.322647204844437355e-05	1.230365282396674168e-05	1.771792781344027354e-05	1.861398927212014743e-05
1.682151896176083383e+01	1.194866304310603024e-05	1.096796379474382242e-05	1.558324203615248939e-05	1.692711255199555806e-05
1.717800313228151410e+01	1.078961065046229225e-05	9.771873233848439214e-06	1.369651135103829378e-05	1.538730732919105066e-05
1.754204196918641045e+01	9.739226828737346608e-06	8.701919527948188019e-06	1.203094653592555821e-05	1.398291075472907877e-05
1.791379557210657580e+01	8.788860456997944949e-06	7.746647699179932665e-06	1.056394747793043684e-05	1.270392199567885867e-05
1.829342743352862044e+01	7.929286665542564259e-06	6.894099575141043300e-06	9.272389633388264155e-06	1.153943743611099590e-05
1.868110451069663469e+01	7.150629137935516457e-06	6.131956273507719170e-06	8.133225668888962613e-06	1.047771029492015723e-05
1.907699729903783492e+01	6.445919308044106418e-06	5.451348720882634089e-06	7.129673133946786700e-06	9.510446702070499226e-06
1.948127990714428748e+01	5.809197020924022308e-06	4.844754824258240226e-06	6.247610778708995417e-06	8.630590351480849006e-06
1.989413013334363711e+01	5.234043960631016253e-06	4.304316058743094421e-06	5.472690188333775568e-06	7.830413312072664872e-06
2.031572954389253738e+01	4.713728641177425765e-06	3.821977171672079441e-06	4.790521020115244483e-06	7.101653380748244335e-06
2.074626355282718393e+01	4.243463459559319376e-06	3.392005409820260691e-06	4.190872080090327931e-06	6.438534998615126723e-06
2.118592150350598402e+01	3.819163800315350976e-06	3.009464671434718491e-06	3.664926294330515789e-06	5.836044160458290354e-06
2.163489675188052530e+01	3.436390702301870453e-06	2.669209790780889352e-06	3.203790690044899984e-06	5.288731046723907431e-06
2.209338675153079734e+01	3.090580317800967659e-06	2.366063208245046674e-06	2.798710278723452324e-06	4.790864744741644430e-06
2.256159314050291798e+01	2.778461452700561561e-06	2.096286444535932679e-06	2.443349864608663908e-06	4.338342699776280734e-06
2.303972182998693796e+01	2.497249738600715978e-06	1.856712785503039155e-06	2.132370123274975957e-06	3.927727309946429258e-06
2.352798309487394945e+01	2.243893578282233515e-06	1.643965174532484020e-06	1.860231119794364979e-06	3.555121816767172567e-06
2.402659166623228870e+01	2.015315246409360895e-06	1.454757059956355053e-06	1.621694443951856380e-06	3.216580031423662085e-06
2.453576682574353285e+01	1.809292032486462757e-06	1.286667969554618603e-06	1.412866497363735611e-06	2.909246829820872301e-06
2.505573250213976877e+01	1.623936131904219016e-06	1.137664718412069511e-06	1.230510542164593781e-06	2.630715145233761035e-06
2.558671736968459953e+01	1.457162361635736073e-06	1.005578171655125210e-06	1.071276628457717697e-06	2.378266193361240740e-06
2.612895494874115698e+01	1.306906383581156614e-06	8.882986924678526663e-07	9.319669782395391138e-07	2.149154389130163272e-06
2.668268370847132687e+01	1.171189545924074390e-06	7.838188755503314760e-07	8.099119396562401228e-07	1.941433714224446222e-06
2.724814717171165412e+01	1.050169334362100079e-06	6.922789616700845274e-07	7.042548962643051387e-07	1.753405475126565224e-06
2.782559402207125743e+01	9.409991287863925703e-07	6.103335572921660939e-07	6.118478542114396072e-07	1.583181991026471833e-06
2.841527821329990999e+01	8.427786696642715295e-07	5.381551946444424452e-07	5.308110245001193097e-07	1.428891170208009839e-06
2.901745908097360527e+01	7.540667609685127463e-07	4.743488890819787627e-07	4.604393493916282043e-07	1.288663731279624298e-06
2.963240145654703639e+01	6.753062933494047729e-07	4.179237709828083484e-07	3.993201935471229496e-07	1.162855625288480559e-06
3.026037578382308624e+01	6.037783932123642009e-07	3.680396932431130177e-07	3.461338103285844554e-07	1.048641511508750356e-06
3.090165823789054755e+01	5.399300235436071857e-07	3.239293172174096144e-07	2.998236098371106012e-07	9.452412164337103857e-07
3.155653084658241525e+01	4.827112075126591178e-07	2.848867231077315030e-07	2.594810144004120258e-07	8.512550922481782691e-07
3.222528161450811979e+01	4.313841565841269206e-07	2.505296261050714466e-07	2.245434658821767085e-07	7.672907645858999977e-07
3.290820464971425707e+01	3.853588695354811841e-07	2.203409358857253891e-07	1.941829026045556852e-07	6.910331016551701780e-07
3.360560029302952501e+01	3.440935632346806560e-07	1.935789346705889050e-07	1.678278089769016574e-07	6.217186076728801813e-07
3.431777525015100849e+01	3.070457202567417467e-07	1.699181182668554581e-07	1.450374928004344239e-07	5.593762240027613647e-07
3.504504272652905428e+01	2.739654113578812542e-07	1.491436744215470267e-07	1.252308310242156535e-07	5.032112867372182727e-07
3.578772256511129513e+01	2.444860378023631410e-07	1.308264770708452727e-07	1.080541532240579312e-07	4.525180818414020892e-07
3.654614138700539883e+01	2.179700850300692755e-07	1.147067967187593734e-07	9.318024456634564704e-08	4.067700308983898636e-07
3.732063273512289925e+01	1.941848734467456679e-07	1.006961171811545309e-07	8.045221021733426014e-08	3.655901074188212618e-07
3.811153722086707774e+01	1.729857467200929268e-07	8.797937863050111524e-08	6.911371406469654939e-08	3.284206121526403352e-07
3.891920267392951160e+01	1.540152044924765942e-07	7.714221790292936268e-08	5.959713230098678185e-08	2.949088941388556429e-07
3.974398429526115706e+01	1.370764081359988163e-07	6.760841388669142186e-08	5.136026588160234683e-08	2.647122129020867765e-07
4.058624481328516254e+01	1.221476028225512617e-07	5.924373423171820315e-08	4.425199466451805596e-08	2.375944246375623936e-07
4.144635464342010778e+01	1.085255906247832116e-07	5.166609920816241917e-08	3.793433992182221725e-08	2.131198430483123818e-07
4.232469205098434628e+01	9.645171577138903470e-08	4.521851150153727637e-08	3.264082228412374601e-08	1.910773421606016629e-07
4.322164331755172384e+01	8.582075358171939998e-08	3.955715649461872032e-08	2.806980028467701525e-08	1.712500689763898437e-07
4.413760291083362119e+01	7.635377708469053138e-08	3.459964372470906218e-08	2.413431305940727789e-08	1.534930403723402480e-07
4.507297365816076251e+01	6.762379355203674377e-08	3.011629840821476935e-08	2.064313398935892492e-08	1.373157852584471142e-07
4.602816692364147144e+01	6.009440041232742360e-08	2.630835691618853605e-08	1.772420220499573285e-08	1.230345489549918403e-07
4.700360278907441369e+01	5.338258573806156868e-08	2.297103600004713532e-08	1.520933564686941853e-08	1.100850788784000740e-07
4.799971023869517950e+01	4.741478355801978509e-08	2.005395878022968741e-08	1.304871351934383989e-08	9.861316129910546485e-08
4.901692734783804895e+01	4.191997491938346336e-08	1.742081458639007784e-08	1.113619639635719353e-08	8.794330420812427988e-08
5.005570147559598126e+01	3.718758426632078554e-08	1.518827041024811953e-08	9.540486396054633953e-09	7.868329102935120105e-08
5.111648946156338980e+01	3.297532591852388144e-08	1.323529000698818115e-08	8.168727989967759517e-09	7.037042941310942508e-08
5.219975782674825382e+01	2.923574681568522035e-08	1.153128962703237706e-08	6.992577396193983451e-09	6.292707248469035913e-08
5.330598297874255564e+01	2.579781703427621228e-08	9.996050145020926176e-09	5.953818601794649392e-09	5.601333815891933084e-08
5.443565142123959077e+01	2.284111344108779705e-08	8.696695771414446940e-09	5.088956481030291304e-09	5.002090181585324087e-08
5.558925996799251124e+01	2.021327132036342565e-08	7.562083260794004935e-09	4.347030162818948313e-09	4.464833437056041492e-08
5.676731596130657209e+01	1.788386924489007063e-08	6.574000977692010236e-09	3.712333471151798225e-09	3.984436366985961745e-08
5.797033749516177181e+01	1.574560264174556209e-08	5.685436498231359105e-09	3.153004367985307316e-09	3.538819969700100518e-08
5.919885364306400533e+01	1.390919781575434880e-08	4.934667146077847647e-09	2.688231571164675364e-09	3.153039427092529305e-08
6.045340469072480261e+01	1.227940476334104300e-08	4.280244805756631514e-09	2.290342146864793609e-09	2.807610198574703169e-08
6.173454237367209174e+01	1.083683910794928644e-08	3.711451110558106847e-09	1.950779277971157420e-09	2.499158185644815372e-08
6.304283011989645757e+01	9.514569160767971165e-09	3.200857559855316532e-09	1.652161718326245133e-09	2.213386764327634829e-08
6.437884329763940627e+01	8.380434651746093915e-09	2.770158456124084810e-09	1.404513742589909793e-09	1.966270549155936552e-08
6.574316946843353549e+01	7.375242047786454850e-09	2.395346484427046278e-09	1.192911430583953458e-09	1.745238953687047710e-08
6.713640864550379206e+01	6.486710295041383019e-09	2.070121034081281556e-09	1.012679841967298512e-09	1.548093825727779224e-08
6.855917355764610477e+01	5.673329283429641356e-09	1.778766993988681542e-09	8.546139887220860856e-10	1.365658234417441296e-08
7.001208991869765441e+01	4.976388242686702518e-09	1.533322864897056627e-09	7.237294173413726930e-10	1.208017304996330235e-08
7.149579670271769771e+01	4.359310755049111436e-09	1.320038038600835863e-09	6.120988164555307670e-10	1.067127047339116333e-08
7.301094642500031284e+01	3.814349038735584154e-09	1.135213392514751957e-09	5.171756345185771209e-10	9.415330954077934956e-09
7.455820542904223203e+01	3.315892315792042276e-09	9.698474419016734286e-10	4.340633697474223307e-10	8.253789523856866322e-09
7.613825417959219521e+01	2.888882188489368945e-09	8.307114811413175409e-10	3.653911797424271764e-10	7.250130774003166613e-09
7.775178756191070306e+01	2.510821628774242247e-09	7.098851478729844858e-10	3.068896764515598673e-10	6.352830430740752568e-09
7.939951518737163383e+01	2.176809518119330829e-09	6.052053691715967880e-10	2.571805636343999986e-10	5.552239573227252394e-09
8.108216170554010205e+01	1.871079920179350717e-09	5.115423563338143858e-10	2.136797210806238916e-10	4.811005373411306668e-09
8.280046712286477373e+01	1.608518504408404979e-09	4.326138473426898872e-10	1.777087523722659684e-10	4.168457752241753761e-09
8.455518712812224180e+01	1.375258082038935476e-09	3.639322164516623184e-10	1.470397949149431194e-10	3.591755617145546471e-09
8.634709342475994731e+01	1.168052424031158981e-09	3.042137766341596039e-10	1.209279389511309922e-10	3.074031632351513600e-09
8.817697407028136070e+01	9.770021402354686006e-10	2.504664126154063350e-10	9.797261676469512729e-11	2.590854617606951916e-09
9.004563382282356088e+01	8.105267134726519850e-10	2.046183171675826735e-10	7.879596423688550077e-11	2.165269126124985113e-09
9.195389449507966617e+01	6.594429101147878399e-10	1.639764540353130322e-10	6.218138148452620189e-11	1.774468809558029383e-09
9.390259531572145590e+01	5.203270626195010208e-10	1.274797448684155302e-10	4.762003016333022144e-11	1.410091140901693610e-09
9.589259329848152902e+01	3.841480366171973405e-10	9.276142494533769503e-11	3.414754289606419041e-11	1.048296631657079827e-09
9.792476361905691817e+01	2.472214381853810142e-10	5.886787699405830518e-11	2.136777613331316298e-11	6.791797564025086860e-10
