# Data associated with arXiv:2110.09653
# 
# Scale-free gravitational potential, Phi(r), of a einasto0-13 dark matter distribution (see Eq. 12 and the surrounding discussion)
# 
# Published: 3/29/22, Jack Runburg, contact: runburg@hawaii.edu
# 
# 
# -----------------------------------------------------------------
# 
# 	 tilde r 		 | 		 tilde Phi
# 
# -----------------------------------------------------------------
1.000000000000000082e-05	3.712499194492912896e-06
1.016902569856036418e-05	3.813695053479502557e-06
1.034090836579813217e-05	3.917593971245833341e-06
1.051569629182590727e-05	4.024266495492834117e-06
1.069343858298338107e-05	4.133784966402244105e-06
1.087418517563349352e-05	4.246223560763656124e-06
1.105798685019213608e-05	4.361658337147589619e-06
1.124489524539464294e-05	4.480167282147809376e-06
1.143496287280373749e-05	4.601830357717450074e-06
1.162824313156251011e-05	4.726729549623292932e-06
1.182479032339672186e-05	4.854948917043479243e-06
1.202465966787094358e-05	4.986574643334562196e-06
1.222790731790219642e-05	5.121695087993761171e-06
1.243459037553620304e-05	5.260400839843724265e-06
1.264476690798990365e-05	5.402784771466668665e-06
1.285849596396550032e-05	5.548942094916352379e-06
1.307583759024001738e-05	5.698970418736029317e-06
1.329685284853523648e-05	5.852969806311651020e-06
1.352160383267306994e-05	6.011042835590302534e-06
1.375015368602047702e-05	6.173294660193735435e-06
1.398256661922970337e-05	6.339833071958624518e-06
1.421890792827791775e-05	6.510768564934554624e-06
1.445924401281218556e-05	6.686214400872660109e-06
1.470364239480425140e-05	6.866286676237414192e-06
1.495217173752060936e-05	7.051104390775385148e-06
1.520490186481353606e-05	7.240789517675574179e-06
1.546190378073772831e-05	7.435467075355820223e-06
1.572324968949899453e-05	7.635265200911756802e-06
1.598901301573965207e-05	7.840315225264115660e-06
1.625926842516730133e-05	8.050751750042387810e-06
1.653409184553174079e-05	8.266712726242072469e-06
1.681356048795696318e-05	8.488339534695144855e-06
1.709775286863338809e-05	8.715777068392661480e-06
1.738674883087671066e-05	8.949173816700148649e-06
1.768062956756000055e-05	9.188681951507336385e-06
1.797947764392438726e-05	9.434457415353517085e-06
1.828337702077590442e-05	9.686660011572383188e-06
1.859241307807381921e-05	9.945453496499135953e-06
1.890667263891824960e-05	1.021100567378550350e-05
1.922624399394281931e-05	1.048348849086738974e-05
1.955121692611963820e-05	1.076307813763197479e-05
1.988168273598394005e-05	1.104995514733199214e-05
2.021773426728446277e-05	1.134430449979465696e-05
2.055946593306806188e-05	1.164631572697565434e-05
2.090697374220454717e-05	1.195618302090733386e-05
2.126035532636048084e-05	1.227410534409349618e-05
2.161970996742848953e-05	1.260028654240219832e-05
2.198513862542019826e-05	1.293493546051024239e-05
2.235674396683105304e-05	1.327826605995414726e-05
2.273463039348393747e-05	1.363049753984208612e-05
2.311890407186101566e-05	1.399185446028456263e-05
2.350967296293065580e-05	1.436256686860019571e-05
2.390704685247916156e-05	1.474287042835666080e-05
2.431113738195477895e-05	1.513300655130572928e-05
2.472205807983296721e-05	1.553322253227380233e-05
2.513992439351238667e-05	1.594377168707085179e-05
2.556485372174920653e-05	1.636491349347995040e-05
2.599696544764047972e-05	1.679691373539369373e-05
2.643638097216418787e-05	1.724004465016187147e-05
2.688322374828698802e-05	1.769458507921919745e-05
2.733761931564792142e-05	1.816082062206033786e-05
2.779969533582839453e-05	1.863904379363263590e-05
2.826958162821882354e-05	1.912955418521820238e-05
2.874741020649071774e-05	1.963265862887660746e-05
2.923331531568612113e-05	2.014867136552377986e-05
2.972743346993304866e-05	2.067791421672060539e-05
3.022990349079926684e-05	2.122071676024982282e-05
3.074086654629380722e-05	2.177741650955791405e-05
3.126046619052763072e-05	2.234835909714219263e-05
3.178884840404535552e-05	2.293389846196506630e-05
3.232616163483768439e-05	2.353439704097632130e-05
3.287255684004812447e-05	2.415022596482997136e-05
3.342818752838356790e-05	2.478176525787905346e-05
3.399320980324275641e-05	2.542940404253818276e-05
3.456778240657304527e-05	2.609354074810094529e-05
3.515206676346841592e-05	2.677458332410353995e-05
3.574622702752206616e-05	2.747294945832792166e-05
3.635043012694450139e-05	2.818906679953641620e-05
3.696484581146223093e-05	2.892337318503608652e-05
3.758964670000808795e-05	2.967631687316784684e-05
3.822500832921870388e-05	3.044835678082215819e-05
3.887110920275097572e-05	3.123996272608033726e-05
3.952813084143210176e-05	3.205161567608526361e-05
4.019625783425803943e-05	3.288380800024727978e-05
4.087567789025284005e-05	3.373704372888969641e-05
4.156658189120576708e-05	3.461183881744545298e-05
4.226916394529853092e-05	3.550872141631242977e-05
4.298362144164019741e-05	3.642823214648314588e-05
4.371015510572303796e-05	3.737092438106078072e-05
4.444896905581571312e-05	3.833736453277927667e-05
4.520027086031053377e-05	3.932813234764730696e-05
4.596427159603870473e-05	4.034382120483411753e-05
4.674118590757267352e-05	4.138503842292372840e-05
4.753123206752940771e-05	4.245240557265890502e-05
4.833463203789430644e-05	4.354655879630581021e-05
4.915161153238073493e-05	4.466814913376595787e-05
4.998240007984356624e-05	4.581784285556832399e-05
5.082723108876559525e-05	4.699632180287723499e-05
5.168634191283236288e-05	4.820428373464880089e-05
5.255997391761710167e-05	4.944244268207929915e-05
5.344837254839108326e-05	5.071152931048177325e-05
5.435178739908172257e-05	5.201229128873909702e-05
5.527047228239525742e-05	5.334549366647596216e-05
5.620468530112457639e-05	5.471191925909949682e-05
5.715468892066349253e-05	5.611236904086142860e-05
5.812075004274504757e-05	5.754766254609134393e-05
5.910314008042789533e-05	5.901863827876216992e-05
6.010213503434843707e-05	6.052615413054161851e-05
6.111801557026345553e-05	6.207108780749614671e-05
6.215106709790228898e-05	6.365433726560746123e-05
6.320157985115178797e-05	6.527682115527012690e-05
6.426984896959787321e-05	6.693947927494205738e-05
6.535617458144342038e-05	6.864327303411537685e-05
6.646086188782971240e-05	7.038918592578922962e-05
6.758422124858115099e-05	7.217822400861647844e-05
6.872656826940111863e-05	7.401141639891145195e-05
6.988822389054047174e-05	7.588981577269810906e-05
7.106951447696465861e-05	7.781449887798728483e-05
7.227077191004629639e-05	7.978656705747577552e-05
7.349233368080552791e-05	8.180714678185472145e-05
7.473454298472863809e-05	8.387739019393060250e-05
7.599774881818697982e-05	8.599847566375081799e-05
7.728230607648789517e-05	8.817160835494388782e-05
7.858857565358148443e-05	9.039802080247412062e-05
7.991692454345255051e-05	9.267897350202191069e-05
8.126772594322802224e-05	9.501575551120510833e-05
8.264135935802465773e-05	9.740968506285010466e-05
8.403821070757165439e-05	9.986211019054051677e-05
8.545867243463269578e-05	1.023744093666565188e-04
8.690314361526321394e-05	1.049479921531400504e-04
8.837203007092955202e-05	1.075842998652077297e-04
8.986574448252320402e-05	1.102848062482472452e-04
9.138470650630395851e-05	1.130510181681369835e-04
9.292934289180014931e-05	1.158844763152210743e-04
9.450008760170456993e-05	1.187867559221932734e-04
9.609738193379394305e-05	1.217594674961266333e-04
9.772167464491231779e-05	1.248042575649110561e-04
9.937342207704681467e-05	1.279228094383418599e-04
1.010530882855375953e-04	1.311168439841298400e-04
1.027611451694522251e-04	1.343881204190843599e-04
1.044980726041651943e-04	1.377384371157434103e-04
1.062643585761784858e-04	1.411696324247184594e-04
1.080604993202192510e-04	1.446835855130244820e-04
1.098869994586575572e-04	1.482822172186819395e-04
1.117443721432778697e-04	1.519674909218620578e-04
1.136331391994486811e-04	1.557414134328705243e-04
1.155538312727281931e-04	1.596060358972547220e-04
1.175069879779481330e-04	1.635634547183304594e-04
1.194931580508180820e-04	1.676158124974279535e-04
1.215128995020904455e-04	1.717652989921543514e-04
1.235667797743341897e-04	1.760141520929899212e-04
1.256553759013554958e-04	1.803646588185166104e-04
1.277792746703147969e-04	1.848191563296044471e-04
1.299390727865835948e-04	1.893800329628705849e-04
1.321353770413874452e-04	1.940497292837358974e-04
1.343688044822834680e-04	1.988307391594099137e-04
1.366399825865173903e-04	2.037256108521307647e-04
1.389495494373137348e-04	2.087369481330087384e-04
1.412981539031428761e-04	2.138674114168021196e-04
1.436864558200198782e-04	2.191197189179818275e-04
1.461151261768842277e-04	2.244966478284317682e-04
1.485848473041125864e-04	2.300010355171396264e-04
1.510963130652191798e-04	2.356357807522427945e-04
1.536502290517936125e-04	2.414038449457846778e-04
1.562473127817378576e-04	2.473082534215667290e-04
1.588882939008491742e-04	2.533520967064500137e-04
1.615739143878149021e-04	2.595385318455070006e-04
1.643049287626683534e-04	2.658707837413867587e-04
1.670821042987704773e-04	2.723521465182977765e-04
1.699062212383743503e-04	2.789859849109943275e-04
1.727780730118311508e-04	2.857757356791605966e-04
1.756984664605053779e-04	2.927249090476100393e-04
1.786682220634525510e-04	2.998370901726853544e-04
1.816881741679340619e-04	3.071159406352974119e-04
1.847591712238235014e-04	3.145651999609963773e-04
1.878820760219775598e-04	3.221886871675141875e-04
1.910577659366365815e-04	3.299903023402015433e-04
1.942871331719188508e-04	3.379740282357814431e-04
1.975710850124866975e-04	3.461439319148791236e-04
2.009105440784431595e-04	3.545041664037399689e-04
2.043064485845435532e-04	3.630589723856161247e-04
2.077597526037827484e-04	3.718126799222427046e-04
2.112714263354412516e-04	3.807697102058839431e-04
2.148424563776607336e-04	3.899345773423991326e-04
2.184738460046266035e-04	3.993118901657985616e-04
2.221666154484372088e-04	4.089063540847662323e-04
2.259218021857336319e-04	4.187227729616122040e-04
2.297404612291798821e-04	4.287660510241610460e-04
2.336236654238643619e-04	4.390411948110357248e-04
2.375725057487147664e-04	4.495533151508505085e-04
2.415880916230062926e-04	4.603076291757999703e-04
2.456715512180506823e-04	4.713094623701474285e-04
2.498240317741551374e-04	4.825642506541250563e-04
2.540466999229345113e-04	4.940775425037432014e-04
2.583407420150777146e-04	5.058550011070529675e-04
2.627073644536481322e-04	5.179024065573496240e-04
2.671477940330213769e-04	5.302256580838744489e-04
2.716632782835508839e-04	5.428307763205278327e-04
2.762550858220584886e-04	5.557239056131359602e-04
2.809245067082517420e-04	5.689113163658194618e-04
2.856728528071605542e-04	5.823994074269893276e-04
2.905014581577071149e-04	5.961947085155564234e-04
2.954116793474984839e-04	6.103038826878678675e-04
3.004048958939589458e-04	6.247337288459689671e-04
3.054825106319022541e-04	6.394911842877298858e-04
3.106459501076553839e-04	6.545833272994206701e-04
3.158966649798455200e-04	6.700173797913069841e-04
3.212361304269563162e-04	6.858007099768319639e-04
3.266658465617811426e-04	7.019408350959989353e-04
3.321873388528732334e-04	7.184454241835016479e-04
3.378021585531251671e-04	7.353223008822325994e-04
3.435118831355896260e-04	7.525794463027387629e-04
3.493181167366675791e-04	7.702250019292402206e-04
3.552224906067888996e-04	7.882672725728174460e-04
3.612266635687054364e-04	8.067147293723541139e-04
3.673323224835388411e-04	8.255760128438932241e-04
3.735411827246973185e-04	8.448599359789686972e-04
3.798549886598084251e-04	8.645754873925820452e-04
3.862755141407951480e-04	8.847318345214166347e-04
3.928045630022363724e-04	9.053383268729330155e-04
3.994439695681523583e-04	9.264044993259808744e-04
4.061955991673505371e-04	9.479400754835374783e-04
4.130613486574917070e-04	9.699549710782593391e-04
4.200431469580040238e-04	9.924592974314338720e-04
4.271429555920115370e-04	1.015463364966019948e-03
4.343627692374198417e-04	1.038977686774405530e-03
4.417046162873167637e-04	1.063012982241536052e-03
4.491705594198478857e-04	1.087580180724080550e-03
4.567626961777168084e-04	1.112690425286259064e-03
4.644831595574927248e-04	1.138355076493052309e-03
4.723341186088662533e-04	1.164585716261378433e-03
4.803177790440425624e-04	1.191394151769970206e-03
4.884363838574312710e-04	1.218792419428575864e-03
4.966922139558113680e-04	1.246792788907172267e-03
5.050875887991499369e-04	1.275407767225861721e-03
5.136248670522445235e-04	1.304650102906093016e-03
5.223064472473935762e-04	1.334532790183953462e-03
5.311347684582509721e-04	1.365069073286100283e-03
5.401123109850867847e-04	1.396272450769125853e-03
5.492415970516181150e-04	1.428156679922930328e-03
5.585251915136241153e-04	1.460735781238845649e-03
5.679657025795404723e-04	1.494024042943175321e-03
5.775657825432239500e-04	1.528036025596790940e-03
5.873281285291183634e-04	1.562786566761547235e-03
5.972554832499969713e-04	1.598290785734080705e-03
6.073506357775315233e-04	1.634564088347797636e-03
6.176164223258701069e-04	1.671622171843614203e-03
6.280557270484683893e-04	1.709481029810208013e-03
6.386714828483902292e-04	1.748156957194429029e-03
6.494666722022935214e-04	1.787666555382508684e-03
6.604443279983617009e-04	1.828026737352843453e-03
6.716075343883770371e-04	1.869254732900877455e-03
6.829594276542177208e-04	1.911368093936921054e-03
6.945031970889825731e-04	1.954384699857415059e-03
7.062420858930204982e-04	1.998322762990429810e-03
7.181793920851009278e-04	2.043200834115991345e-03
7.303184694289851413e-04	2.089037808061914442e-03
7.426627283756636558e-04	2.135852929375826013e-03
7.552156370215079703e-04	2.183665798073950240e-03
7.679807220826359018e-04	2.232496375467433666e-03
7.809615698857278474e-04	2.282364990066716812e-03
7.941618273756021005e-04	2.333292343564689984e-03
8.075852031398165869e-04	2.385299516899226993e-03
8.212354684505887787e-04	2.438407976395725197e-03
8.351164583243314002e-04	2.492639579990305835e-03
8.492320725990840828e-04	2.548016583534220246e-03
8.635862770301777234e-04	2.604561647180203120e-03
8.781831044043956558e-04	2.662297841851205601e-03
8.930266556729828109e-04	2.721248655792263271e-03
9.081211011037989590e-04	2.781438001205994732e-03
9.234706814529467173e-04	2.842890220972330972e-03
9.390797091562086895e-04	2.905630095453100911e-03
9.549525695406079406e-04	2.969682849381902884e-03
9.710937220564705170e-04	3.035074158840035327e-03
9.875077015302894702e-04	3.101830158318778525e-03
1.004199119438780371e-03	3.169977447868772488e-03
1.021172665204465608e-03	3.239543100336893418e-03
1.038433107513160114e-03	3.310554668691196006e-03
1.055985295653722377e-03	3.383040193434399059e-03
1.073834160880457900e-03	3.457028210106433564e-03
1.091984717798539194e-03	3.532547756876467347e-03
1.110442065772854507e-03	3.609628382224971000e-03
1.129211390360662605e-03	3.688300152716183708e-03
1.148297964768467102e-03	3.768593660861467316e-03
1.167707151333511727e-03	3.850540033073950215e-03
1.187444403030319794e-03	3.934170937714883895e-03
1.207515265002700490e-03	4.019518593232110706e-03
1.227925376121640280e-03	4.106615776390961162e-03
1.248680470569537605e-03	4.195495830598033535e-03
1.269786379451208914e-03	4.286192674318125076e-03
1.291249032432127903e-03	4.378740809584677832e-03
1.313074459404352896e-03	4.473175330604007953e-03
1.335268792180613557e-03	4.569531932453662834e-03
1.357838266217031810e-03	4.667846919875108178e-03
1.380789222364966172e-03	4.768157216161071112e-03
1.404128108652453718e-03	4.870500372137652120e-03
1.427861482095777682e-03	4.974914575241541452e-03
1.451996010541646868e-03	5.081438658692440623e-03
1.476538474540514635e-03	5.190112110760862485e-03
1.501495769251562883e-03	5.300975084131472059e-03
1.526874906379880551e-03	5.414068405362040121e-03
1.552683016146397385e-03	5.529433584438179540e-03
1.578927349291094897e-03	5.647112824423784587e-03
1.605615279110095620e-03	5.767149031207381357e-03
1.632754303527175332e-03	5.889585823344278305e-03
1.660352047200289172e-03	6.014467541994532492e-03
1.688416263663707062e-03	6.141839260956726346e-03
1.716954837506350865e-03	6.271746796797401415e-03
1.745975786586963620e-03	6.404236719076157776e-03
1.775487264286699802e-03	6.539356360666140691e-03
1.805497561799810540e-03	6.677153828169898019e-03
1.836015110463037458e-03	6.817678012430311747e-03
1.867048484124379315e-03	6.960978599136410233e-03
1.898606401551900620e-03	7.107106079523809600e-03
1.930697728883249645e-03	7.256111761169450371e-03
1.963331482116591892e-03	7.408047778880363053e-03
1.996516829643624896e-03	7.562967105675989961e-03
2.030263094825430960e-03	7.720923563863792659e-03
2.064579758611852570e-03	7.881971836207585583e-03
2.099476462205150749e-03	8.046167477188217662e-03
2.134963009768679927e-03	8.213566924355972243e-03
2.171049371181348660e-03	8.384227509774237752e-03
2.207745684838647703e-03	8.558207471681974696e-03
2.245062260500998302e-03	8.735565965628135435e-03
2.283009582190270292e-03	8.916363076889585043e-03
2.321598311135244109e-03	9.100659831822014573e-03
2.360839288766866315e-03	9.288518209858570573e-03
2.400743539764126078e-03	9.480001155486826592e-03
2.441322275151419988e-03	9.675172590311928791e-03
2.482586895448264750e-03	9.874097425204902620e-03
2.524548993872262424e-03	1.007684157253538673e-02
2.567220359596177753e-03	1.028347195848745843e-02
2.610612981060093842e-03	1.049405653545785848e-02
2.654739049339540410e-03	1.070866429453527779e-02
2.699610961570552640e-03	1.092736527805961838e-02
2.745241324432623389e-03	1.115023059226007487e-02
2.791642957690524101e-03	1.137733241997071834e-02
2.838828897796003177e-03	1.160874403342232117e-02
2.886812401550338004e-03	1.184453980710897456e-02
2.935606949828818354e-03	1.208479523072823400e-02
2.985226251368169013e-03	1.232958692219316213e-02
3.035684246617996723e-03	1.257899264071484120e-02
3.086995111657330013e-03	1.283309129995370210e-02
3.139173262177360861e-03	1.309196298123805474e-02
3.192233357531519197e-03	1.335568894684816335e-02
3.246190304853968818e-03	1.362435165336391488e-02
3.301059263247754609e-03	1.389803476507448995e-02
3.356855648043719550e-03	1.417682316744799456e-02
3.413595135131412741e-03	1.446080298065913552e-02
3.471293665363201029e-03	1.475006157317288943e-02
3.529967449032819348e-03	1.504468757538213186e-02
3.589632970429635240e-03	1.534477089329714175e-02
3.650306992469857896e-03	1.565040272228443094e-02
3.712006561406061729e-03	1.596167556085313285e-02
3.774749011616297320e-03	1.627868322448615748e-02
3.838551970474150202e-03	1.660152085951390605e-02
3.903433363301120080e-03	1.693028495702798494e-02
3.969411418402700453e-03	1.726507336683236887e-02
4.036504672189604979e-03	1.760598531142944234e-02
4.104731974385511864e-03	1.795312140003798435e-02
4.174112493322873658e-03	1.830658364264065724e-02
4.244665721328222743e-03	1.866647546417260148e-02
4.316411480198500787e-03	1.903290171817979132e-02
4.389369926769958255e-03	1.940596870156894790e-02
4.463561558581177410e-03	1.978578416833768477e-02
4.539007219631814756e-03	2.017245734382177788e-02
4.615728106238700494e-03	2.056609893885601170e-02
4.693745772990876204e-03	2.096682116394242568e-02
4.773082138805334954e-03	2.137473774342320276e-02
4.853759493085097083e-03	2.178996392965425882e-02
4.935800501981372872e-03	2.221261651717611196e-02
5.019228214761578891e-03	2.264281385687846870e-02
5.104066070284974874e-03	2.308067587015462038e-02
5.190337903587798063e-03	2.352632406304213525e-02
5.278067952579629761e-03	2.397988154034554759e-02
5.367280864853020243e-03	2.444147301973749811e-02
5.458001704608171807e-03	2.491122484583395760e-02
5.550255959694683563e-03	2.538926500423954735e-02
5.644069548772311269e-03	2.587572313555866477e-02
5.739468828592763153e-03	2.637073054936807034e-02
5.836480601404602127e-03	2.687442023814676229e-02
5.935132122483251921e-03	2.738692689115809764e-02
6.035451107788337120e-03	2.790838690828032626e-02
6.137465741750428375e-03	2.843893841378024659e-02
6.241204685189401941e-03	2.897872127002562581e-02
6.346697083366644419e-03	2.952787709113123549e-02
6.453972574173352621e-03	3.008654925653382606e-02
6.563061296457267831e-03	3.065488292449097124e-02
6.673993898490092683e-03	3.123302504549838737e-02
6.786801546578089504e-03	3.182112437562095025e-02
6.901515933818189001e-03	3.241933148973188267e-02
7.018169289002107285e-03	3.302779879465472107e-02
7.136794385670962304e-03	3.364668054220261439e-02
7.257424551322942327e-03	3.427613284210947325e-02
7.380093676776592997e-03	3.491631367484718251e-02
7.504836225692410046e-03	3.556738290432333305e-02
7.631687244255296390e-03	3.622950229045323461e-02
7.760682371020751966e-03	3.690283550160079751e-02
7.891857846927448697e-03	3.758754812688194086e-02
8.025250525479058969e-03	3.828380768832447684e-02
8.160897883098169533e-03	3.899178365287825354e-02
8.298838029655216872e-03	3.971164744426940174e-02
8.439109719175405186e-03	4.044357245481654262e-02
8.581752360726531761e-03	4.118773405647750685e-02
8.726806029490927208e-03	4.194430961288288934e-02
8.874311478024487360e-03	4.271347849006141423e-02
9.024310147706032098e-03	4.349542206752294443e-02
9.176844180380181251e-03	4.429032374903955904e-02
9.331956430197019259e-03	4.509836897322425098e-02
9.489690475651922641e-03	4.591974522390030594e-02
9.650090631828802876e-03	4.675464204025354259e-02
9.813201962850383320e-03	4.760325102676137010e-02
9.979070294538865127e-03	4.846576586289060018e-02
1.014774222729061814e-02	4.934238231255692886e-02
1.031926514916845991e-02	5.023329823333859412e-02
1.049368724921524200e-02	5.113871358543687490e-02
1.067105753099251327e-02	5.205883044037588891e-02
1.085142582634790812e-02	5.299385298943334877e-02
1.103484280941536416e-02	5.394398755179566352e-02
1.122136001085190064e-02	5.490944258242862891e-02
1.141102983231507065e-02	5.589042867965627465e-02
1.160390556118510476e-02	5.688715859243971551e-02
1.180004138553588516e-02	5.789984722734797112e-02
1.199949240935904021e-02	5.892871165521296195e-02
1.220231466804522213e-02	5.997397111745962628e-02
1.240856514412720830e-02	6.103584703210408052e-02
1.261830178328901021e-02	6.211456299941058717e-02
1.283158351064561664e-02	6.321034480719922577e-02
1.304847024729788307e-02	6.432342043579598878e-02
1.326902292716726148e-02	6.545402006261642758e-02
1.349330351411505598e-02	6.660237606637446628e-02
1.372137501935110325e-02	6.776872303090808458e-02
1.395330151913657356e-02	6.895329774861194694e-02
1.418914817278613301e-02	7.015633922347011553e-02
1.442898124097431733e-02	7.137808867367823051e-02
1.467286810435134044e-02	7.261878953305220263e-02
1.492087728247356443e-02	7.387868744983983049e-02
1.517307845305392207e-02	7.515803030219535275e-02
1.542954247153780281e-02	7.645706818737790789e-02
1.569034139100966910e-02	7.777605340704732417e-02
1.595554848243628532e-02	7.911524050108145745e-02
1.622523825525205854e-02	8.047488623350185222e-02
1.649948647829230924e-02	8.185524956126633001e-02
1.677837020108039270e-02	8.325659169509445900e-02
1.706196777547459506e-02	8.467917602307079017e-02
1.735035887768101442e-02	8.612326818749455049e-02
1.764362453063833894e-02	8.758913601016959927e-02
1.794184712678114843e-02	8.907704951776668212e-02
1.824511045118791530e-02	9.058728097559216874e-02
1.855349970512023758e-02	9.212010481208011969e-02
1.886710152996000367e-02	9.367579764685778076e-02
1.918600403155108769e-02	9.525463832632896644e-02
1.951029680495259405e-02	9.685690782568526225e-02
1.984007095961033348e-02	9.848288934684240603e-02
2.017541914495388569e-02	1.001328682192294400e-01
2.051643557642630553e-02	1.018071319296023625e-01
2.086321606195374462e-02	1.035059701560640949e-01
2.121585802886252412e-02	1.052296746765965935e-01
2.157446055125112477e-02	1.069785394131296807e-01
2.193912437782497352e-02	1.087528603925679155e-01
2.230995196020145455e-02	1.105529357949631419e-01
2.268704748169360005e-02	1.123790658537302811e-01
2.307051688658016617e-02	1.142315528860094326e-01
2.346046790987047978e-02	1.161107013238414504e-01
2.385701010757239338e-02	1.180168176134500924e-01
2.426025488747183059e-02	1.199502102433971373e-01
2.467031554043257191e-02	1.219111897716066567e-01
2.508730727222522119e-02	1.239000687258626499e-01
2.551134723589388795e-02	1.259171616285736928e-01
2.594255456467021298e-02	1.279627850184973936e-01
2.638105040544361582e-02	1.300372573430012835e-01
2.682695795279727360e-02	1.321408990357099966e-01
2.728040248361941061e-02	1.342740324171171895e-01
2.774151139229957819e-02	1.364369817081622915e-01
2.821041422651998296e-02	1.386300730303524631e-01
2.868724272365149111e-02	1.408536343537236390e-01
2.917213084776511603e-02	1.431079954643222074e-01
2.966521482726893269e-02	1.453934879781752232e-01
3.016663319318120540e-02	1.477104452868518991e-01
3.067652681805041123e-02	1.500592025435470711e-01
3.119503895553308453e-02	1.524400966368654742e-01
3.172231528064078931e-02	1.548534661626611297e-01
3.225850393066707206e-02	1.572996514098377319e-01
3.280375554680643041e-02	1.597789942787455897e-01
3.335822331647670530e-02	1.622918383447373436e-01
3.392206301635675159e-02	1.648385287329392490e-01
3.449543305615163091e-02	1.674194121255498102e-01
3.507849452309746291e-02	1.700348367823080187e-01
3.567141122721874391e-02	1.726851523914082753e-01
3.627434974735024853e-02	1.753707101718091910e-01
3.688747947793717674e-02	1.780918627168925072e-01
3.751097267662616142e-02	1.808489640085109984e-01
3.814500451266075037e-02	1.836423694421346342e-01
3.878975311609485915e-02	1.864724356730108612e-01
3.944539962783806530e-02	1.893395206331842662e-01
4.011212825054691344e-02	1.922439835575811551e-01
4.079012630037611581e-02	1.951861848194149374e-01
4.147958425960481671e-02	1.981664859488885544e-01
4.218069583015218033e-02	2.011852496584558836e-01
4.289365798799760210e-02	2.042428396706296168e-01
4.361867103852071215e-02	2.073396207367813049e-01
4.435593867277683178e-02	2.104759586598521359e-01
4.510566802472350950e-02	2.136522201177987468e-01
4.586806972941463723e-02	2.168687726808605221e-01
4.664335798217766893e-02	2.201259848300362865e-01
4.743175059879158745e-02	2.234242257793700448e-01
4.823346907668181471e-02	2.267638654901021900e-01
4.904873865714945436e-02	2.301452746831764706e-01
4.987778838865244979e-02	2.335688246636540566e-01
5.072085119115625484e-02	2.370348873300927584e-01
5.157816392157245355e-02	2.405438351794847718e-01
5.244996744030298863e-02	2.440960411369204608e-01
5.333650667890960095e-02	2.476918785585829341e-01
5.423803070892688205e-02	2.513317212278197710e-01
5.515479281183843091e-02	2.550159431778505348e-01
5.608705055023580077e-02	2.587449187614110357e-01
5.703506584018021297e-02	2.625190224765906466e-01
5.799910502478755614e-02	2.663386290014907454e-01
5.897943894905668949e-02	2.702041130719971540e-01
5.997634303596301869e-02	2.741158494480626651e-01
6.099009736383805003e-02	2.780742128372938882e-01
6.202098674505685666e-02	2.820795778407674814e-01
6.306930080605555045e-02	2.861323188983433963e-01
6.413533406870128295e-02	2.902328101684351624e-01
6.521938603303781279e-02	2.943814255565591065e-01
6.632176126142910744e-02	2.985785385327704988e-01
6.744276946412586238e-02	3.028245221876951221e-01
6.858272558627788451e-02	3.071197490291575072e-01
6.974194989641739617e-02	3.114645910542736540e-01
7.092076807643786507e-02	3.158594195277240058e-01
7.211951131309368712e-02	3.203046050662665678e-01
7.333851639104646547e-02	3.248005174253208449e-01
7.457812578748428123e-02	3.293475254820226739e-01
7.583868776833958825e-02	3.339459972311886737e-01
7.712055648613416747e-02	3.385962995752645477e-01
7.842409207947753647e-02	3.432987983112747998e-01
7.974966077424722188e-02	3.480538581283809108e-01
8.109763498647923341e-02	3.528618423860490072e-01
8.246839342699753550e-02	3.577231131035406575e-01
8.386232120781254851e-02	3.626380309571684002e-01
8.527980995031705924e-02	3.676069550504572070e-01
8.672125789531190398e-02	3.726302429044895392e-01
8.818707001489085873e-02	3.777082504530030471e-01
8.967765812621682209e-02	3.828413318084221695e-01
9.119344100722104329e-02	3.880298392513129579e-01
9.273484451425793862e-02	3.932741232215379856e-01
9.430230170174896953e-02	3.985745320839835792e-01
9.589625294384790388e-02	4.039314121154527482e-01
9.751714605816352854e-02	4.093451074900296138e-01
9.916543643157306465e-02	4.148159600484316867e-01
1.008415871481621734e-01	4.203443092805918546e-01
1.025460691193275653e-01	4.259304923035463486e-01
1.042793612160791694e-01	4.315748436381540154e-01
1.060419504035768068e-01	4.372776951856646721e-01
1.078343318779438342e-01	4.430393761968100530e-01
1.096570092053898021e-01	4.488602130419893088e-01
1.115104944636879369e-01	4.547405292659942311e-01
1.133953083860418237e-01	4.606806453628753961e-01
1.153119805073836990e-01	4.666808787915036616e-01
1.172610493131479026e-01	4.727415438118220403e-01
1.192430623905555293e-01	4.788629514215668181e-01
1.212585765824598510e-01	4.850454092472273326e-01
1.233081581437884267e-01	4.912892214592304851e-01
1.253923829006330093e-01	4.975946886866332020e-01
1.275118364120260972e-01	5.039621078634713980e-01
1.296671141344518663e-01	5.103917722326453132e-01
1.318588215891403626e-01	5.168839711277234406e-01
1.340875745321854495e-01	5.234389900070992585e-01
1.363539991275424801e-01	5.300571102150914982e-01
1.386587321229457159e-01	5.367386090343491123e-01
1.410024210288032542e-01	5.434837594510537606e-01
1.433857243001131487e-01	5.502928301116315479e-01
1.458093115214542101e-01	5.571660852964208654e-01
1.482738635951064698e-01	5.641037846607397377e-01
1.507800729323471867e-01	5.711061833207126126e-01
1.533286436479847636e-01	5.781735315905245365e-01
1.559202917581761494e-01	5.853060749501992621e-01
1.585557453815923112e-01	5.925040540253969645e-01
1.612357449439809631e-01	5.997677043367557470e-01
1.639610433861866667e-01	6.070972562728798039e-01
1.667324063756906449e-01	6.144929350723942196e-01
1.695506125217208226e-01	6.219549605675120940e-01
1.724164535940033438e-01	6.294835471606241573e-01
1.753307347452060516e-01	6.370789038068167542e-01
1.782942747371474568e-01	6.447412337559359496e-01
1.813079061708234574e-01	6.524707345310879480e-01
1.843724757203275000e-01	6.602675979099316139e-01
1.874888443707211083e-01	6.681320096694156607e-01
1.906578876599247796e-01	6.760641495904131659e-01
1.938804959247014126e-01	6.840641913069942515e-01
1.971575745507916644e-01	6.921323023161449761e-01
2.004900442272835592e-01	7.002686436972589412e-01
2.038788412052750798e-01	7.084733702147658629e-01
2.073249175609150063e-01	7.167466300551457170e-01
2.108292414628857858e-01	7.250885648014260276e-01
2.143927974444073958e-01	7.334993094009492065e-01
2.180165866798430274e-01	7.419789919247772314e-01
2.217016272659736997e-01	7.505277336280156142e-01
2.254489545080342605e-01	7.591456487165502143e-01
2.292596212105766917e-01	7.678328443767062916e-01
2.331346979732569213e-01	7.765894205727080779e-01
2.370752734916163618e-01	7.854154700474272888e-01
2.410824548629473540e-01	7.943110781778693896e-01
2.451573678973335835e-01	8.032763229067458877e-01
2.493011574339402958e-01	8.123112746123930528e-01
2.535149876626587306e-01	8.214159960861507903e-01
2.578000424511790456e-01	8.305905424180914931e-01
2.621575256775992568e-01	8.398349608513382414e-01
2.665886615686511307e-01	8.491492908174820275e-01
2.710946950436425307e-01	8.585335637072591952e-01
2.756768920642191367e-01	8.679878029405954099e-01
2.803365399900296095e-01	8.775120237447612270e-01
2.850749479404112718e-01	8.871062331290102687e-01
2.898934471621800180e-01	8.967704298777169347e-01
2.947933914036459657e-01	9.065046043333913062e-01
2.997761572949446118e-01	9.163087383834097599e-01
3.048431447347966228e-01	9.261828054635818930e-01
3.099957772838110026e-01	9.361267703048145039e-01
3.152355025644269504e-01	9.461405890626771731e-01
3.205637926676255800e-01	9.562242090668090500e-01
3.259821445665060935e-01	9.663775688507024730e-01
3.314920805368620771e-01	9.766005980283564147e-01
3.370951485848599494e-01	9.868932173398918817e-01
3.427929228819465157e-01	9.972553384167004431e-01
3.485870042071142483e-01	1.007686863797986776e+00
3.544790203966314834e-01	1.018187686955150495e+00
3.604706268013856407e-01	1.028757692059896645e+00
3.665635067519453227e-01	1.039396754007406054e+00
3.727593720314937853e-01	1.050104738444002539e+00
3.790599633567491855e-01	1.060881501542725092e+00
3.854670508670132723e-01	1.071726890031463153e+00
3.919824346214941246e-01	1.082640741221992498e+00
3.986079451050231759e-01	1.093622882797644191e+00
4.053454437423328338e-01	1.104673132844612438e+00
4.121968234210137139e-01	1.115791299880599663e+00
4.191640090233237359e-01	1.126977182636826225e+00
4.262489579669776485e-01	1.138230570201597791e+00
4.334536607550772414e-01	1.149551241825459202e+00
4.407801415353455599e-01	1.160938966948108719e+00
4.482304586688004022e-01	1.172393505216716481e+00
4.558067053080539499e-01	1.183914606324100172e+00
4.635110099853732013e-01	1.195502010099313894e+00
4.713455372106929997e-01	1.207155446398528342e+00
4.793124880797287601e-01	1.218874635112359606e+00
4.874141008923670304e-01	1.230659286124128782e+00
4.956526517815184607e-01	1.242509099298485298e+00
5.040304553525852826e-01	1.254423764472320180e+00
5.125498653337533517e-01	1.266402961370823199e+00
5.212132752372591327e-01	1.278446359705579072e+00
5.300231190318516195e-01	1.290553619022685172e+00
5.389818718266018438e-01	1.302724388841550507e+00
5.480920505662881803e-01	1.314958308484526439e+00
5.573562147385243692e-01	1.327255007242223783e+00
5.667769670928383130e-01	1.339614104188274979e+00
5.763569543719186949e-01	1.352035208366243690e+00
5.860988680552025043e-01	1.364517918613294745e+00
5.960054451150506027e-01	1.377061823687154130e+00
6.060794687856858598e-01	1.389666502253786406e+00
6.163237693451454335e-01	1.402331522881616888e+00
6.267412249104387101e-01	1.415056443942626085e+00
6.373347622461452699e-01	1.427840813655292251e+00
6.481073575866924674e-01	1.440684170746186155e+00
6.590620374725127961e-01	1.453586043060954625e+00
6.702018796003550438e-01	1.466545949040968466e+00
6.815300136879469672e-01	1.479563396784814522e+00
6.930496223532930378e-01	1.492637884870802845e+00
7.047639420088206430e-01	1.505768901310195362e+00
7.166762637706404204e-01	1.518955924957267500e+00
7.287899343831883980e-01	1.532198423685513955e+00
7.411083571594764274e-01	1.545495856990571015e+00
7.536349929372584411e-01	1.558847673698688041e+00
7.663733610513340233e-01	1.572253312697710737e+00
7.793270403223097054e-01	1.585712203770245576e+00
7.924996700620573487e-01	1.599223767068124191e+00
8.058949510961670448e-01	1.612787412434754541e+00
8.195166468036988450e-01	1.626402540900992122e+00
8.333685841744831180e-01	1.640068544032775577e+00
8.474546548843202576e-01	1.653784803266186376e+00
8.617788163883257635e-01	1.667550691432319931e+00
8.763450930327818522e-01	1.681365572008999720e+00
8.911575771857650485e-01	1.695228798675092463e+00
9.062204303868837130e-01	1.709139716609312298e+00
9.215378845164673427e-01	1.723097661944555492e+00
9.371142429844909749e-01	1.737101961074364764e+00
9.529538819396250471e-01	1.751151932392430943e+00
9.690612514986907122e-01	1.765246885313431768e+00
9.854408769969253967e-01	1.779386119701605429e+00
1.002097360259361913e+00	1.793568927917481348e+00
1.019035380893695386e+00	1.807794593369619562e+00
1.036259697605026009e+00	1.822062390489257444e+00
1.053775149532790278e+00	1.836371586074886375e+00
1.071586657610325677e+00	1.850721438659289841e+00
1.089699225947380778e+00	1.865111197949437694e+00
1.108117943236025305e+00	1.879540106487697759e+00
1.126847984180302076e+00	1.894007398078044080e+00
1.145894610950043413e+00	1.908512299450490168e+00
1.165263174659284751e+00	1.923054029180907953e+00
1.184959116869630069e+00	1.937631798304480180e+00
1.204987971119068746e+00	1.952244810664328201e+00
1.225355364476592435e+00	1.966892262531816815e+00
1.246067019123127118e+00	1.981573343207709836e+00
1.267128753959161580e+00	1.996287234038300662e+00
1.288546486239548816e+00	2.011033110998677653e+00
1.310326233235965754e+00	2.025810141833022548e+00
1.332474113927433867e+00	2.040617488492501685e+00
1.354996350719455345e+00	2.055454305721713837e+00
1.377899271192165376e+00	2.070319742446097511e+00
1.401189309878072775e+00	2.085212940749131327e+00
1.424873010069821255e+00	2.100133036925789121e+00
1.448957025658507369e+00	2.115079161887080783e+00
1.473448123003098242e+00	2.130050439405029028e+00
1.498353182831403840e+00	2.145045988855058816e+00
1.523679202173229497e+00	2.160064922780003283e+00
1.549433296326152343e+00	2.175106349751106727e+00
1.575622700854574010e+00	2.190169361336839149e+00
1.602254773622528550e+00	2.205253088504671943e+00
1.629336996860851317e+00	2.220356590676430653e+00
1.656876979269319872e+00	2.235478967408576434e+00
1.684882458154278284e+00	2.250619301631469948e+00
1.713361301602444930e+00	2.265776673040823752e+00
1.742321510691409836e+00	2.280950156914608673e+00
1.771771221737550084e+00	2.296138823016829811e+00
1.801718708581883988e+00	2.311341739483215196e+00
1.832172384914617203e+00	2.326557969433939110e+00
1.863140806638941216e+00	2.341786572661952004e+00
1.894632674274788098e+00	2.357026605649002793e+00
1.926656835403250945e+00	2.372277121855411952e+00
1.959222287152264430e+00	2.387537171647758694e+00
1.992338178724363251e+00	2.402805802520792344e+00
2.026013813967100230e+00	2.418082045883506392e+00
2.060258653986974053e+00	2.433364985307064465e+00
2.095082319807497040e+00	2.448653619956865146e+00
2.130494595072189856e+00	2.463946988809669225e+00
2.166505428793310539e+00	2.479244167478914296e+00
2.203124938146971523e+00	2.494544151349392891e+00
2.240363411315581477e+00	2.509845974526372370e+00
2.278231310378250996e+00	2.525148705758348378e+00
2.316739274250128933e+00	2.540451338637864875e+00
2.355898121671370138e+00	2.555752916005935127e+00
2.395718854246625451e+00	2.571052466579464735e+00
2.436212659535957670e+00	2.586349019165266050e+00
2.477390914197924676e+00	2.601641601979481244e+00
2.519265187185870225e+00	2.616929243361809654e+00
2.561847242998160024e+00	2.632210967462557338e+00
2.605149044983431139e+00	2.647485814643359969e+00
2.649182758701655427e+00	2.662752802149418230e+00
2.693960755342017954e+00	2.678010963087826823e+00
2.739495615198612732e+00	2.693259328325370294e+00
2.785800131204812846e+00	2.708496929125720598e+00
2.832887312527463397e+00	2.723722798201475115e+00
2.880770388221738365e+00	2.738935969873752097e+00
2.929462810947857765e+00	2.754135479526224284e+00
2.978978260750571039e+00	2.769320364845656801e+00
3.029330648902521350e+00	2.784489660806461320e+00
3.080534121812634751e+00	2.799642423901649302e+00
3.132603065000477027e+00	2.814777683357184035e+00
3.185552107137887834e+00	2.829894491048411620e+00
3.239396124158830492e+00	2.844991896520104646e+00
3.294150243438799031e+00	2.860068952545560705e+00
3.349829848044809655e+00	2.875124714866585940e+00
3.406450581057223204e+00	2.890158242585662673e+00
3.464028349964686004e+00	2.905168577091525428e+00
3.522579331133254943e+00	2.920154849356711768e+00
3.582119974351172242e+00	2.935116065280835684e+00
3.642667007450346439e+00	2.950051300697323242e+00
3.704237441006055231e+00	2.964959695592733091e+00
3.766848573116013732e+00	2.979840272228426734e+00
3.830517994260218551e+00	2.994692139178674495e+00
3.895263592243014550e+00	3.009514389673749513e+00
3.961103557218577542e+00	3.024306121412001058e+00
4.028056386801467603e+00	3.039066437883024108e+00
4.096140891263432948e+00	3.053794448071973644e+00
4.165376198818180775e+00	3.068489265976322322e+00
4.235781760995385170e+00	3.083150011919142841e+00
4.307377358105535237e+00	3.097775811993724204e+00
4.380183104797232829e+00	3.112365798268220018e+00
4.454219455708298803e+00	3.126919109574792355e+00
4.529507211212534301e+00	3.141434890460005569e+00
4.606067523263474683e+00	3.155912293008720226e+00
4.683921901337057214e+00	3.170350458943691940e+00
4.763092218474635153e+00	3.184748602877714330e+00
4.843600717428146574e+00	3.199105848178845690e+00
4.925470016909234694e+00	3.213421391086839662e+00
5.008723117943856273e+00	3.227694418775886920e+00
5.093383410334457295e+00	3.241924125946201052e+00
5.179474679231212519e+00	3.256109713269335071e+00
5.267021111814501388e+00	3.270250397552913135e+00
5.356047304090164829e+00	3.284345391141524129e+00
5.446578267799784712e+00	3.298393922426115843e+00
5.538639437447652192e+00	3.312395226874553344e+00
5.632256677446509485e+00	3.326348547735022532e+00
5.727456289384188715e+00	3.340253137568228059e+00
5.824265019412900202e+00	3.354108249713706691e+00
5.922710065763608256e+00	3.367913174930686537e+00
6.022819086387228182e+00	3.381667171676781436e+00
6.124620206725158056e+00	3.395369534227651087e+00
6.228142027611035303e+00	3.409019560000421389e+00
6.333413633306047785e+00	3.422616555727752807e+00
6.440464599670190360e+00	3.436159837017840335e+00
6.549325002471445778e+00	3.449648729770665501e+00
6.660025425835619295e+00	3.463082569547479395e+00
6.772596970838784536e+00	3.476460701125573483e+00
6.887071264245168578e+00	3.489782479899342427e+00
7.003480467392588338e+00	3.503047271211412905e+00
7.121857285228077927e+00	3.516254449980051877e+00
7.242234975496383065e+00	3.529403401999668510e+00
7.364647358083541206e+00	3.542493523366094355e+00
7.489128824518638261e+00	3.555524219822013166e+00
7.615714347635920589e+00	3.568494908576172353e+00
7.744439491400456177e+00	3.581405017218633802e+00
7.875340420899716420e+00	3.594253983045461176e+00
8.008453912504041483e+00	3.607041255515145206e+00
8.143817364199005482e+00	3.619766294245916338e+00
8.281468806092183499e+00	3.632428569251546335e+00
8.421446911097760335e+00	3.645027562299060886e+00
8.563791005801492773e+00	3.657562766036122959e+00
8.708541081509549642e+00	3.670033683608292741e+00
8.855737805483945735e+00	3.682439830048068963e+00
9.005422532367880706e+00	3.694780730823477466e+00
9.157637315804374012e+00	3.707055923359872107e+00
9.312424920251002547e+00	3.719264955900674074e+00
9.469828832994659606e+00	3.731407387991677371e+00
9.629893276369060118e+00	3.743482790921052850e+00
9.792663220179065320e+00	3.755490747026996701e+00
9.958184394334800515e+00	3.767430850069780846e+00
1.012650330169933710e+01	3.779302705525601880e+00
1.029766723115371541e+01	3.791105930237938182e+00
1.047172427088250757e+01	3.802840150365893290e+00
1.064872332188427428e+01	3.814505011728286377e+00
1.082871411171002762e+01	3.826100159745220441e+00
1.101174720843425447e+01	3.837625257075916618e+00
1.119787403486185262e+01	3.849079985080874344e+00
1.138714688297520183e+01	3.860464022662063233e+00
1.157961892862566167e+01	3.871777070251198882e+00
1.177534424647303979e+01	3.883018836380014882e+00
1.197437782517795135e+01	3.894189042435968418e+00
1.217677558285059547e+01	3.905287419489902767e+00
1.238259438276100788e+01	3.916313712331610297e+00
1.259189204931461603e+01	3.927267672002340948e+00
1.280472738429782709e+01	3.938149077302601331e+00
1.302116018339845027e+01	3.948957694312244637e+00
1.324125125300498418e+01	3.959693315633841415e+00
1.346506242729025793e+01	3.970355746178356071e+00
1.369265658558342480e+01	3.980944794569743816e+00
1.392409767003596599e+01	3.991460286051507822e+00
1.415945070358605307e+01	4.001902055731099139e+00
1.439878180822651998e+01	4.012269950058402479e+00
1.464215822358192653e+01	4.022563826817445509e+00
1.488964832579915942e+01	4.032783554808662352e+00
1.514132164675782732e+01	4.042929014011887645e+00
1.539724889360486770e+01	4.053000093644619106e+00
1.565750196861980470e+01	4.062996701648143194e+00
1.592215398941546312e+01	4.072918745164875176e+00
1.619127930948012661e+01	4.082766124585672785e+00
1.646495353906724546e+01	4.092538851626360774e+00
1.674325356643772622e+01	4.102236794878934667e+00
1.702625757946180585e+01	4.111859931595623685e+00
1.731404508758553007e+01	4.121408243046724706e+00
1.760669694416904463e+01	4.130881692260534699e+00
1.790429536920192888e+01	4.140280249066564444e+00
1.820692397240297211e+01	4.149603980957270899e+00
1.851466777671009822e+01	4.158852826830534255e+00
1.882761324216724574e+01	4.168026829540160350e+00
1.914584829021545431e+01	4.177126017616056508e+00
1.946946232839389879e+01	4.186150394733486380e+00
1.979854627545908841e+01	4.195100116353870590e+00
2.013319258692800773e+01	4.203975134169293248e+00
2.047349528105359084e+01	4.212775553181672628e+00
2.081954996523887758e+01	4.221501450915932985e+00
2.117145386289756814e+01	4.230152917236966736e+00
2.152930584076909071e+01	4.238730046863057765e+00
2.189320643669466548e+01	4.247232953828034674e+00
2.226325788786357052e+01	4.255661744188393492e+00
2.263956415953613899e+01	4.264016543211274879e+00
2.302223097425292053e+01	4.272297495845163162e+00
2.341136584153708355e+01	4.280504734032132497e+00
2.380707808809889059e+01	4.288638414843087610e+00
2.420947888855114627e+01	4.296698657339717009e+00
2.461868129664312121e+01	4.304685751415818551e+00
2.503480027702318367e+01	4.312599753928193280e+00
2.545795273753748944e+01	4.320440891858868149e+00
2.588825756207539186e+01	4.328209358470699541e+00
2.632583564396948717e+01	4.335905353867541834e+00
2.677080991996021808e+01	4.343529095821359043e+00
2.722330540473507554e+01	4.351080794764338400e+00
2.768344922605082559e+01	4.358560653823498221e+00
2.815137066045024739e+01	4.365968982175629343e+00
2.862720116958168148e+01	4.373305944775426113e+00
2.911107443713334675e+01	4.380571802483590460e+00
2.960312640639132908e+01	4.387766848848526635e+00
3.010349531843243653e+01	4.394891307987770723e+00
3.061232175096317221e+01	4.401945461308709007e+00
3.112974865781429301e+01	4.408929587781174497e+00
3.165592140910392160e+01	4.415843967336284592e+00
3.219098783207849834e+01	4.422688890491231817e+00
3.273509825264502382e+01	4.429464653258651019e+00
3.328840553760464616e+01	4.436171557426328960e+00
3.385106513760008085e+01	4.442809911444321358e+00
3.442323513078967778e+01	4.449380029598776431e+00
3.500507626725861599e+01	4.455882231884786826e+00
3.559675201418191648e+01	4.462316844435131102e+00
3.619842860174963306e+01	4.468684198355534321e+00
3.681027506986945497e+01	4.474984630976076794e+00
3.743246331565791252e+01	4.481218463058434409e+00
3.806516814173434682e+01	4.487386105724333163e+00
3.870856730533186152e+01	4.493487847831176829e+00
3.936284156823732872e+01	4.499524068083522010e+00
4.002817474757663518e+01	4.505495127323751348e+00
4.070475376745718421e+01	4.511401396054028012e+00
4.139276871148439341e+01	4.517243241433742895e+00
4.209241287616510618e+01	4.523021041971341916e+00
4.280388282521361276e+01	4.528735176199717216e+00
4.352737844477648110e+01	4.534386028447088712e+00
4.426310299958944938e+01	4.539973986827377850e+00
4.501126319008503884e+01	4.545499442181866634e+00
4.577206921046389709e+01	4.550962792868396001e+00
4.654573480774909910e+01	4.556364432619149696e+00
4.733247734183772337e+01	4.561704771583091400e+00
4.813251784656739574e+01	4.566984209660634342e+00
4.894608109181602629e+01	4.572203157303577292e+00
4.977339564664967497e+01	4.577362026822226149e+00
5.061469394353941453e+01	4.582461230874518066e+00
5.147021234366199849e+01	4.587501194123199788e+00
5.234019120330587782e+01	4.592482329776402139e+00
5.322487494139806330e+01	4.597405063401462932e+00
5.412451210817385316e+01	4.602269819808720186e+00
5.503935545500626603e+01	4.607077026832642197e+00
5.596966200541572789e+01	4.611827114397579308e+00
5.691569312728113772e+01	4.616520513737667919e+00
5.787771460626974118e+01	4.621157658819663006e+00
5.885599672051007758e+01	4.625738985279891580e+00
5.985081431652515249e+01	4.630264929518694395e+00
6.086244688645088985e+01	4.634735930716331609e+00
6.189117864655855783e+01	4.639152429249304710e+00
6.293729861710444595e+01	4.643514865330979902e+00
6.400110070353041181e+01	4.647823682549022450e+00
6.508288377903505761e+01	4.652079324142832206e+00
6.618295176854263673e+01	4.656282235277200421e+00
6.730161373408913050e+01	4.660432860699343927e+00
6.843918396165355489e+01	4.664531645943015725e+00
6.959598204945567090e+01	4.668579041168726462e+00
7.077233299774606223e+01	4.672575490569284007e+00
7.196856730011528214e+01	4.676521442295259234e+00
7.318502103634435230e+01	4.680417346142895063e+00
7.442203596682681166e+01	4.684263649237877303e+00
7.567995962858455528e+01	4.688060800162518582e+00
7.695914543290872700e+01	4.691809247990146758e+00
7.825995276464949768e+01	4.695509440638037546e+00
7.958274708318410262e+01	4.699161827195237784e+00
8.092790002509306646e+01	4.702766855088470699e+00
8.229578950856954123e+01	4.706324971222819009e+00
8.368679983959597735e+01	4.709836617001254666e+00
8.510132181991289713e+01	4.713302262248438623e+00
8.653975285681501362e+01	4.716722327922168390e+00
8.800249707480163863e+01	4.720097242908513735e+00
8.948996542911412178e+01	4.723427527937054116e+00
9.100257582119419908e+01	4.726713550104332029e+00
9.254075321609118987e+01	4.729955778225369833e+00
9.410492976185659586e+01	4.733154653369163078e+00
9.569554491095378523e+01	4.736310616279839181e+00
9.731304554372266580e+01	4.739424105913511376e+00
9.895788609392928947e+01	4.742495561752428479e+00
1.006305286764376348e+02	4.745525416757120141e+00
1.023314432170412118e+02	4.748514113785893720e+00
1.040611075844862796e+02	4.751462079587266629e+00
1.058200077247298054e+02	4.754369743256152248e+00
1.076086377974633734e+02	4.757237552109445211e+00
1.094275003149479204e+02	4.760065918469437385e+00
1.112771062831930067e+02	4.762855273649741150e+00
1.131579753455222743e+02	4.765606047338652118e+00
1.150706359285678531e+02	4.768318658688953882e+00
1.170156253907290136e+02	4.770993529060977956e+00
1.189934901731438543e+02	4.773631083328450764e+00
1.210047859532090087e+02	4.776231733678540259e+00
1.230500778006978635e+02	4.778795883680177603e+00
1.251299403365151335e+02	4.781323987788218766e+00
1.272449578941347568e+02	4.783816415806135147e+00
1.293957246837690604e+02	4.786273576837330346e+00
1.315828449593089147e+02	4.788695918365949211e+00
1.338069331880899426e+02	4.791083803453833667e+00
1.360686142235236389e+02	4.793437644937021958e+00
1.383685234806508220e+02	4.795757850675145484e+00
1.407073071146594430e+02	4.798044808739462042e+00
1.430856222024197280e+02	4.800298905031941565e+00
1.455041369270908831e+02	4.802520566849177719e+00
1.479635307658433305e+02	4.804710147672305531e+00
1.504644946807591168e+02	4.806868045648972299e+00
1.530077313129538652e+02	4.808994646163433195e+00
1.555939551799847322e+02	4.811090310939468928e+00
1.582238928765917478e+02	4.813155473433428533e+00
1.608982832788323662e+02	4.815190451907378488e+00
1.636178777516695106e+02	4.817195646410042720e+00
1.663834403600635596e+02	4.819171416693158072e+00
1.691957480836375396e+02	4.821118126586898534e+00
1.720555910349655733e+02	4.823036154482388760e+00
1.749637726815560939e+02	4.824925882277475431e+00
1.779211100715817793e+02	4.826787623905993030e+00
1.809284340634302453e+02	4.828621746497852030e+00
1.839865895591310334e+02	4.830428626771797518e+00
1.870964357417281576e+02	4.832208589156889111e+00
1.902588463166685528e+02	4.833961995046899496e+00
1.934747097572649466e+02	4.835689172195996477e+00
1.967449295543138987e+02	4.837390493814153203e+00
2.000704244699266781e+02	4.839066267641780605e+00
2.034521287956564777e+02	4.840716839380352354e+00
2.068909926149848104e+02	4.842342540518293603e+00
2.103879820702443340e+02	4.843943698713105483e+00
2.139440796340576298e+02	4.845520644626982509e+00
2.175602843853577042e+02	4.847073696431995593e+00
2.212376122900808468e+02	4.848603169126653789e+00
2.249770964865966505e+02	4.850109398927989091e+00
2.287797875759696069e+02	4.851592680110695888e+00
2.326467539171220835e+02	4.853053326556080904e+00
2.365790819269863619e+02	4.854491655897803071e+00
2.405778763857347258e+02	4.855907962435146885e+00
2.446442607471615247e+02	4.857302550427004206e+00
2.487793774543193308e+02	4.858675720648887975e+00
2.529843882604822340e+02	4.860027765779831199e+00
2.572604745555416912e+02	4.861358979100125488e+00
2.616088376979143391e+02	4.862669649969888930e+00
2.660306993520598553e+02	4.863960064174122522e+00
2.705273018317088258e+02	4.865230504888362617e+00
2.750999084488843778e+02	4.866481252672067548e+00
2.797498038688314637e+02	4.867712583896496525e+00
2.844782944709368735e+02	4.868924773059635669e+00
2.892867087157579817e+02	4.870118090665665811e+00
2.941763975182495869e+02	4.871292805210303278e+00
2.991487346272989498e+02	4.872449175909980390e+00
3.042051170116823755e+02	4.873587481006197208e+00
3.093469652525361084e+02	4.874707963382667764e+00
3.145757239424706313e+02	4.875810884390533673e+00
3.198928620914214775e+02	4.876896496901236056e+00
3.252998735393691732e+02	4.877965051866793189e+00
3.307982773760288637e+02	4.879016795332343115e+00
3.363896183676337728e+02	4.880051972755580891e+00
3.420754673909387975e+02	4.881070824898516847e+00
3.478574218745504822e+02	4.882073590279270903e+00
3.537371062477265582e+02	4.883060504597354523e+00
3.597161723967509488e+02	4.884031800392471645e+00
3.657963001290331135e+02	4.884987708685780028e+00
3.719791976450445077e+02	4.885928454396838205e+00
3.782666020182322768e+02	4.886854265376726403e+00
3.846602796830517832e+02	4.887765360248987001e+00
3.911620269312371079e+02	4.888661958439784350e+00
3.977736704164719868e+02	4.889544276324903294e+00
4.044970676675784489e+02	4.890412521669814438e+00
4.113341076103915839e+02	4.891266921566174375e+00
4.182867110984475403e+02	4.892107667396382809e+00
4.253568314526407903e+02	4.892934970041367571e+00
4.325464550100122665e+02	4.893749031828914298e+00
4.398576016817999061e+02	4.894550052987162836e+00
4.472923255209361173e+02	4.895338230878480523e+00
4.548527152991227354e+02	4.896113760014498162e+00
4.625408950936740666e+02	4.896876832874343499e+00
4.703590248842695019e+02	4.897627639382253761e+00
4.783093011597930513e+02	4.898366365795085109e+00
4.863939575354394265e+02	4.899093197542038425e+00
4.946152653802362238e+02	4.899808316451524703e+00
5.029755344551887219e+02	4.900511902722485935e+00
5.114771135621948588e+02	4.901204132997841079e+00
5.201223912039447441e+02	4.901885181177036976e+00
5.289137962549582426e+02	4.902555223649323501e+00
5.378537986439790757e+02	4.903214426410473337e+00
5.469449100478946093e+02	4.903862952340790393e+00
5.561896845973827794e+02	4.904500986097818149e+00
5.655907195944980685e+02	4.905128671705685228e+00
5.751506562423700188e+02	4.905746174392639603e+00
5.848721803872531382e+02	4.906353657879480856e+00
5.947580232731010028e+02	4.906951273768084931e+00
6.048109623089127354e+02	4.907539177761244709e+00
6.150338218490370537e+02	4.908117522147064982e+00
6.254294739866654709e+02	4.908686455349611677e+00
6.360008393607505468e+02	4.909246128355285954e+00
6.467508879765434813e+02	4.909796683694011676e+00
6.576826400400219654e+02	4.910338263792822566e+00
6.687991668064009900e+02	4.910871007550122513e+00
6.801035914430051434e+02	4.911395074055191046e+00
6.915990899067132887e+02	4.911910576842807075e+00
7.032888918362326649e+02	4.912417635179442854e+00
7.151762814594706015e+02	4.912916457827082084e+00
7.272645985162197348e+02	4.913407099949028911e+00
7.395572391964639110e+02	4.913889717304518179e+00
7.520576570945196409e+02	4.914364436844016915e+00
7.647693641793268853e+02	4.914831384365393241e+00
7.776959317811260917e+02	4.915290682608046247e+00
7.908409915948119533e+02	4.915742457306071067e+00
8.042082367002620913e+02	4.916186824009325385e+00
8.178014225998882694e+02	4.916623905134353656e+00
8.316243682737505196e+02	4.917053814550456536e+00
8.456809572524798568e+02	4.917476655864532198e+00
8.599751387083596228e+02	4.917892578830141304e+00
8.745109285648341029e+02	4.918301658362231876e+00
8.892924106247685359e+02	4.918704013146546039e+00
9.043237377177986218e+02	4.919099761004061655e+00
9.196091328670457870e+02	4.919488998650493272e+00
9.351528904755820122e+02	4.919871830633359089e+00
9.509593775329200298e+02	4.920248370938423044e+00
9.670330348419231541e+02	4.920618710416317043e+00
9.833783782664356750e+02	4.920982925413357023e+00
1.000000000000000000e+03	4.921341196900652193e+00
