# Data associated with arXiv:2110.09653
# 
# Scale-free velocity distribution, f(E), of a nfw1-3 dark matter distribution (see Eq. 13 and the surrounding discussion)
# 
# Published: 3/29/22, Jack Runburg, contact: runburg@hawaii.edu
# 
# 
# -----------------------------------------------------------------
# 
# 	 tilde E 		 | 		 tilde f
# 
# -----------------------------------------------------------------
2.657368327459346327e-04	1.379784063003948669e+11
2.688730436243690763e-04	1.331513884432637329e+11
2.720462674146819412e-04	1.283690258577167358e+11
2.752569409293227198e-04	1.236486338107768402e+11
2.785055061354913377e-04	1.190598817858403015e+11
2.817924102159595099e-04	1.145018960548141327e+11
2.851181056306134175e-04	1.100794706118604889e+11
2.884830501787174865e-04	1.058278533938729401e+11
2.918877070619174847e-04	1.017404513283099823e+11
2.953325449479831527e-04	9.781091374718777466e+10
2.988180380353035962e-04	9.403314749303442383e+10
3.023446661181451982e-04	9.040129066958427429e+10
3.059129146526754113e-04	8.690970780208786011e+10
3.095232748237710784e-04	8.355298106509494019e+10
3.131762436126065124e-04	8.032590186807836914e+10
3.168723238650478962e-04	7.722346281696945190e+10
3.206120243608477161e-04	7.424084991311732483e+10
3.243958598836563581e-04	7.137343504381698608e+10
3.282243512918632273e-04	6.861676901206476593e+10
3.320980255902676072e-04	6.596657420963720703e+10
3.360174160026007262e-04	6.341873844995244598e+10
3.399830620448967004e-04	6.096930825575076294e+10
3.439955095997353912e-04	5.861448292017936707e+10
3.480553109913562572e-04	5.635060847690499878e+10
3.521630250616575655e-04	5.417417220242287445e+10
3.563192172470973883e-04	5.208179673130575562e+10
3.605244596564937277e-04	5.007023555646562958e+10
3.647793311497499538e-04	4.813636732346976471e+10
3.690844174175005130e-04	4.627719127209371185e+10
3.734403110617046627e-04	4.448982256195566559e+10
3.778476116771808599e-04	4.277148772983006287e+10
3.823069259341123783e-04	4.111952049439221191e+10
3.868188676615191661e-04	3.953135750824094391e+10
3.913840579317135089e-04	3.800453451165368652e+10
3.960031251457590135e-04	3.653668217980965424e+10
4.006767051199266777e-04	3.512552303628118896e+10
4.054054411731812784e-04	3.376886748338145828e+10
4.101899842156879385e-04	3.246461009506573105e+10
4.150309928383738405e-04	3.121072737223690033e+10
4.199291334035370072e-04	3.000527360651166916e+10
4.248850801365260045e-04	2.884637827450350189e+10
4.298995152185044956e-04	2.773224317789709473e+10
4.349731288803015700e-04	2.666113952479267120e+10
4.401066194973778795e-04	2.563140529298741913e+10
4.453006936859019963e-04	2.464144266949063492e+10
4.505560663999679492e-04	2.368971554386931229e+10
4.558734610299527978e-04	2.277474712878642654e+10
4.612536095020347907e-04	2.189511769358264923e+10
4.666972523788895637e-04	2.104946232953349686e+10
4.722051389615643247e-04	2.023646884636320114e+10
4.777780273925637949e-04	1.945487574332291412e+10
4.834166847601400509e-04	1.870347022956458664e+10
4.891218872038219324e-04	1.798108636466513824e+10
4.948944200211825026e-04	1.728660324246150970e+10
5.007350777758633143e-04	1.661894323790948486e+10
5.066446644068797701e-04	1.597707036020191956e+10
5.126239933392048647e-04	1.535998862701526642e+10
5.186738875956668727e-04	1.476674052848363876e+10
5.247951799101539328e-04	1.419640553448064804e+10
5.309887128421656452e-04	1.364809865158157158e+10
5.372553388927049601e-04	1.312096908872827339e+10
5.435959206215378947e-04	1.261419892095173454e+10
5.500113307658408132e-04	1.212700180205944252e+10
5.565024523602370024e-04	1.165862174405311394e+10
5.630701788582570229e-04	1.120833198572850418e+10
5.697154142552208816e-04	1.077543381154963875e+10
5.764390732125778067e-04	1.035925550647242737e+10
5.832420811837051413e-04	9.959151296868043900e+09
5.901253745411867398e-04	9.574500347355754852e+09
5.970899007056031755e-04	9.204705799809286118e+09
6.041366182758231345e-04	8.849193858423067093e+09
6.112664971608460862e-04	8.507412887753615379e+09
6.184805187131827862e-04	8.178832540063246727e+09
6.257796758638224004e-04	7.862942978240342140e+09
6.331649732587780110e-04	7.559254034748277664e+09
6.406374273972436804e-04	7.267294487395687103e+09
6.481980667713860582e-04	6.986611306756709099e+09
6.558479320077696640e-04	6.716768965297732353e+09
6.635880760104635517e-04	6.457348753949287415e+09
6.714195641058174268e-04	6.207948138406262398e+09
6.793434741889588279e-04	5.968180129837224007e+09
6.873608968720048640e-04	5.737672685227330208e+09
6.954729356340206030e-04	5.516068132493958473e+09
7.036807069727527312e-04	5.303022616446225166e+09
7.119853405581361020e-04	5.098205554342168808e+09
7.203879793876230434e-04	4.901299142019707680e+09
7.288897799433274047e-04	4.711997844516843796e+09
7.374919123510329964e-04	4.530007926492058754e+09
7.461955605410651232e-04	4.355047001957403183e+09
7.550019224110549173e-04	4.186843586323573589e+09
7.639122099906331181e-04	4.025136685925418377e+09
7.729276496080452743e-04	3.869675382386061192e+09
7.820494820587451821e-04	3.720218453039269447e+09
7.912789627759596192e-04	3.576533989206629276e+09
8.006173620032720805e-04	3.438399040316408157e+09
8.100659649692320196e-04	3.305599266825255871e+09
8.196260720640164863e-04	3.177928607752275467e+09
8.292989990181849234e-04	3.055188961183647633e+09
8.390860770835184513e-04	2.937189873498527527e+09
8.489886532160082584e-04	2.823748254644824028e+09
8.590080902609790016e-04	2.714688077362581253e+09
8.691457671404061993e-04	2.609840116050988197e+09
8.794030790424297835e-04	2.509041684117487431e+09
8.897814376130943866e-04	2.412136375311801434e+09
9.002822711503610320e-04	2.318973824849730015e+09
9.109070248003830724e-04	2.229409476842151165e+09
9.216571607561065485e-04	2.143304357214065075e+09
9.325341584581988731e-04	2.060524859798943996e+09
9.435395147983432432e-04	1.980942539802966595e+09
9.546747443249278386e-04	1.904433910061957598e+09
9.659413794511463938e-04	1.830880257528162718e+09
9.773409706655624037e-04	1.760167451551556587e+09
9.888750867451294793e-04	1.692185768951999903e+09
1.000545314970738113e-03	1.626829727263633490e+09
1.012353261345278442e-03	1.563997914459666491e+09
1.024300550814283631e-03	1.503592834093193293e+09
1.036388827489160593e-03	1.445520770811754465e+09
1.048619754873037976e-03	1.389691603980903625e+09
1.060995016089291698e-03	1.336018710380531073e+09
1.073516314112728937e-03	1.284418805117786646e+09
1.086185372003519931e-03	1.234811831518512249e+09
1.099003933143849823e-03	1.187120808651466131e+09
1.111973761477381625e-03	1.141271739583565235e+09
1.125096641751512951e-03	1.097193482551213503e+09
1.138374379762482902e-03	1.054817643267684579e+09
1.151808802603377681e-03	1.014078469605035663e+09
1.165401758915020174e-03	9.749127482098166943e+08
1.179155119139842396e-03	9.372597094150189161e+08
1.193070775778707834e-03	9.010609251161088943e+08
1.207150643650778659e-03	8.662602338210854530e+08
1.221396660156422176e-03	8.328036316726558208e+08
1.235810785543199879e-03	8.006392088355627060e+08
1.250395003175003728e-03	7.697170562705094814e+08
1.265151319804325766e-03	7.399891945462874174e+08
1.280081765847752157e-03	7.114094968082811832e+08
1.295188395664666030e-03	6.839336170596199036e+08
1.310473287839251499e-03	6.575189232070035934e+08
1.325938545465780646e-03	6.321244290458085537e+08
1.341586296437276716e-03	6.077107318751586676e+08
1.357418693737544400e-03	5.842399500962539911e+08
1.373437915736639651e-03	5.616756658706576824e+08
1.389646166489811110e-03	5.399828676355235577e+08
1.406045676039933533e-03	5.191278961963698268e+08
1.422638700723514310e-03	4.990783924204596877e+08
1.439427523480267448e-03	4.798032467186750174e+08
1.456414454166337410e-03	4.612725514675756097e+08
1.473601829871188425e-03	4.434575536817413568e+08
1.490992015238213481e-03	4.263306113367773294e+08
1.508587402789109827e-03	4.098651497335289717e+08
1.526390413252041826e-03	3.940356207939324379e+08
1.544403495893680901e-03	3.788174630257348418e+08
1.562629128855107848e-03	3.641870635590088964e+08
1.581069819491676392e-03	3.501217216324213743e+08
1.599728104716850556e-03	3.365996134199131727e+08
1.618606551350074401e-03	3.235997571479981542e+08
1.637707756468725732e-03	3.111019826898311973e+08
1.657034347764177202e-03	2.990868981053494811e+08
1.676588983902055005e-03	2.875358606648246050e+08
1.696374354886695610e-03	2.764309475818676949e+08
1.716393182429884218e-03	2.657549284164541364e+08
1.736648220323913118e-03	2.554912387592296600e+08
1.757142254819001135e-03	2.456239516952281594e+08
1.777878105005148337e-03	2.361377587716314495e+08
1.798858623198434665e-03	2.270179406254470348e+08
1.820086695331880888e-03	2.182503469209332764e+08
1.841565241350841091e-03	2.098213739486471713e+08
1.863297215613065683e-03	2.017179431689796448e+08
1.885285607293406317e-03	1.939274814981603622e+08
1.907533440793290642e-03	1.864379011833966970e+08
1.930043776154962993e-03	1.792375814481323361e+08
1.952819709480582092e-03	1.723153504046476781e+08
1.975864373356229966e-03	1.656604675944372118e+08
1.999180937280848561e-03	1.592626072721865177e+08
2.022772608100232867e-03	1.531118427574762106e+08
2.046642630446057331e-03	1.471986305318527222e+08
2.070794287180063083e-03	1.415137958297467232e+08
2.095230899843430247e-03	1.360485180986505449e+08
2.119955829111378701e-03	1.307943176077089012e+08
2.144972475253125680e-03	1.257430421964783669e+08
2.170284278597155950e-03	1.208868539076430202e+08
2.195894720001989337e-03	1.162182186715711206e+08
2.221807321332391807e-03	1.117298924279010147e+08
2.248025645941179301e-03	1.074149113096966147e+08
2.274553299156629061e-03	1.032665803819347322e+08
2.301393928775586923e-03	9.927846299461582303e+07
2.328551225562332152e-03	9.544437196143867075e+07
2.356028923753237126e-03	9.175835790876802802e+07
2.383830801567352834e-03	8.821470191848614812e+07
2.411960681722911514e-03	8.480790588884951174e+07
2.440422431959873937e-03	8.153268395593409240e+07
2.469219965568555161e-03	7.838395452133916318e+07
2.498357241924415491e-03	7.535683203502346575e+07
2.527838267029092981e-03	7.244661994360677898e+07
2.557667094057704347e-03	6.964880288778001070e+07
2.587847823912567836e-03	6.695903996664514393e+07
2.618384605783333294e-03	6.437315787365982682e+07
2.649281637713648673e-03	6.188714455732946098e+07
2.680543167174425419e-03	5.949714293112307787e+07
2.712173491643760873e-03	5.719944481505878270e+07
2.744176959193626950e-03	5.499048525044592470e+07
2.776557969083345064e-03	5.286683705698710680e+07
2.809320972360012953e-03	5.082520529674188048e+07
2.842470472465859991e-03	4.886242238217328489e+07
2.876011025852693182e-03	4.697544301746219397e+07
2.909947242603465063e-03	4.516133957903922349e+07
2.944283787061069326e-03	4.341729743636718392e+07
2.979025378464437903e-03	4.174061072995228320e+07
3.014176791592000203e-03	4.012867805397140235e+07
3.049742857412649378e-03	3.857899852083359659e+07
3.085728463744222532e-03	3.708916785093247890e+07
3.122138555919638878e-03	3.565687455764111131e+07
3.158978137460749600e-03	3.427989646386773884e+07
3.196252270760009586e-03	3.295609721963066235e+07
3.233966077770044755e-03	3.168342298220512643e+07
3.272124740701183501e-03	3.045989923112758994e+07
3.310733502727116178e-03	2.928362772203680128e+07
3.349797668698662693e-03	2.815278349476030096e+07
3.389322605865850279e-03	2.706561209495850280e+07
3.429313744608310146e-03	2.602042682090929896e+07
3.469776579174135237e-03	2.501560611331236735e+07
3.510716668427293647e-03	2.404959106764967367e+07
3.552139636603628050e-03	2.312088294593812153e+07
3.594051174075662321e-03	2.222804091441616043e+07
3.636457038126171114e-03	2.136967978870285675e+07
3.679363053730717089e-03	2.054446789717312902e+07
3.722775114349211305e-03	1.975112495226293430e+07
3.766699182726588723e-03	1.898842016889583319e+07
3.811141291702751458e-03	1.825517027977678180e+07
3.856107545031770695e-03	1.755023768332410604e+07
3.901604118210644755e-03	1.687252877141530067e+07
3.947637259317482786e-03	1.622099213034428284e+07
3.994213289859393362e-03	1.559461696251679398e+07
4.041338605630126132e-03	1.499243154092908651e+07
4.089019677577572336e-03	1.441350161704745516e+07
4.137263052681241712e-03	1.385692905889931694e+07
4.186075354839788668e-03	1.332185041227359138e+07
4.235463285768801059e-03	1.280743557461133413e+07
4.285433625908802169e-03	1.231288649785367958e+07
4.335993235343765101e-03	1.183743595841764845e+07
4.387149054730088427e-03	1.138034636614684388e+07
4.438908106236249054e-03	1.094090861551420204e+07
4.491277494493239875e-03	1.051844099072523415e+07
4.544264407555828611e-03	1.011228809808310680e+07
4.597876117874906757e-03	9.721819865555971861e+06
4.652119983280862681e-03	9.346430547307480127e+06
4.707003447978286813e-03	8.985537797394039109e+06
4.762534043551975085e-03	8.638581757514161989e+06
4.818719389984448334e-03	8.305024196791990660e+06
4.875567196685104757e-03	7.984347663711193949e+06
4.933085263531040987e-03	7.676054701061320491e+06
4.991281481919845366e-03	7.379667054462289438e+06
5.050163835834259318e-03	7.094724947850268334e+06
5.109740402919085017e-03	6.820786357641742565e+06
5.170019355570241310e-03	6.557426333344998769e+06
5.231008962036268889e-03	6.304236337068454362e+06
5.292717587532328946e-03	6.060823611454389058e+06
5.355153695366846218e-03	5.826810559771323577e+06
5.418325848080962973e-03	5.601834178551248275e+06
5.482242708600867237e-03	5.385545475518864579e+06
5.546913041403248555e-03	5.177608942417148501e+06
5.612345713693877788e-03	4.977702025323068723e+06
5.678549696599576382e-03	4.785514631871543825e+06
5.745534066373646220e-03	4.600748639582737349e+06
5.813308005614910116e-03	4.423117441810411401e+06
5.881880804500552902e-03	4.252345506387282163e+06
5.951261862032791727e-03	4.088167921940891072e+06
6.021460687299720789e-03	3.930330060730390716e+06
6.092486900750227266e-03	3.778587058813962154e+06
6.164350235483351433e-03	3.632703553847794421e+06
6.237060538552105689e-03	3.492453258072883822e+06
6.310627772281937262e-03	3.357618631275601219e+06
6.385062015604025393e-03	3.227990527289045509e+06
6.460373465403465056e-03	3.103367884565004613e+06
6.536572437882658126e-03	2.983557399904289749e+06
6.613669369939859100e-03	2.868373236349939369e+06
6.691674820563225760e-03	2.757636737908813171e+06
6.770599472240384359e-03	2.651176145383632742e+06
6.850454132383779031e-03	2.548826333959117997e+06
6.931249734771877460e-03	2.450428555316498503e+06
7.012997341006466968e-03	2.355830192805948202e+06
7.095708141986126899e-03	2.264884522645944729e+06
7.179393459396123632e-03	2.177450488559368998e+06
7.264064747214827970e-03	2.093392481453296263e+06
7.349733593236857862e-03	2.012580129547262331e+06
7.436411720613074830e-03	1.934888095597897191e+06
7.524110989407651814e-03	1.860195882846985478e+06
7.612843398172366820e-03	1.788387648856033804e+06
7.702621085538219510e-03	1.719352024372251704e+06
7.793456331824691677e-03	1.652981940953512676e+06
7.885361560666633365e-03	1.589174465757690370e+06
7.978349340659112929e-03	1.527830639351158869e+06
8.072432387020407954e-03	1.468855327168286778e+06
8.167623563273060730e-03	1.412157066454301355e+06
8.263935882943601943e-03	1.357647927730665542e+06
8.361382511280627747e-03	1.305243372489256551e+06
8.459976766991729805e-03	1.254862135781254852e+06
8.559732123999604439e-03	1.206426085046214284e+06
8.660662213217000874e-03	1.159860105813423637e+06
8.762780824341129607e-03	1.115091985623452580e+06
8.866101907667576013e-03	1.072052301122477744e+06
8.970639575867930468e-03	1.030674308359603863e+06
9.076408106055292371e-03	9.908938394207744859e+05
9.183421941354878368e-03	9.526492086057945853e+05
9.291695692990634484e-03	9.158811118466634071e+05
9.401244142153169017e-03	8.805325305582148721e+05
9.512082241934586777e-03	8.465486543118307600e+05
9.624225119283893667e-03	8.138767854393003508e+05
9.737688076983457355e-03	7.824662624010094441e+05
9.852486595646985437e-03	7.522683799882889725e+05
9.968636335738230089e-03	7.232363141454064753e+05
1.008615313961172023e-02	6.953250491402320331e+05
1.020505303357504591e-02	6.684913068441483192e+05
1.032535222997310077e-02	6.426934812297493918e+05
1.044706712929432436e-02	6.178915727536975173e+05
1.057021432229948883e-02	5.940471262594924774e+05
1.069481059217274911e-02	5.711231722039857414e+05
1.082087291669544572e-02	5.490841682330302428e+05
1.094841847044281287e-02	5.278959444941445254e+05
1.107746462700368549e-02	5.075256507704419782e+05
1.120802896122365284e-02	4.879417057436485193e+05
1.134012925147121799e-02	4.691137473178403452e+05
1.147378348192811155e-02	4.510125858608625131e+05
1.160900984490324632e-02	4.336101590869710199e+05
1.174582674317033344e-02	4.168794879205392208e+05
1.188425279233030173e-02	4.007946362730597029e+05
1.202430682319766651e-02	3.853306676675544586e+05
1.216600788421179184e-02	3.704636106533026323e+05
1.230937524387248037e-02	3.561704182702240651e+05
1.245442839320106028e-02	3.424289337008211878e+05
1.260118704822636888e-02	3.292178558135929634e+05
1.274967115249583428e-02	3.165167060903444071e+05
1.289990087961251190e-02	3.043057967072254396e+05
1.305189663579766311e-02	2.925662000687477412e+05
1.320567906247889674e-02	2.812797193756888737e+05
1.336126903890494551e-02	2.704288607927710400e+05
1.351868768478625867e-02	2.599968057903623267e+05
1.367795636296218094e-02	2.499673852276835823e+05
1.383909668209476647e-02	2.403250544534546207e+05
1.400213049938924849e-02	2.310548692122935317e+05
1.416707992328491289e-02	2.221424619297508034e+05
1.433396731644519945e-02	2.135740198317733302e+05
1.450281529825115170e-02	2.053362638170397840e+05
1.467364674782772882e-02	1.974164275414645672e+05
1.484648480685349034e-02	1.898022372541453515e+05
1.502135288244546216e-02	1.824818934865756310e+05
1.519827465007189335e-02	1.754440521623993700e+05
1.537727405649321616e-02	1.686778073475763958e+05
1.555837532273103563e-02	1.621726741792397224e+05
1.574160294706586014e-02	1.559185726129053219e+05
1.592698170806319119e-02	1.499058118993842509e+05
1.611453666762832637e-02	1.441250753661494527e+05
1.630429317409018419e-02	1.385674061147460889e+05
1.649627686531389067e-02	1.332241931950905710e+05
1.669051367184269663e-02	1.280871578591432044e+05
1.688702982006905912e-02	1.231483413847896445e+05
1.708585183543508135e-02	1.184000920472552243e+05
1.728700654566255393e-02	1.138350537123555841e+05
1.749052108401250374e-02	1.094461542465505045e+05
1.769642289257456966e-02	1.052265944849723892e+05
1.790473972558614263e-02	1.011698379495544650e+05
1.811549965278148530e-02	9.726960036306703114e+04
1.832873106277087272e-02	9.351984019137641008e+04
1.854446266644983396e-02	8.991474912977033819e+04
1.876272350043867165e-02	8.644874313824762066e+04
1.898354293055210668e-02	8.311645376152782410e+04
1.920695065529942971e-02	7.991271979729128361e+04
1.943297670941503130e-02	7.683257932058766892e+04
1.966165146741925135e-02	7.387126200311123102e+04
1.989300564720992287e-02	7.102418168499811145e+04
2.012707031368436705e-02	6.828692925599523005e+04
2.036387688239199925e-02	6.565526581790020282e+04
2.060345712321749040e-02	6.312511612398840225e+04
2.084584316409458793e-02	6.069256232584643294e+04
2.109106749475061354e-02	5.835383770935405482e+04
2.133916297048134639e-02	5.610532107121169247e+04
2.159016281595677739e-02	5.394353109590244276e+04
2.184410062905726632e-02	5.186512060018307238e+04
2.210101038474024393e-02	4.986687187798820378e+04
2.236092643893747983e-02	4.794569135949809424e+04
2.262388353242677716e-02	4.609860481181774230e+04
2.288991679500253229e-02	4.432275296297621389e+04
2.315906174915952770e-02	4.261538681630734936e+04
2.343135431430569057e-02	4.097386357573769783e+04
2.370683081076397844e-02	3.939564237847122422e+04
2.398552796385065855e-02	3.787828062548548769e+04
2.426748290798355981e-02	3.641942976586875739e+04
2.455273319081984276e-02	3.501683205171587178e+04
2.484131677742335703e-02	3.366831689043941878e+04
2.513327205446309887e-02	3.237179743842060634e+04
2.542863783443136128e-02	3.112526745710384057e+04
2.572745335990898885e-02	2.992679803679378165e+04
2.602975830784172093e-02	2.877453487985587344e+04
2.633559279385318252e-02	2.766669518100181813e+04
2.664499737658468717e-02	2.660156495419041676e+04
2.695801306206245529e-02	2.557749637922335387e+04
2.727468130809268185e-02	2.459290524732428094e+04
2.759504402868345752e-02	2.364626849857084380e+04
2.791914359849370642e-02	2.273612186328028110e+04
2.824702285730848125e-02	2.186105756118482896e+04
2.857872511454032788e-02	2.101972218486580095e+04
2.891429415375616763e-02	2.021081456240959596e+04
2.925377423722945458e-02	1.943308370973218553e+04
2.959721011051703876e-02	1.868532698302949211e+04
2.994464700706005872e-02	1.796638809212099295e+04
3.029613065280872472e-02	1.727515541453750848e+04
3.065170727087011132e-02	1.661056021799554219e+04
3.101142358617855338e-02	1.597157502267567907e+04
3.137532683018789958e-02	1.535721199990247442e+04
3.174346474558524533e-02	1.476652144816941473e+04
3.211588559102515616e-02	1.419859030927697313e+04
3.249263814588389948e-02	1.365254077621402575e+04
3.287377171503286233e-02	1.312752890600928367e+04
3.325933613363048214e-02	1.262274333415816000e+04
3.364938177193182306e-02	1.213740400337005667e+04
3.404395954011493058e-02	1.167076096417455847e+04
3.444312089312317332e-02	1.122209322691743000e+04
3.484691783552274630e-02	1.079070757426760429e+04
3.525540292703504414e-02	1.037593737827865516e+04
3.566862928989003589e-02	9.977141929541608988e+03
3.608665060196860480e-02	9.593705505918393101e+03
3.650952111684985929e-02	9.225035981289545816e+03
3.693729565414996530e-02	8.870563761393761524e+03
3.737002963078621398e-02	8.529741308440861758e+03
3.780777902261126672e-02	8.202042464862915949e+03
3.825060042183719283e-02	7.886961222656783320e+03
3.869855098480115552e-02	7.584011127921163279e+03
3.915168849841416804e-02	7.292724513707458755e+03
3.961007131971035905e-02	7.012651938169374262e+03
4.007375844006577648e-02	6.743360730519230856e+03
4.054280946624459064e-02	6.484435234165069232e+03
4.101728459381517866e-02	6.235476206723024916e+03
4.149724468168946440e-02	5.996099345896835985e+03
4.198275117664816009e-02	5.765935479686112558e+03
4.247386618935566210e-02	5.544629167856353888e+03
4.297065247014970890e-02	5.331839010601104746e+03
4.347317337940231202e-02	5.127237238498750230e+03
4.398149295824251709e-02	4.930507842432555663e+03
4.449567590192089056e-02	4.741347419464155792e+03
4.501578752906670866e-02	4.559464696529219509e+03
4.554189385496113657e-02	4.384578841111031579e+03
4.607406156328327368e-02	4.216420217911518193e+03
4.661235797514635265e-02	4.054729975857869249e+03
4.715685112315740751e-02	3.899258548923523449e+03
4.770760972237783615e-02	3.749766311081923504e+03
4.826470313999452200e-02	3.606023209011812924e+03
4.882820146842980352e-02	3.467807473266498164e+03
4.939817549632078558e-02	3.334906144688964559e+03
4.997469667970895479e-02	3.207114756389777085e+03
5.055783721242677192e-02	3.084236240119969352e+03
5.114766999793818325e-02	2.966081337106505543e+03
5.174426862285354256e-02	2.852468316171248262e+03
5.234770742291960238e-02	2.743222063855978377e+03
5.295806145653766256e-02	2.638174375770946426e+03
5.357540648124974048e-02	2.537163675674883507e+03
5.419981902181767591e-02	2.440034444517301381e+03
5.483137630653264760e-02	2.346637211923989526e+03
5.547015633246307753e-02	2.256828254442616526e+03
5.611623781918746723e-02	2.170469425970763041e+03
5.676970024340311644e-02	2.087427877148234984e+03
5.743062383924075337e-02	2.007575857641370249e+03
5.809908958409499419e-02	1.930790654162536157e+03
5.877517921523087857e-02	1.856954169016779133e+03
5.945897525384543497e-02	1.785952820083715778e+03
6.015056096602011682e-02	1.717677565190032738e+03
6.085002038338477998e-02	1.652023479840775508e+03
6.155743834416055327e-02	1.588889623907623445e+03
6.227290041879807170e-02	1.528179027060094313e+03
6.299649300543767871e-02	1.469798439959145526e+03
6.372830323479385106e-02	1.413658238341584365e+03
6.446841906198357008e-02	1.359672146628279961e+03
6.521692923342745085e-02	1.307757273513707332e+03
6.597392324224077287e-02	1.257833994178858347e+03
6.673949143505841786e-02	1.209825667096713460e+03
6.751372489389054210e-02	1.163658657854244211e+03
6.829671554484917362e-02	1.119262074842335323e+03
6.908855611654306228e-02	1.076567821009136651e+03
6.988934009027039651e-02	1.035510508121435123e+03
7.069916180030035024e-02	9.960271011432707837e+02
7.151811638822912209e-02	9.580570733543894448e+02
7.234629975110579148e-02	9.215423092097529434e+02
7.318380864499830774e-02	8.864267814822478613e+02
7.403074063649152381e-02	8.526566891024777988e+02
7.488719405003603502e-02	8.201803829824722243e+02
7.575326807212968971e-02	7.889480874057488791e+02
7.662906268363367523e-02	7.589119381343493842e+02
7.751467869529006516e-02	7.300260001203009779e+02
7.841021767449697644e-02	7.022461093788880362e+02
7.931578205322899200e-02	6.755297117054944920e+02
8.023147507421619917e-02	6.498359369540640955e+02
8.115740073736098237e-02	6.251255453472147110e+02
8.209366390272380964e-02	6.013607138125202027e+02
8.304037023751420499e-02	5.785051135872879513e+02
8.399762616562396478e-02	5.565238502109599494e+02
8.496553897730478588e-02	5.353833283497182265e+02
8.594421670669911972e-02	5.150512602703524863e+02
8.693376824032007788e-02	4.954966012160514879e+02
8.793430321304052111e-02	4.766895012211554672e+02
8.894593209612887408e-02	4.586012599194452832e+02
8.996876611345092090e-02	4.412042785089902281e+02
9.100291730978730953e-02	4.244720185402188122e+02
9.204849848661850187e-02	4.083789718270031130e+02
9.310562323025564635e-02	3.929006172405726147e+02
9.417440589458750400e-02	3.780133567590679036e+02
9.525496162520037668e-02	3.636945025038928065e+02
9.634740630459211197e-02	3.499222608428282797e+02
9.745185656605132030e-02	3.366756643786906125e+02
9.856842983081935683e-02	3.239345426158208738e+02
9.969724421159595340e-02	3.116795133684906318e+02
1.008384186119743314e-01	2.998919372812183042e+02
1.019920726053890614e-01	2.885538965556323774e+02
1.031583265297076613e-01	2.776481461478548454e+02
1.043373014372099977e-01	2.671581152979864555e+02
1.055291190309543548e-01	2.570678849655851650e+02
1.067339017574358284e-01	2.473621194548426558e+02
1.079517727486775935e-01	2.380260855095123418e+02
1.091828557521032778e-01	2.290456266568248793e+02
1.104272752515792350e-01	2.204071177550684411e+02
1.116851563048842227e-01	2.120974665381532702e+02
1.129566246635229920e-01	2.041040745919368931e+02
1.142418066852809305e-01	1.964148222632319403e+02
1.155408293608093939e-01	1.890180728869591462e+02
1.168538202152631655e-01	1.819026375710162711e+02
1.181809074188193698e-01	1.750577379351762772e+02
1.195222197111429630e-01	1.684730204270115337e+02
1.208778863204838239e-01	1.621385399965774354e+02
1.222480370737767108e-01	1.560447137455881261e+02
1.236328023179750074e-01	1.501823359189142479e+02
1.250323128385769089e-01	1.445425637345233554e+02
1.264466999660702196e-01	1.391168770071129188e+02
1.278760954955251439e-01	1.338970901996751479e+02
1.293206316060790950e-01	1.288753402392543990e+02
1.307804409604298723e-01	1.240440519409562938e+02
1.322556566241453180e-01	1.193959462882520768e+02
1.337464119875040602e-01	1.149240291653443080e+02
1.352528408714028796e-01	1.106215685886302538e+02
1.367750773654126117e-01	1.064820940677530388e+02
1.383132559178567866e-01	1.024993796530072672e+02
1.398675112621217131e-01	9.866744018084230561e+01
1.414379783499229437e-01	9.498052331087811240e+01
1.430247924193616960e-01	9.143309278202335122e+01
1.446280888784032548e-01	8.801982723185138013e+01
1.462480033239138832e-01	8.473560950036255690e+01
1.478846715092993203e-01	8.157551641756538174e+01
1.495382293036091048e-01	7.853481492270924491e+01
1.512088126635191265e-01	7.560895485067734967e+01
1.528965575902946628e-01	7.279355852605299049e+01
1.546016001456455569e-01	7.008441607434959053e+01
1.563240763338159256e-01	6.747747980959442771e+01
1.580641221691156395e-01	6.496885692897704700e+01
1.598218735297837756e-01	6.255480367624083726e+01
1.615974662409266627e-01	6.023171963769961934e+01
1.633910359106820753e-01	5.799614237443902454e+01
1.652027180253493044e-01	5.584474207784018063e+01
1.670326477714711710e-01	5.377431742562058048e+01
1.688809601198763277e-01	5.178178692527584559e+01
1.707477897341231066e-01	4.986418885091686803e+01
1.726332708656141135e-01	4.801867680027962848e+01
1.745375374293769433e-01	4.624250930351356459e+01
1.764607229037388481e-01	4.453305164800743654e+01
1.784029602186960051e-01	4.288777198761117404e+01
1.803643818368466933e-01	4.130423151898430234e+01
1.823451196454919654e-01	3.978008648534765257e+01
1.843453048400121863e-01	3.831308461335336091e+01
1.863650680066022136e-01	3.690105624449825683e+01
1.884045390083755878e-01	3.554191632728106498e+01
1.904638468654470951e-01	3.423366104552138012e+01
1.925431198360938179e-01	3.297436023333983712e+01
1.946424852984953713e-01	3.176215886563136337e+01
1.967620696292020910e-01	3.059527396268457622e+01
1.989019982794280883e-01	2.947198839869408005e+01
2.010623956540338875e-01	2.839065158074796003e+01
2.032433849901278122e-01	2.734967712787373628e+01
2.054450884251725340e-01	2.634753715199828505e+01
2.076676268749056420e-01	2.538276295959473572e+01
2.099111199137096151e-01	2.445394289198411286e+01
2.121756858314431393e-01	2.355971744969286874e+01
2.144614415119728834e-01	2.269877966610738085e+01
2.167685023166768810e-01	2.186987303987803344e+01
2.190969821425644004e-01	2.107178820222578253e+01
2.214469932271233843e-01	2.030336211055652029e+01
2.238186461993539045e-01	1.956347597115175319e+01
2.262120499164681775e-01	1.885105374840659564e+01
2.286273114576871934e-01	1.816506042539293375e+01
2.310645360284847294e-01	1.750450016978541967e+01
2.335238269030920633e-01	1.686841521525911602e+01
2.360052853449425558e-01	1.625588435075312432e+01
2.385090105268669047e-01	1.566602127050172655e+01
2.410350995077667480e-01	1.509797332662018832e+01
2.435836470743785731e-01	1.455092046903445890e+01
2.461547457712665032e-01	1.402407374829349962e+01
2.487484857141092354e-01	1.351667422071200164e+01
2.513649546359097986e-01	1.302799180067730589e+01
2.540042376829286241e-01	1.255732424918957157e+01
2.566664174551693267e-01	1.210399565553301926e+01
2.593515738827449901e-01	1.166735597671233293e+01
2.620597840868955641e-01	1.124678005822566362e+01
2.647911224389468132e-01	1.084166622358931420e+01
2.675456603245044418e-01	1.045143578244873694e+01
2.703234662044104453e-01	1.007553168486638384e+01
2.731246054787527244e-01	9.713418216096263436e+00
2.759491403401450049e-01	9.364580237623563619e+00
2.787971298232482797e-01	9.028521603710933263e+00
2.816686296633842956e-01	8.704765195685231660e+00
2.845636921472577963e-01	8.392852254754993524e+00
2.874823661668867714e-01	8.092340872060081125e+00
2.904246970749866374e-01	7.802806104153850342e+00
2.933907265352826976e-01	7.523839317901693136e+00
2.963804925780173516e-01	7.255046889649662489e+00
2.993940294542390967e-01	6.996050285418174752e+00
3.024313674879968161e-01	6.746485480263544332e+00
3.054925331305989866e-01	6.506001818173124285e+00
3.085775488159926971e-01	6.274262053555792029e+00
3.116864328171800036e-01	6.050941865989169166e+00
3.148191992964181618e-01	5.835728833002816529e+00
3.179758581639878234e-01	5.628322444549982428e+00
3.211564149410557900e-01	5.428433711548611207e+00
3.243608708032678090e-01	5.235784241227558589e+00
3.275892224451832369e-01	5.050106244134279443e+00
3.308414619515437916e-01	4.871142113037044474e+00
3.341175768476074559e-01	4.698643803133782271e+00
3.374175498944347873e-01	4.532372654486884755e+00
3.407413591359605420e-01	4.372098958882131292e+00
3.440889777306797015e-01	4.217601671877804215e+00
3.474603739413898995e-01	4.068668031483399616e+00
3.508555110587535664e-01	3.925093245879988313e+00
3.542743473071442439e-01	3.786680273389408047e+00
3.577168357983982472e-01	3.653239397026998514e+00
3.611829244999701372e-01	3.524587994289056336e+00
3.646725561109668834e-01	3.400550417147693238e+00
3.681856679863282356e-01	3.280957476468613798e+00
3.717221922728886074e-01	3.165646292157395347e+00
3.752820555106402001e-01	3.054460251142077976e+00
3.788651788940546328e-01	2.947248298014833345e+00
3.824714782138246560e-01	2.843865207730521760e+00
3.861008632994774592e-01	2.744171341125310803e+00
3.897532388665912451e-01	2.648032010922836132e+00
3.934285034432186690e-01	2.555317672468483625e+00
3.971265503652240403e-01	2.465903520037294960e+00
4.008472667826220581e-01	2.379669434043398368e+00
4.045905344219506983e-01	2.296499789212365972e+00
4.083562288970074006e-01	2.216283327795007363e+00
4.121442200859326555e-01	2.138912863559691235e+00
4.159543720523315447e-01	2.064285168477957289e+00
4.197865427163458563e-01	1.992300829805925932e+00
4.236405844829891909e-01	1.922864061341062580e+00
4.275163433464571061e-01	1.855882965848540067e+00
4.314136594189437734e-01	1.791268733298709837e+00
4.353323672227378816e-01	1.728935705308661808e+00
4.392722947480089402e-01	1.668801895242615574e+00
4.432332641035616194e-01	1.610787973665257722e+00
4.472150918020382226e-01	1.554817427101297111e+00
4.512175877605809626e-01	1.500817052160006604e+00
4.552405560176994714e-01	1.448715930470307445e+00
4.592837951380365769e-01	1.398445710707675538e+00
4.633470968995765382e-01	1.349941119312696225e+00
4.674302472015472998e-01	1.303138635373960463e+00
4.715330271675982066e-01	1.257977023305723030e+00
4.756552101256218412e-01	1.214398115266044575e+00
4.797965646106683857e-01	1.172345309634754473e+00
4.839568530027186788e-01	1.131763910184522715e+00
4.881358318763078241e-01	1.092601628549400017e+00
4.923332515298642353e-01	1.054807735837496985e+00
4.965488577382848323e-01	1.018333389447876769e+00
5.007823887967965959e-01	9.831320327074094534e-01
5.050335782277554086e-01	9.491583935600812483e-01
5.093021540052410367e-01	9.163687340687927119e-01
5.135878379210672140e-01	8.847211007893404089e-01
5.178903471239842959e-01	8.541749915564290641e-01
5.222093921687287477e-01	8.246915514736570252e-01
5.265446789819341333e-01	7.962331725847373587e-01
5.308959078216869409e-01	7.687636078508389703e-01
5.352627736810081638e-01	7.422479813575388885e-01
5.396449665101339388e-01	7.166525864379870159e-01
5.440421711096425916e-01	6.919450651716279044e-01
5.484540668502776439e-01	6.680942348301915912e-01
5.528803286296588571e-01	6.450698662392817528e-01
5.573206264972800916e-01	6.228429136516708819e-01
5.617746252374496985e-01	6.013854603934966070e-01
5.662419855855406192e-01	5.806705063920893917e-01
5.707223630541788939e-01	5.606719845019250137e-01
5.752154096847743592e-01	5.413647766132397843e-01
5.797207720426357236e-01	5.227248137556097518e-01
5.842380929895359953e-01	5.047287475428856585e-01
5.887670114546208477e-01	4.873539648351590259e-01
5.933071623704304631e-01	4.705789163291642097e-01
5.978581755515073315e-01	4.543827602016642375e-01
6.024196791597661305e-01	4.387452129137232038e-01
6.069912957085690230e-01	4.236467370657674980e-01
6.115726467409804412e-01	4.090685798764601144e-01
6.161633472932227518e-01	3.949928485157243041e-01
6.207630111507700388e-01	3.814020508853275815e-01
6.253712486252261948e-01	3.682792350865880526e-01
6.299876670143493840e-01	3.556081975359177694e-01
6.346118709280660353e-01	3.433733299350100188e-01
6.392434615683505461e-01	3.315595294685080296e-01
6.438820388861894450e-01	3.201521370706634784e-01
6.485271995805714784e-01	3.091371321425099850e-01
6.531785380732944013e-01	2.985009788361168148e-01
6.578356472679220968e-01	2.882305355714930295e-01
6.624981177201779703e-01	2.783131980840491959e-01
6.671655381409110630e-01	2.687367848520970104e-01
6.718374960610674629e-01	2.594895009970735744e-01
6.765135772261272606e-01	2.505600221044017029e-01
6.811933658739728337e-01	2.419373981227719295e-01
6.858764457122749070e-01	2.336110700249151018e-01
6.905623985710156454e-01	2.255707957541389919e-01
6.952508070141673047e-01	2.178067107141464231e-01
6.999412509826681283e-01	2.103093847675476247e-01
7.046333109254520055e-01	2.030696279950946481e-01
7.093265672086844775e-01	1.960785531525092162e-01
7.140205991079568992e-01	1.893276424911118361e-01
7.187149868013984477e-01	1.828086238447505507e-01
7.234093100522811515e-01	1.765135334046056270e-01
7.281031490218462521e-01	1.704347012622924595e-01
7.327960842326026736e-01	1.645647006277881630e-01
7.374876969425885331e-01	1.588963544077980072e-01
7.421775692678512781e-01	1.534227495038145983e-01
7.468652836762204039e-01	1.481372026114727014e-01
7.515504248284400335e-01	1.430332774576818233e-01
7.562325765984492243e-01	1.381047588416486616e-01
7.609113268051601597e-01	1.333455979691599846e-01
7.655862626614569066e-01	1.287500045691400974e-01
7.702569742508821315e-01	1.243123854215817115e-01
7.749230528279604790e-01	1.200273185974115170e-01
7.795840919819405634e-01	1.158895751312445099e-01
7.842396873552324177e-01	1.118941074768305816e-01
7.888894365613802195e-01	1.080360465876654963e-01
7.935329399821640095e-01	1.043106783455729075e-01
7.981698002815602599e-01	1.007134638334670484e-01
8.027996226277901437e-01	9.724001442210619683e-02
8.074220154446751785e-01	9.388608000963309663e-02
8.120365897137709066e-01	9.064757440402654298e-02
8.166429593678302679e-01	8.752054462323713424e-02
8.212407419746986514e-01	8.450116251520654875e-02
8.258295579704399980e-01	8.158574770869574111e-02
8.304090312023275633e-01	7.877073652205864029e-02
8.349787895017797279e-01	7.605268101037059025e-02
8.395384637882737922e-01	7.342826711079003532e-02
8.440876889129768079e-01	7.089428284935272995e-02
8.486261038781512944e-01	6.844762190811645719e-02
8.531533512340209180e-01	6.608529794347978159e-02
8.576690776836612962e-01	6.380441626790178677e-02
8.621729344565016717e-01	6.160217794896279825e-02
8.666645765647438271e-01	5.947589306409937354e-02
8.711436634512443877e-01	5.742295370972872598e-02
8.756098594060448548e-01	5.544083640882772196e-02
8.800628327678419183e-01	5.352711703050030967e-02
8.845022565207132370e-01	5.167944728506500968e-02
8.889278087329713918e-01	4.989555441243744699e-02
8.933391717200582782e-01	4.817324967621002679e-02
8.977360330698418434e-01	4.651041707049103496e-02
9.021180848825782750e-01	4.490501347782249048e-02
9.064850244955517944e-01	4.335506455810744786e-02
9.108365541113861985e-01	4.185866202741177211e-02
9.151723811749281623e-01	4.041396543387072715e-02
9.194922180080822294e-01	3.901919760723689817e-02
9.237957823179792083e-01	3.767263769800157508e-02
9.280827971678139443e-01	3.637262619410572967e-02
9.323529904522264156e-01	3.511756273071112155e-02
9.366060959188873269e-01	3.390589849150071194e-02
9.408418521501779042e-01	3.273613847251852227e-02
9.450600036369461998e-01	3.160683838761230158e-02
9.492602998403680825e-01	3.051660281669178743e-02
9.534424960620094813e-01	2.946408212917941624e-02
9.576063530621646835e-01	2.844798169489047915e-02
9.617516360351978655e-01	2.746704785536100910e-02
9.658781175412124442e-01	2.652005788409924139e-02
9.699855742343416187e-01	2.560584094896425564e-02
9.740737891615992572e-01	2.472327028901389473e-02
9.781425500141396334e-01	2.387125363191083816e-02
9.821916509492272240e-01	2.304873070233227905e-02
9.862208914478818311e-01	2.225468177246782767e-02
9.902300761982572030e-01	2.148812791291803206e-02
9.942190155568784160e-01	2.074811630370868021e-02
9.981875259308748971e-01	2.003372656204452720e-02
1.002135428632500158e+00	1.934407609697070402e-02
1.006062550643226361e+00	1.867830674627723314e-02
1.009968725151469959e+00	1.803559041382795866e-02
1.013853789838137454e+00	1.741513687429428747e-02
1.017717587763238063e+00	1.681616698684872471e-02
1.021559970247352123e+00	1.623793008099386551e-02
1.025380789720722108e+00	1.567971994812281805e-02
1.029179907384215609e+00	1.514084532866400747e-02
1.032957187128132670e+00	1.462063200261212552e-02
1.036712501292625044e+00	1.411842661762632324e-02
1.040445725452370684e+00	1.363360507740660199e-02
1.044156741030036972e+00	1.316557131140620555e-02
1.047845434804219655e+00	1.271376188160328394e-02
1.051511694474052794e+00	1.227759329688978863e-02
1.055155426111157313e+00	1.185647762714333968e-02
1.058776529648577158e+00	1.144993582198294835e-02
1.062374907298597959e+00	1.105749757600909752e-02
1.065950473881221772e+00	1.067863985175831511e-02
1.069503147500755036e+00	1.031288115565677684e-02
1.073032850122334958e+00	9.959775990308767854e-03
1.076539509481457380e+00	9.618884142404526827e-03
1.080023057814764043e+00	9.289780511235169735e-03
1.083483432341260322e+00	8.972057136718704362e-03
1.086920574625890978e+00	8.665319621072043940e-03
1.090334431351881017e+00	8.369184718711878204e-03
1.093724954063152621e+00	8.083283630869603220e-03
1.097092098229682344e+00	7.807262194311447717e-03
1.100435824606131208e+00	7.540777666598870096e-03
1.103756097482385901e+00	7.283496293711635289e-03
1.107052887592679502e+00	7.035097095569669938e-03
1.110326167413316245e+00	6.795275534936904595e-03
1.113575915280962558e+00	6.563732694192221141e-03
1.116802113723145196e+00	6.340178658108800228e-03
1.120004749094804186e+00	6.124337481678497966e-03
1.123183811904031604e+00	5.915940670373798747e-03
1.126339297261076178e+00	5.714728554211371755e-03
1.129471203650968869e+00	5.520452380800265797e-03
1.132579533794676463e+00	5.332870998778850395e-03
1.135664294246524486e+00	5.151750464603302090e-03
1.138725495858056158e+00	4.976868792610442301e-03
1.141763151113026398e+00	4.808009982195685268e-03
1.144777279529006542e+00	4.644960641917582518e-03
1.147767902005951246e+00	4.487520560459896425e-03
1.150735043149048176e+00	4.335496645762918280e-03
1.153678731881126795e+00	4.188698932704079149e-03
1.156598999930523064e+00	4.046946612095134177e-03
1.159495882352394203e+00	3.910064735899260353e-03
1.162369417958059925e+00	3.777883230732682202e-03
1.165219648385884987e+00	3.650239821487018168e-03
1.168046618418623561e+00	3.526979667704494958e-03
1.170850374778445335e+00	3.407947761418344320e-03
1.173630971560959191e+00	3.292993520070107340e-03
1.176388460933302849e+00	3.181979566409726991e-03
1.179122900116669204e+00	3.074770734717561203e-03
1.181834348633619358e+00	2.971233701985780476e-03
1.184522869046217064e+00	2.871240968877667929e-03
1.187188526625755136e+00	2.774668254619039928e-03
1.189831390006640843e+00	2.681398387647894021e-03
1.192451527853647164e+00	2.591319312780028354e-03
1.195049013804404092e+00	2.504318494258392629e-03
1.197623923533650325e+00	2.420287900760417343e-03
1.200176334776633658e+00	2.339125854864933240e-03
1.202706327467439218e+00	2.260733542970186187e-03
1.205213983965135904e+00	2.185014879498806562e-03
1.207699388910443927e+00	2.111877133111924112e-03
1.210162629052314420e+00	2.041231307594197630e-03
1.212603792917595236e+00	1.972991251566042631e-03
1.215022971727089951e+00	1.907073872481931985e-03
1.217420257612771728e+00	1.843399102888801551e-03
1.219795745852261915e+00	1.781889199345183632e-03
1.222149532517204928e+00	1.722469692661703945e-03
1.224481716068843040e+00	1.665068493314567815e-03
1.226792396497102589e+00	1.609615618453105789e-03
1.229081675710139043e+00	1.556044003771694028e-03
1.231349656788871760e+00	1.504289178909632568e-03
1.233596444574512452e+00	1.454288442812886164e-03
1.235822145627476276e+00	1.405981121857838214e-03
1.238026867744101978e+00	1.359309184730215017e-03
1.240210720004629952e+00	1.314216388221086567e-03
1.242373813245921443e+00	1.270648169022104779e-03
1.244516259311181594e+00	1.228552323318138698e-03
1.246638171164026643e+00	1.187878300723669992e-03
1.248739663430343594e+00	1.148577048541250248e-03
1.250820851465602956e+00	1.110601649687270468e-03
1.252881851750558884e+00	1.073906503600890495e-03
1.254922782257295477e+00	1.038447582892848206e-03
1.256943761405787452e+00	1.004183274478066649e-03
1.258944908048917233e+00	9.710721180055169408e-04
1.260926344452342640e+00	9.390736368378429979e-04
1.262888191038215924e+00	9.081507515853920508e-04
1.264830569969856988e+00	8.782668943572403356e-04
1.266753604591408289e+00	8.493860191480375821e-04
1.268657418394481207e+00	8.214741510595661034e-04
1.270542135728655042e+00	7.944981069276697708e-04
1.272407882015089253e+00	7.684257277892916037e-04
1.274254782754019599e+00	7.432264262980204728e-04
1.276082964131627362e+00	7.188704393027315958e-04
1.277892553210390858e+00	6.953288405687949557e-04
1.279683677106292494e+00	6.725737074077512865e-04
1.281456464229131287e+00	6.505784809539242198e-04
1.283211041682818410e+00	6.293177407965738291e-04
1.284947538592999150e+00	6.087661453081917541e-04
1.286666083851901066e+00	5.888993108435846375e-04
1.288366806888281202e+00	5.696941838889258260e-04
1.290049836978805819e+00	5.511284295059225942e-04
1.291715303933984371e+00	5.331801887839684529e-04
1.293363338073147073e+00	5.158284831508319190e-04
1.294994069120634306e+00	4.990532625494285487e-04
1.296607627720739897e+00	4.828349437385631737e-04
1.298204144065388199e+00	4.671546438796306635e-04
1.299783748925792848e+00	4.519941705361228712e-04
1.301346572704655147e+00	4.373359303885991840e-04
1.302892746218461406e+00	4.231628979773136403e-04
1.304422400114728431e+00	4.094588241690456411e-04
1.305935664600543111e+00	3.962079235965885148e-04
1.307432670707165290e+00	3.833946808786291489e-04
1.308913548824245376e+00	3.710043809820505684e-04
1.310378429305661285e+00	3.590229371605236828e-04
1.311827442269232868e+00	3.474366228341722158e-04
1.313260717762712693e+00	3.362320086185338402e-04
1.314678386100292862e+00	3.253961823256240398e-04
1.316080576747526987e+00	3.149169199915685950e-04
1.317467419116107319e+00	3.047822021462082706e-04
1.318839042893824143e+00	2.949804685958858606e-04
1.320195576444779695e+00	2.855006622457233211e-04
1.321537148986810406e+00	2.763317050905491463e-04
1.322863889361368672e+00	2.674632040112433478e-04
1.324175924983103991e+00	2.588854167144043423e-04
1.325473383804523397e+00	2.505885221899231317e-04
1.326756393294254321e+00	2.425630006327877963e-04
1.328025080492815313e+00	2.347997998924208538e-04
1.329279572179842273e+00	2.272902868036465608e-04
1.330519993975436188e+00	2.200260144589197492e-04
1.331746472369488288e+00	2.129986400453738745e-04
1.332959132421137616e+00	2.062003370250990698e-04
1.334158099041832912e+00	1.996235349682942554e-04
1.335343496731756563e+00	1.932608485380107194e-04
1.336515449237440034e+00	1.871051433864316259e-04
1.337674080263369092e+00	1.811494388099757925e-04
1.338819512868180350e+00	1.753872358854716574e-04
1.339951868644383426e+00	1.698122401786559686e-04
1.341071269966512380e+00	1.644180349170055631e-04
1.342177838231226605e+00	1.591986104061199260e-04
1.343271693930234489e+00	1.541483208041455387e-04
1.344352957215943167e+00	1.492615152193010398e-04
1.345421747852576955e+00	1.445326839388248502e-04
1.346478184975030912e+00	1.399566964776424586e-04
1.347522386419187868e+00	1.355286226711187618e-04
1.348554470056535060e+00	1.312434585688340455e-04
1.349574553414104594e+00	1.270964570408387052e-04
1.350582752430554034e+00	1.230831501100892490e-04
1.351579183377502824e+00	1.191990942539717556e-04
1.352563961199070963e+00	1.154400521002124966e-04
1.353537200456494949e+00	1.118019232402234708e-04
1.354499015097976100e+00	1.082807223458977778e-04
1.355449518158225342e+00	1.048726147150284404e-04
1.356388822339299471e+00	1.015738611437849812e-04
1.357317039443253881e+00	9.838092740784190441e-05
1.358234280304810415e+00	9.529034918081751113e-05
1.359140655712787638e+00	9.229867591031933516e-05
1.360036275586437249e+00	8.940278354148849585e-05
1.360921247936004663e+00	8.659958840064385720e-05
1.361795682140323871e+00	8.388587897861432747e-05
1.362659685594318271e+00	8.125883465170458987e-05
1.363513364519366222e+00	7.871570342127582492e-05
1.364356825798332729e+00	7.625361355232650195e-05
1.365190174631146336e+00	7.386998605101554509e-05
1.366013515413062596e+00	7.156230538233585058e-05
1.366826952467393275e+00	6.932803289398603520e-05
1.367630588864624741e+00	6.716482264958942283e-05
1.368424526910977379e+00	6.507037258586233501e-05
1.369208868593862372e+00	6.304239286291198540e-05
1.369983714950387510e+00	6.107877683879638846e-05
1.370749165719537421e+00	5.917747292130887734e-05
1.371505320799530914e+00	5.733640256335428224e-05
1.372252278818477667e+00	5.555363731206048764e-05
1.372990137577640990e+00	5.382729609234563375e-05
1.373718994599760101e+00	5.215549481983010728e-05
1.374438946515947446e+00	5.053655874084844811e-05
1.375150087997587534e+00	4.896880658444303089e-05
1.375852515175412627e+00	4.745047543548439940e-05
1.376546321698201014e+00	4.598002359754148631e-05
1.377231601030840302e+00	4.455594222422204167e-05
1.377908445981823160e+00	4.317668407927108173e-05
1.378576948603112085e+00	4.184081742142126050e-05
1.379237199912681344e+00	4.054696866619431566e-05
1.379889290415870384e+00	3.929378860974862747e-05
1.380533309686127863e+00	3.807996759006894596e-05
1.381169346725754865e+00	3.690423316808902809e-05
1.381797489758288977e+00	3.576537216277883265e-05
1.382417825997132699e+00	3.466220374545965287e-05
1.383030442445365882e+00	3.359358345190523333e-05
1.383635424593854912e+00	3.255841430042834419e-05
1.384232858046929637e+00	3.155561461847693395e-05
1.384822826913586935e+00	3.058415588683153016e-05
1.385405415141491625e+00	2.964304377872694482e-05
1.385980705414417535e+00	2.873129588293075261e-05
1.386548780360965072e+00	2.784797084909643771e-05
1.387109721123062522e+00	2.699219016153849514e-05
1.387663608456540576e+00	2.616307067425903410e-05
1.388210522544222503e+00	2.535974214638969090e-05
1.388750542617112504e+00	2.458140452945085155e-05
1.389283747088921661e+00	2.382726380266955276e-05
1.389810214027974666e+00	2.309653512933201459e-05
1.390330020474868089e+00	2.238849227639327355e-05
1.390843242659151269e+00	2.170241354500806571e-05
1.391349956600113291e+00	2.103758744631063955e-05
1.391850237050747952e+00	2.039336262656365047e-05
1.392344158201904936e+00	1.976907912297438735e-05
1.392831793940968232e+00	1.916409151399829530e-05
1.393313216878690142e+00	1.857781542730820097e-05
1.393788499090562905e+00	1.800964409058352774e-05
1.394257712512023906e+00	1.745899323990484102e-05
1.394720927464413451e+00	1.692534548276355361e-05
1.395178214035179831e+00	1.640814608117047158e-05
1.395629642065692400e+00	1.590685717897178438e-05
1.396075279912305067e+00	1.542100966033061742e-05
1.396515195618277971e+00	1.495010829839903770e-05
1.396949456861690475e+00	1.449366286853159472e-05
1.397378130162546528e+00	1.405123266590591830e-05
1.397801281659842410e+00	1.362239412186133633e-05
1.398218976377695544e+00	1.320671588119020932e-05
1.398631279452791976e+00	1.280376010393225201e-05
1.399038254968710371e+00	1.241313841532186226e-05
1.399439966094092158e+00	1.203447835182790066e-05
1.399836475841316208e+00	1.166738967318042861e-05
1.400227846335235782e+00	1.131151223306662067e-05
1.400614139013065973e+00	1.096650487421991818e-05
1.400995414730552335e+00	1.063202221014190079e-05
1.401371733837742051e+00	1.030773128674156866e-05
1.401743155910130101e+00	9.993319931077504449e-06
1.402109739874685346e+00	9.688477008894431320e-06
1.402471544334528808e+00	9.392901687698196737e-06
1.402828626818319879e+00	9.106309782147940733e-06
1.403181044721044879e+00	8.828419174032331598e-06
1.403528854440954099e+00	8.558956183638689633e-06
1.403872112149557427e+00	8.297654963513134658e-06
1.404210873180797625e+00	8.044270474220841440e-06
1.404545192081969374e+00	7.798560164375668521e-06
1.404875123379133894e+00	7.560279104345209831e-06
1.405200720354943700e+00	7.329187166385567163e-06
1.405522036732305136e+00	7.105058704233197568e-06
1.405839124392686657e+00	6.887701077180792959e-06
1.406152035260567867e+00	6.676893673984795019e-06
1.406460821131365613e+00	6.472418062816157480e-06
1.406765532455798606e+00	6.274098740793613836e-06
1.407066219381692296e+00	6.081735345375986422e-06
1.407362932105658881e+00	5.895133937178980889e-06
1.407655719375759951e+00	5.714143443826868688e-06
1.407944629423096616e+00	5.538567561810913944e-06
1.408229711707431164e+00	5.368217234824504579e-06
1.408511012494752190e+00	5.202965351180923041e-06
1.408788579453417400e+00	5.042662329619446262e-06
1.409062458274218166e+00	4.887138902031728220e-06
1.409332695907102195e+00	4.736230174692997513e-06
1.409599337461538315e+00	4.589810617831452151e-06
1.409862427601697554e+00	4.447748116261109177e-06
1.410122011235858341e+00	4.309885657472008240e-06
1.410378132371845394e+00	4.176109550505484533e-06
1.410630833759417557e+00	4.046301314431510788e-06
1.410880159170407655e+00	3.920319564202251776e-06
1.411126150663257528e+00	3.798046158423394328e-06
1.411368850603088587e+00	3.679367829916260908e-06
1.411608300369910474e+00	3.564185967086439001e-06
1.411844540515824642e+00	3.452395735304210253e-06
1.412077612152199402e+00	3.343868056699201591e-06
1.412307555586569396e+00	3.238505516038986908e-06
1.412534410043104094e+00	3.136224355263066917e-06
1.412758214942088308e+00	3.036922029560318079e-06
1.412979009000774555e+00	2.940502440701189554e-06
1.413196830527231995e+00	2.846880221677913866e-06
1.413411717349099650e+00	2.755972197259746257e-06
1.413623706625203091e+00	2.667682038781406268e-06
1.413832836267884918e+00	2.581925850991706777e-06
1.414039141753536732e+00	2.498637280815704394e-06
1.414242659940053271e+00	2.417727923547054873e-06
1.414443426399964121e+00	2.339130185912323827e-06
1.414641475796959424e+00	2.262776686989833053e-06
1.414836843797344201e+00	2.188580546874694975e-06
1.415029564489998171e+00	2.116476710838063703e-06
1.415219672126950989e+00	2.046401456971239524e-06
1.415407200310630609e+00	1.978291496063690355e-06
1.415592182100010810e+00	1.912083621227355143e-06
1.415774650627760867e+00	1.847708741739428587e-06
1.415954638427125323e+00	1.785114242092652551e-06
1.416132177074591159e+00	1.724244275062223182e-06
1.416307298848552998e+00	1.665030687890192219e-06
1.416480034969775703e+00	1.607425275694663103e-06
1.416650415998822909e+00	1.551377587295323749e-06
1.416818473003083279e+00	1.496825218431136602e-06
1.416984236046873402e+00	1.443721955837759165e-06
1.417147734771664114e+00	1.392019302984696450e-06
1.417308998982584889e+00	1.341661653138031773e-06
1.417468057701307238e+00	1.292604604234597096e-06
1.417624939567440068e+00	1.244800757109666225e-06
1.417779673271516216e+00	1.198198298843308533e-06
1.417932286841837586e+00	1.152755210192275363e-06
1.418082807801826162e+00	1.108426466265725801e-06
1.418231263858374280e+00	1.065161801554573870e-06
1.418377681990101280e+00	1.022919461865426434e-06
1.418522088784051505e+00	9.816540646321458541e-07
1.418664510951401780e+00	9.413149555192915784e-07
1.418804974570244015e+00	9.018621807983314352e-07
1.418943504987334014e+00	8.632512514516451036e-07
1.419080128156266607e+00	8.254281857933008108e-07
1.419214868980322120e+00	7.883450981517689754e-07
1.419347752490645487e+00	7.519539951837561148e-07
1.419478802961149810e+00	7.162013607595548563e-07
1.419608044878087894e+00	6.810290007639951077e-07
1.419735502040974540e+00	6.463767615255479960e-07
1.419861198161763260e+00	6.121799261246880833e-07
1.419985156482057143e+00	5.783650830848613866e-07
1.420107400124240193e+00	5.448484310805232777e-07
1.420227951914328601e+00	5.110379856128147832e-07
1.420346834142912629e+00	4.778311765766606812e-07
1.420464069294524068e+00	4.445790329697419324e-07
1.420579678937848422e+00	4.111119795471382445e-07
1.420693685074690515e+00	3.772079671806298401e-07
1.420806108797236789e+00	3.425683581728165876e-07
1.420916971460096878e+00	3.067639078008985699e-07
1.421026293551913122e+00	2.691362549650855209e-07
1.421134096321429396e+00	2.286058195146549499e-07
1.421240399509323904e+00	1.830430191232130350e-07
1.421345223271605063e+00	1.268640494031069594e-07
1.421448587605729674e+00	0.000000000000000000e+00
