# Data associated with arXiv:2110.09653
# 
# Scale-free J-factor angular distribution, J_S(theta), of a nfw1-3 dark matter distribution (see Eq. 8 and the surrounding discussion)
# 
# Published: 3/29/22, Jack Runburg, contact: runburg@hawaii.edu
# 
# 
# -----------------------------------------------------------------
# 
# 	 tilde theta 		 | 	 tilde J s-wave 		 | 	 tilde J p-wave 		 | 	 tilde J d-wave 		 | 	 tilde J sommerfeld 
# 
# -----------------------------------------------------------------
1.000000000000000021e-03	7.208244344449053460e+04	4.426046487553974657e+03	1.028910693726159025e+03	5.142244928019244689e+05
1.021192151037671062e-03	6.969433305418443342e+04	4.337158303655084637e+03	1.017297484367009588e+03	4.936044417123602470e+05
1.042833409340945643e-03	6.738623319817401352e+04	4.250020136327084401e+03	1.005790606426944350e+03	4.738226699295541039e+05
1.064933292458827233e-03	6.515346143786443281e+04	4.164534778639450451e+03	9.943829811096428557e+02	4.548232211836783099e+05
1.087501519637659123e-03	6.299400074733913789e+04	4.080690484209331771e+03	9.830758488138253597e+02	4.365816090225349762e+05
1.110548016095517111e-03	6.090632825361876166e+04	3.998477421835622408e+03	9.718705720886025574e+02	4.190744957049371442e+05
1.134082917387199208e-03	5.888855799776544882e+04	3.917878624612418662e+03	9.607677969718534996e+02	4.022776816174996202e+05
1.158116573861711456e-03	5.693665587135257374e+04	3.838817036766836281e+03	9.497619714135904587e+02	3.861466493268391350e+05
1.182659555214217667e-03	5.504886067049321719e+04	3.761268965407132328e+03	9.388529123431928838e+02	3.706573546817104798e+05
1.207722655134462354e-03	5.322386456941461074e+04	3.685238921105501504e+03	9.280435064738065876e+02	3.557937618971511838e+05
1.233316896053688856e-03	5.145993944762819592e+04	3.610700275186957242e+03	9.173331764408101208e+02	3.415318591795872780e+05
1.259453533992170365e-03	4.975361009520025254e+04	3.537586251568331591e+03	9.067171785852074208e+02	3.278355216420803335e+05
1.286144063509461061e-03	4.810333873606645648e+04	3.465878126750229058e+03	8.961956680666538659e+02	3.146847284280541935e+05
1.313400222759557485e-03	4.650800198622318567e+04	3.395570840438257619e+03	8.857702368127514774e+02	3.020641108808736317e+05
1.341233998653187541e-03	4.496602062334661605e+04	3.326650236671729999e+03	8.754415425130023323e+02	2.899555714137484902e+05
1.369657632129505243e-03	4.347440120409040537e+04	3.259043608925096123e+03	8.652037150736632611e+02	2.783259837029714254e+05
1.398683623539492566e-03	4.203180108110667788e+04	3.192743554685265281e+03	8.550581215020265518e+02	2.671606073355316767e+05
1.428324738143458596e-03	4.063725506758021947e+04	3.127740773637728580e+03	8.450058410826699173e+02	2.564453382740252127e+05
1.458594011725036863e-03	3.928932355665027717e+04	3.064020204452155667e+03	8.350473381557256971e+02	2.461641350906860316e+05
1.489504756324154782e-03	3.798542832993506454e+04	3.001520696371801932e+03	8.251776022716145462e+02	2.362904414133424580e+05
1.521070566091505720e-03	3.672439715572814748e+04	2.940226005733212787e+03	8.153966834767927594e+02	2.268098619121734519e+05
1.553305323267072666e-03	3.550540054093276558e+04	2.880140110968241515e+03	8.057072158269460260e+02	2.177128130509460461e+05
1.586223204285366938e-03	3.432712909841235523e+04	2.821235137434510307e+03	7.961078633039284114e+02	2.089832351998094528e+05
1.619838686010041055e-03	3.318736245068724384e+04	2.763464483026774360e+03	7.865951985725490658e+02	2.006000884107555903e+05
1.654166552100628336e-03	3.208507719159605040e+04	2.706810009721924871e+03	7.771688896444354668e+02	1.925508864371238160e+05
1.689221899514206692e-03	3.101956023173217909e+04	2.651273131299057241e+03	7.678311726161379056e+02	1.848268105225522013e+05
1.725020145144853453e-03	2.998962307613715529e+04	2.596834071626171863e+03	7.585814779672912209e+02	1.774154667598580418e+05
1.761577032603788440e-03	2.899335370750582297e+04	2.543440230445597081e+03	7.494150773109372494e+02	1.702974211007067061e+05
1.798908639143220224e-03	2.802985868521070370e+04	2.491084884089022125e+03	7.403331067264870171e+02	1.634636631007558608e+05
1.837031382726912916e-03	2.709852478577349393e+04	2.439761457225001323e+03	7.313365970425061278e+02	1.569057322137891024e+05
1.875962029250603357e-03	2.619827529356038212e+04	2.389455307939600971e+03	7.224257479025665134e+02	1.506130513179592672e+05
1.915717699915417882e-03	2.532746388382484656e+04	2.340118358206651010e+03	7.135960328912635759e+02	1.445697904662009678e+05
1.956315878757565116e-03	2.448531061000654518e+04	2.291741147698880468e+03	7.048479744726442959e+02	1.387673890823689289e+05
1.997774420337589726e-03	2.367128793573918301e+04	2.244323569189270074e+03	6.961834403061305920e+02	1.331999287747443013e+05
2.040111557592579582e-03	2.288442212807105170e+04	2.197843484832696504e+03	6.876012805862245614e+02	1.278570590963181894e+05
2.083345909854779961e-03	2.212329576801205258e+04	2.152263698970624773e+03	6.790983011435511116e+02	1.227262498223913717e+05
2.127496491040134757e-03	2.138722801483753574e+04	2.107571029144735348e+03	6.706744513755472781e+02	1.177998937486533250e+05
2.172582718010372237e-03	2.067576486540431506e+04	2.063768992204772076e+03	6.623321134887644348e+02	1.130729762132925243e+05
2.218624419112281976e-03	1.998802715888943931e+04	2.020834120719754537e+03	6.540695597195339133e+02	1.085368685349676380e+05
2.265641842897974604e-03	1.932279466944290107e+04	1.978732308852085907e+03	6.458837449412296792e+02	1.041805646353765478e+05
2.313655667029933423e-03	1.867947309598615902e+04	1.937453701800817271e+03	6.377749972752504846e+02	9.999818237802565272e+04
2.362687007374795686e-03	1.805767154883425610e+04	1.896997115191758894e+03	6.297448651074111012e+02	9.598491300959320506e+04
2.412757427289825233e-03	1.745659746406148042e+04	1.857346604350690086e+03	6.217929197721284709e+02	9.213374945774087973e+04
2.463888947106213784e-03	1.687520047270166833e+04	1.818464691119716917e+03	6.139150282915750267e+02	8.843516387018239766e+04
2.516104053813336943e-03	1.631296183706398551e+04	1.780347405479909867e+03	6.061123436772649029e+02	8.488426197198922455e+04
2.569425710948245768e-03	1.576954484872528519e+04	1.742990762870540493e+03	5.983858405301715493e+02	8.147716791091227788e+04
2.623877368694733318e-03	1.524423603148866459e+04	1.706378635920930265e+03	5.907348647718137045e+02	7.820738201861087873e+04
2.679482974196439188e-03	1.473613131026219708e+04	1.670480476714160659e+03	5.831562815164433005e+02	7.506739196876973438e+04
2.736266982088478034e-03	1.424477792624554240e+04	1.635287310231623223e+03	5.756502574541641479e+02	7.205260815618421475e+04
2.794254365252289707e-03	1.376988569332673251e+04	1.600802656232425988e+03	5.682189951203307601e+02	6.916008728905777389e+04
2.853470625798387814e-03	1.331081319209319008e+04	1.567003414069961536e+03	5.608602195878271459e+02	6.638407540677128418e+04
2.913941806281861776e-03	1.286678233646177250e+04	1.533867105303743983e+03	5.535720778724273714e+02	6.371820338544708648e+04
2.975694501155571117e-03	1.243739797343472674e+04	1.501383206139216554e+03	5.463542841962567991e+02	6.115876909379682911e+04
3.038755868466027146e-03	1.202240987327644871e+04	1.469554223593262350e+03	5.392089153942768007e+02	5.870305620411833661e+04
3.103153641797168783e-03	1.162124212571478893e+04	1.438361648836218592e+03	5.321342669687365969e+02	5.634628316910250578e+04
3.168916142467233243e-03	1.123322513443201206e+04	1.407780031962240400e+03	5.251275704107918045e+02	5.408301732178399106e+04
3.236072291984112663e-03	1.085801404083790840e+04	1.377804969123585352e+03	5.181897017553062597e+02	5.191010569574191322e+04
3.304651624764658874e-03	1.049539294259298549e+04	1.348434609234292566e+03	5.113217999681072001e+02	4.982534185361600248e+04
3.374684301123556836e-03	1.014484536480465249e+04	1.319653840506706729e+03	5.045227574444232346e+02	4.782450003635294706e+04
3.446201120537424525e-03	9.805795124130228942e+03	1.291438428166787162e+03	4.977896098725991010e+02	4.590304028763331735e+04
3.519233535190044709e-03	9.477941271401847189e+03	1.263784265067557953e+03	4.911232350821834416e+02	4.405838545476811851e+04
3.593813663804625805e-03	9.161097402734609204e+03	1.236690809996461894e+03	4.845249702926237774e+02	4.228848428089318622e+04
3.669974305769219299e-03	8.854800871195124273e+03	1.210141696712856174e+03	4.779933192726444986e+02	4.058988630608019594e+04
3.747748955561452412e-03	8.558555915180069860e+03	1.184117193916864608e+03	4.715259798910033169e+02	3.895864894616347010e+04
3.827171817478984984e-03	8.272099919149379275e+03	1.158610507301437337e+03	4.651230527680571072e+02	3.739259380080976553e+04
3.908277820682117681e-03	7.995271837743471224e+03	1.133624762757976214e+03	4.587867172141178003e+02	3.589016163137981493e+04
3.991102634555192957e-03	7.727657688529696316e+03	1.109141151723109033e+03	4.525146878332672600e+02	3.444806418782010587e+04
4.075682684393532908e-03	7.468830941167960191e+03	1.085144137753928362e+03	4.463054112922262107e+02	3.306332393880498421e+04
4.162055167422817371e-03	7.218562444238737044e+03	1.061626157087746378e+03	4.401585562406887107e+02	3.173381954019829209e+04
4.250258069157961290e-03	6.976712960217841101e+03	1.038589291075989422e+03	4.340760195000547128e+02	3.045836495141608611e+04
4.340330180108637088e-03	6.742912432814162457e+03	1.016018542905971458e+03	4.280562548558808658e+02	2.923418779740381797e+04
4.432311112838861061e-03	6.516793923927829383e+03	9.938959579360462158e+02	4.220968250641107034e+02	2.805857785814599265e+04
4.526241319388085715e-03	6.298157494338835022e+03	9.722190305993428865e+02	4.161986132968872880e+02	2.693004418378047922e+04
4.622162109061505458e-03	6.086882667909600059e+03	9.509858198182629394e+02	4.103624319438596899e+02	2.584726207456535849e+04
4.720115666597336779e-03	5.882638979343386382e+03	9.301840117530504131e+02	4.045872500400059835e+02	2.480806477314146832e+04
4.820145070719144588e-03	5.685110780469249221e+03	9.097972102961796281e+02	3.988707019965008271e+02	2.381009572255503008e+04
4.922294313081310678e-03	5.494123631034495702e+03	8.898217878571094843e+02	3.932133265028903111e+02	2.285204524682592455e+04
5.026608317615998724e-03	5.309573203261122217e+03	8.702585253086832608e+02	3.876166049514330894e+02	2.193295474311896760e+04
5.133132960290130720e-03	5.131164665620121923e+03	8.510928441723937112e+02	3.820786683119063127e+02	2.105074727357951633e+04
5.241915089281041530e-03	4.958626509487475232e+03	8.323121380152578013e+02	3.765979795183928900e+02	2.020361952451591424e+04
5.353002545579732367e-03	4.791806552115447630e+03	8.139111313952694218e+02	3.711744904343571534e+02	1.939033780262796790e+04
5.466444184030696055e-03	4.630614371174862754e+03	7.958925009362322953e+02	3.658102281690995596e+02	1.861016913949127411e+04
5.582289894817666839e-03	4.474787165384171203e+03	7.782406891288284214e+02	3.605027336589701576e+02	1.786129445637699246e+04
5.700590625404708227e-03	4.324091409138826748e+03	7.609454986441442088e+02	3.552509258535200729e+02	1.714220257848047913e+04
5.821398402942216249e-03	4.178394346141373717e+03	7.440015413412792213e+02	3.500545885914326618e+02	1.645186519979810691e+04
5.944766357147824969e-03	4.037617534272886132e+03	7.274105902717094523e+02	3.449154309006012227e+02	1.578961800735106954e+04
6.070748743672167193e-03	3.901526928622310152e+03	7.111597840380959497e+02	3.398316496059426868e+02	1.515396115142646158e+04
6.199400967959818945e-03	3.769921685046700077e+03	6.952374561601915275e+02	3.348014845301857463e+02	1.454355528680998032e+04
6.330779609615908021e-03	3.642686002241838651e+03	6.796417037470540663e+02	3.298257560349276218e+02	1.395760357806616412e+04
6.464942447289089879e-03	3.519751765822625657e+03	6.643713903603878634e+02	3.249051757423825393e+02	1.339548725451992686e+04
6.601948484081890736e-03	3.400910717363960885e+03	6.494157718965738013e+02	3.200383826579530364e+02	1.285593186749532470e+04
6.741857973499477616e-03	3.285990130182549365e+03	6.347638942625243317e+02	3.152236145412502424e+02	1.233782263166847952e+04
6.884732445948405985e-03	3.174889000122158450e+03	6.204137410820015930e+02	3.104615922971382815e+02	1.184046857043332966e+04
7.030634735796891313e-03	3.067548121369098226e+03	6.063653016678404128e+02	3.057534018831403841e+02	1.136335786564705631e+04
7.179629009008595825e-03	2.963782333408472368e+03	5.926069820196956925e+02	3.010971082862221238e+02	1.090539587611879142e+04
7.331780791361950343e-03	2.863443098289299996e+03	5.791301732611575517e+02	2.964915392185466771e+02	1.046563681079035996e+04
7.487156997267587974e-03	2.766442324988500332e+03	5.659315976265472727e+02	2.919368763747518187e+02	1.004349804889594816e+04
7.645825959196438613e-03	2.672728497067479111e+03	5.530127255029411799e+02	2.874345675803465383e+02	9.638571022600091965e+03
7.807857457731475631e-03	2.582137122136435664e+03	5.403610941642377838e+02	2.829822758804357363e+02	9.249859421574472435e+03
7.973322752256328111e-03	2.494540469136371939e+03	5.279706433490794097e+02	2.785796121054657988e+02	8.876642826906701885e+03
8.142294612294233985e-03	2.409861715684483443e+03	5.158368672364872509e+02	2.742260960322835786e+02	8.518348107566866020e+03
8.314847349511189298e-03	2.328055986709511217e+03	5.039616320929784479e+02	2.699234033764187188e+02	8.174692280625879903e+03
8.491056850397209546e-03	2.248977265503066519e+03	4.923338504554487258e+02	2.656694741960304782e+02	7.844792506105267421e+03
8.671000609640279119e-03	2.172515717420565124e+03	4.809467501160148117e+02	2.614633563101915570e+02	7.528036651620564953e+03
8.854757764207504128e-03	2.098604352613011542e+03	4.697976407743967684e+02	2.573052488458216089e+02	7.223980745602612842e+03
9.042409128148579806e-03	2.027204037073875952e+03	4.588869908354757854e+02	2.531962896725497671e+02	6.932312401431428043e+03
9.234037228136720080e-03	1.958185253836059246e+03	4.482053268360506877e+02	2.491346931015929727e+02	6.652356126480060993e+03
9.429726339762870002e-03	1.891453559735101180e+03	4.377453776454584613e+02	2.451191505173966618e+02	6.383523006686901681e+03
9.629562524599030379e-03	1.826950544524454926e+03	4.275062166468662781e+02	2.411505343751950079e+02	6.125500319591925290e+03
9.833633668047030499e-03	1.764642040330998498e+03	4.174868036556572406e+02	2.372292779749322449e+02	5.877988584638289467e+03
1.004202951798940403e-02	1.704413252043245166e+03	4.076789711090594892e+02	2.333540088014958087e+02	5.640403791176299819e+03
1.025484172425938229e-02	1.646182972895299827e+03	3.980762850171495302e+02	2.295236080717116636e+02	5.412280808356907073e+03
1.047216387894729824e-02	1.589900277889581503e+03	3.886771630292192867e+02	2.257385274530693380e+02	5.193312888841760468e+03
1.069409155756119272e-02	1.535535299081057929e+03	3.794815876645335493e+02	2.219996122592034453e+02	4.983288353592401108e+03
1.092072236105970547e-02	1.482986365213547060e+03	3.704810504339016575e+02	2.183051721154348002e+02	4.781678967071196894e+03
1.115215595877575537e-02	1.432183651444273210e+03	3.616702112665993241e+02	2.146542519028730851e+02	4.588103919381916057e+03
1.138849413224978825e-02	1.383082763199253577e+03	3.530469571700236315e+02	2.110470640112320382e+02	4.402300987120182981e+03
1.162984081999205582e-02	1.335657558556937602e+03	3.446123837674422816e+02	2.074849150862679608e+02	4.224096398496139045e+03
1.187630216319339981e-02	1.289818055934974836e+03	3.363571350218957718e+02	2.039654775141837888e+02	4.053024586687618012e+03
1.212798655240480798e-02	1.245504217055192612e+03	3.282776577344671409e+02	2.004886022146820608e+02	3.888782549306491546e+03
1.238500467520621366e-02	1.202677344262106772e+03	3.203712366727160088e+02	1.970540453101291405e+02	3.731131266618824156e+03
1.264746956488544717e-02	1.161314527516825819e+03	3.126389391543078204e+02	1.936631318027719146e+02	3.579935625202451774e+03
1.291549665014883955e-02	1.121336188779636814e+03	3.050723580871875242e+02	1.903137384255783218e+02	3.434787843008502932e+03
1.318920380588532899e-02	1.082690703987544339e+03	2.976678862880287397e+02	1.870054392836026409e+02	3.295441811838349167e+03
1.346871140500627631e-02	1.045344344957899466e+03	2.904233061819802515e+02	1.837382020633721424e+02	3.161692300382623671e+03
1.375414237138396570e-02	1.009277007606309212e+03	2.833392438013182755e+02	1.805130977110969468e+02	3.033415299259955646e+03
1.404562223391196511e-02	9.744183656039144807e+02	2.764083485648898204e+02	1.773283301822160638e+02	2.910282920439663030e+03
1.434327918171109106e-02	9.407240287479811514e+02	2.696268311762345320e+02	1.741833462015679288e+02	2.792060700736882154e+03
1.464724412050539583e-02	9.081646032975733078e+02	2.629932559126383467e+02	1.710783602854122591e+02	2.678602229216501655e+03
1.495765073019278586e-02	8.767224240815158964e+02	2.565076336905549965e+02	1.680141321993134511e+02	2.569783881922220644e+03
1.527463552363575450e-02	8.463353856466368370e+02	2.501633433434009817e+02	1.649889663124676247e+02	2.465328768777999358e+03
1.559833790669801906e-02	8.169653165109513111e+02	2.439566614608828843e+02	1.620021436869162414e+02	2.365045551505761523e+03
1.592890023955338338e-02	7.885866033364686700e+02	2.378868224781464846e+02	1.590542458754709401e+02	2.268803031334000025e+03
1.626646789929399317e-02	7.611837028658723057e+02	2.319532230288463950e+02	1.561456420783133296e+02	2.176502903322228121e+03
1.661118934386526108e-02	7.347018093171274131e+02	2.261500724598278111e+02	1.532750079502584128e+02	2.087902953050670021e+03
1.696321617735579643e-02	7.091080968533161695e+02	2.204739286991789697e+02	1.504415906977786506e+02	2.002843451611092405e+03
1.732270321667098503e-02	6.843802490773763338e+02	2.149239734320498485e+02	1.476458579951865033e+02	1.921216806999499113e+03
1.768980855961942850e-02	6.605045708893280789e+02	2.094996439073286183e+02	1.448881025116701835e+02	1.842931660362187131e+03
1.806469365444235767e-02	6.374327334910848322e+02	2.041955425827268300e+02	1.421670363931206396e+02	1.767790118673930465e+03
1.844752337081655841e-02	6.151365059487795861e+02	1.990085647038515617e+02	1.394819848956255726e+02	1.695652459014190299e+03
1.883846607236187159e-02	5.935964468463561161e+02	1.939378560187435596e+02	1.368333771436281268e+02	1.626426840963239101e+03
1.923769369068539445e-02	5.728004729611999437e+02	1.889832079105220544e+02	1.342217629901899443e+02	1.560042317816169998e+03
1.964538180099485026e-02	5.527059981281362298e+02	1.841392334365805539e+02	1.316455630767892160e+02	1.496320034243092323e+03
2.006170969931423895e-02	5.332887408830172262e+02	1.794032952101178182e+02	1.291042384572487265e+02	1.435151342381102950e+03
2.048686048133601528e-02	5.145317667279640546e+02	1.747743767293625581e+02	1.265980313170159661e+02	1.376452269292456549e+03
2.092102112294418406e-02	4.964243996963488712e+02	1.702525137900635741e+02	1.241276418034404685e+02	1.320163656433150209e+03
2.136438256244391209e-02	4.789291418030725254e+02	1.658325365367678614e+02	1.216914967096173257e+02	1.266135849848916678e+03
2.181713978453380873e-02	4.620251061749815449e+02	1.615122153362038375e+02	1.192892341554577058e+02	1.214271743755939269e+03
2.227949190605761978e-02	4.456975439931805454e+02	1.572904492065682120e+02	1.169208863448548499e+02	1.164506283237239131e+03
2.275164226357336353e-02	4.299370094937344220e+02	1.531673954143704748e+02	1.145871931821176446e+02	1.116787406181674669e+03
2.323379850277806913e-02	4.147105098708595960e+02	1.491379982889693849e+02	1.122864589514267948e+02	1.070984020664991249e+03
2.372617266982774559e-02	4.000000757632349746e+02	1.452004203484544576e+02	1.100184955299949507e+02	1.027019841253578306e+03
2.422898130459259780e-02	3.857928638711181293e+02	1.413536728011236789e+02	1.077834328703592632e+02	9.848335534218931571e+02
2.474244553588843265e-02	3.720805052149847825e+02	1.375978712615951167e+02	1.055819066063038463e+02	9.443867852478007308e+02
2.526679117872631872e-02	3.588339932063510673e+02	1.339281820057605614e+02	1.034121253373866125e+02	9.055635192585855293e+02
2.580224883362318075e-02	3.460378659860360244e+02	1.303430504998216861e+02	1.012740105655593510e+02	8.683005936932710256e+02
2.634905398801689475e-02	3.336809412785209474e+02	1.268415082755820720e+02	9.916764807918976032e+01	8.325486763847544580e+02
2.690744711983068457e-02	3.217557938775117918e+02	1.234236962068900567e+02	9.709373142058247197e+01	7.982705829331182485e+02
2.747767380323228384e-02	3.102369418616111147e+02	1.200851164899052321e+02	9.505050089612015540e+01	7.653704663388928111e+02
2.805998481663422514e-02	2.991110784279168797e+02	1.168243252735247211e+02	9.303780128237336555e+01	7.337947659934374087e+02
2.865463625298309350e-02	2.883684691223187428e+02	1.136404425751359071e+02	9.105574903399075026e+01	7.034993924123864417e+02
2.926188963238583740e-02	2.780025169632727966e+02	1.105335472270094215e+02	8.910497129439860942e+01	6.744568153011972527e+02
2.988201201712300387e-02	2.679908545261107520e+02	1.074995644722203991e+02	8.718388960433090062e+01	6.465815491257299072e+02
3.051527612909937445e-02	2.583220271710947031e+02	1.045371145687752659e+02	8.529226307331092016e+01	6.198306984423569475e+02
3.116196046978347151e-02	2.489875622663680588e+02	1.016453754263004754e+02	8.343016681201788742e+01	5.941670281131848697e+02
3.182234944268905880e-02	2.399815906907233511e+02	9.882439149499576558e+01	8.159821269054873483e+01	5.695644739607143947e+02
3.249673347845206950e-02	2.312844952096261864e+02	9.607044074476594631e+01	7.979492178800229851e+01	5.459538921218783116e+02
3.318540916255835471e-02	2.228864130393259870e+02	9.338223117354064584e+01	7.802003931533164405e+01	5.232957351010519460e+02
3.388867936577820428e-02	2.147799711678611914e+02	9.075904051173284870e+01	7.627363822207668420e+01	5.015604259426665976e+02
3.460685337736497946e-02	2.069599410001847843e+02	8.820078352404796362e+01	7.455621241098646124e+01	4.807257760585378037e+02
3.534024704107661952e-02	1.994091321797536125e+02	8.570415123482250408e+01	7.286645400447781640e+01	4.607311801929286048e+02
3.608918289407971741e-02	1.921190501099406447e+02	8.326785634878110898e+01	7.120401881529382138e+01	4.415454950237537446e+02
3.685399030879719234e-02	1.850832799339866312e+02	8.089134966475940303e+01	6.956907897307158350e+01	4.231429666639070888e+02
3.763500563776207147e-02	1.782971574839803566e+02	7.857437398571481424e+01	6.796195023059598839e+01	4.055030841402638089e+02
3.843257236154112161e-02	1.717456325887175126e+02	7.631400213630328722e+01	6.638148475037549190e+01	3.885771477622930092e+02
3.924704123979310538e-02	1.654213866157817279e+02	7.410901038086545611e+01	6.482731526439238223e+01	3.723360983115194927e+02
4.007877046552850431e-02	1.593188395377686106e+02	7.195893042835237452e+01	6.329962583821359345e+01	3.567602587297657806e+02
4.092812582263813392e-02	1.534338252457308158e+02	6.986343182421731512e+01	6.179865912564787322e+01	3.418310489122760600e+02
4.179548084676026898e-02	1.477531796340772985e+02	6.781981585300881932e+01	6.032328704467308000e+01	3.275061912712119465e+02
4.268121698955689575e-02	1.422705949165487596e+02	6.582698679822344445e+01	5.887317078711924268e+01	3.137631573993356255e+02
4.358572378647117967e-02	1.369812183205909832e+02	6.388457609476206756e+01	5.744856844311564714e+01	3.005841009428807524e+02
4.450939902804028347e-02	1.318813238532631829e+02	6.199220702160551610e+01	5.604965369201703851e+01	2.879533018295799707e+02
4.545264893483848267e-02	1.269594084376686283e+02	6.014734133108566283e+01	5.467524758526384687e+01	2.758353670324993345e+02
4.641588833612779463e-02	1.222100332430819662e+02	5.834906375784452592e+01	5.332513501309876602e+01	2.642101440431072774e+02
4.739954085229469011e-02	1.176289789960959951e+02	5.659693947827318539e+01	5.199949616883895942e+01	2.530634126520431550e+02
4.840403908115278181e-02	1.132129091255503255e+02	5.489067912600025778e+01	5.069849102933623186e+01	2.423816624712667931e+02
4.942982478819387543e-02	1.089517824201748226e+02	5.322786879929913795e+01	4.942093373893197850e+01	2.321340018711598248e+02
5.047734910087089966e-02	1.048409070916130617e+02	5.160780319286457996e+01	4.816678675208385840e+01	2.223052568716556436e+02
5.154707270699779992e-02	1.008766156631810986e+02	5.002993276882837392e+01	4.693602469598791771e+01	2.128812121121705445e+02
5.263946605735428386e-02	9.705591656311729309e+01	4.849402663717501838e+01	4.572882669273808887e+01	2.038517115557560260e+02
5.375500957258409762e-02	9.337005431017941248e+01	4.699787208376226744e+01	4.454411541209956482e+01	1.951903151028828916e+02
5.489419385447772554e-02	8.981497942946054991e+01	4.554081182990555021e+01	4.338180780812127324e+01	1.868832735854311977e+02
5.605751990173300781e-02	8.638750500817836553e+01	4.412234313092248783e+01	4.224184769262427608e+01	1.789200313058907170e+02
5.724549933028778848e-02	8.308494554048949965e+01	4.274223573597583936e+01	4.112444549974536301e+01	1.712909151861725263e+02
5.845865459832211286e-02	7.989967557896146388e+01	4.139850666936735735e+01	4.002860367077484227e+01	1.639736144676514584e+02
5.969751923602879817e-02	7.682819798937117639e+01	4.009042666332789651e+01	3.895406813475143792e+01	1.569570062496552509e+02
6.096263808025296355e-02	7.386774437765117796e+01	3.881769599056804054e+01	3.790099692990020230e+01	1.502316889434833058e+02
6.225456751410456124e-02	7.101590104742176379e+01	3.757992902849075989e+01	3.686939869756529475e+01	1.437891343592441729e+02
6.357387571164835327e-02	6.826603511636182020e+01	3.637532783876381615e+01	3.585830102555322441e+01	1.376109874297927433e+02
6.492114288777969811e-02	6.561512447869966991e+01	3.520333668158320961e+01	3.486763233990892275e+01	1.316874563760626984e+02
6.629696155339574737e-02	6.306076521503837995e+01	3.406354921537204916e+01	3.389736492087615005e+01	1.260107775757956290e+02
6.770193677597398374e-02	6.060078525467505983e+01	3.295566403480380302e+01	3.294755794119833325e+01	1.205738775575858881e+02
6.913668644567325106e-02	5.822942299179445769e+01	3.187802362917634014e+01	3.201730854014313365e+01	1.153604822980141620e+02
7.060184154707406512e-02	5.594406491451280772e+01	3.083011799028259858e+01	3.110650220852097547e+01	1.103632252763101746e+02
7.209804643667737378e-02	5.374262452629382381e+01	2.981154186279204765e+01	3.021508538362523311e+01	1.055748894652272583e+02
7.362595912628441819e-02	5.162314471231950108e+01	2.882205328401628464e+01	2.934317116013183480e+01	1.009895254681653256e+02
7.518625157238204015e-02	4.958062823060537738e+01	2.786009383586176824e+01	2.848982279878044110e+01	9.659374365184196165e+01
7.677960997166025092e-02	4.761281306189806628e+01	2.692516655945676973e+01	2.765490796842041732e+01	9.238053620561930757e+01
7.840673506279315086e-02	4.571788920968604231e+01	2.601700050013028331e+01	2.683848189484571733e+01	8.834456631375729785e+01
8.006834243461452560e-02	4.389409082527973283e+01	2.513521729002519223e+01	2.604046790749513463e+01	8.448043532823848523e+01
8.176516284082480102e-02	4.213709094252326537e+01	2.427847613764084755e+01	2.526008080181132343e+01	8.077650746984417651e+01
8.349794252136732986e-02	4.044492992506146578e+01	2.344633708665499583e+01	2.449719382128303380e+01	7.722737908743974344e+01
8.526744353061486981e-02	3.881603874008295918e+01	2.263846640854147196e+01	2.375176226718282635e+01	7.382819956272190609e+01
8.707444407251174745e-02	3.724882158304412627e+01	2.185458493774580901e+01	2.302379291164205100e+01	7.057429433235482463e+01
8.891973884281766105e-02	3.573953916800806496e+01	2.109343239852757179e+01	2.231248914205485789e+01	6.745618284762520034e+01
9.080413937860487561e-02	3.428649195685834172e+01	2.035458247209375671e+01	2.161770446751443941e+01	6.446895570484072380e+01
9.272847441516200717e-02	3.288832114113969141e+01	1.963779971284974124e+01	2.093946176404095283e+01	6.160874012400551436e+01
9.469359025046093781e-02	3.154358158199478623e+01	1.894271611962479085e+01	2.027765140347541006e+01	5.887130805875224837e+01
9.670035111734798239e-02	3.024904956296175129e+01	1.826822108207152340e+01	1.963154174222117021e+01	5.624869363032604497e+01
9.874963956362264872e-02	2.900324911139416884e+01	1.761397876059528400e+01	1.900107503742385973e+01	5.373682925445986314e+01
1.008423568401705106e-01	2.780500579545560669e+01	1.697966254014593801e+01	1.838610824397448340e+01	5.133234077068631507e+01
1.029794232973221257e-01	2.665300526908619361e+01	1.636500730788418068e+01	1.778664322250226348e+01	4.903176303448788076e+01
1.051617787896111378e-01	2.554447865139215423e+01	1.576897629858068228e+01	1.720194801688019481e+01	4.682814358359257767e+01
1.073903830891107247e-01	2.447814123815992815e+01	1.519122918429531310e+01	1.663191486247817252e+01	4.471824176550945396e+01
1.096662163075285135e-01	2.345297976306000720e+01	1.463153230241289648e+01	1.607649245005666216e+01	4.269919200767265011e+01
1.119902793272475605e-01	2.246779525686643808e+01	1.408954829284539656e+01	1.553555941024523612e+01	4.076772764329579957e+01
1.143635942415015677e-01	2.152021808990437179e+01	1.356438118406756033e+01	1.500847775380870885e+01	3.891834825668927067e+01
1.167872048038782751e-01	2.060912778268853174e+01	1.305571112570860848e+01	1.449512902542956638e+01	3.714808661672930157e+01
1.192621768873494831e-01	1.973364954603017907e+01	1.256331759713911289e+01	1.399544991107872782e+01	3.545457063376559148e+01
1.217895989530276418e-01	1.889269359214053878e+01	1.208687729710850078e+01	1.350931148043159169e+01	3.383506259216540712e+01
1.243705825288575900e-01	1.808423321357803104e+01	1.162558186184939402e+01	1.303611307840709976e+01	3.228484570242464713e+01
1.270062626984522769e-01	1.730729141110869307e+01	1.117915401647858076e+01	1.257575417591047007e+01	3.080145757239268889e+01
1.296977986002878502e-01	1.656111244521071058e+01	1.074735294759675241e+01	1.212811869653841690e+01	2.938287861868187889e+01
1.324463739374786009e-01	1.584470914455953583e+01	1.032989715376909601e+01	1.169310408026957937e+01	2.802678141717771965e+01
1.352531974983535168e-01	1.515634924127401639e+01	9.926044327378381382e+00	1.127012639789782611e+01	2.672909116357098114e+01
1.381195036880665805e-01	1.449518110894728373e+01	9.535524742143746124e+00	1.085905856803521985e+01	2.548780353164136869e+01
1.410465530714722360e-01	1.386055142146072683e+01	9.158148696178919579e+00	1.045983600922966872e+01	2.430124841269817537e+01
1.440356329275057634e-01	1.325156889179026010e+01	8.793608890212883722e+00	1.007228573071573585e+01	2.316726855752030190e+01
1.470880578153118678e-01	1.266675397269531800e+01	8.441274183449277047e+00	9.695918562871707280e+00	2.208261567925617541e+01
1.502051701523716420e-01	1.210536460405647752e+01	8.100871350707253171e+00	9.330566049963715969e+00	2.104551522269035857e+01
1.533883408048797858e-01	1.156683563502778611e+01	7.772246269991715195e+00	8.976194429154848109e+00	2.005455495216879669e+01
1.566389696906345663e-01	1.105036490841185248e+01	7.455076458483379298e+00	8.632576002738133525e+00	1.910785242835484965e+01
1.599584863947036695e-01	1.055468971162959946e+01	7.148812500960047167e+00	8.299276323030888136e+00	1.820274209474914073e+01
1.633483507981373095e-01	1.007916375581768342e+01	6.853204611255801382e+00	7.976139379326837364e+00	1.733764893740865887e+01
1.668100537200059019e-01	9.623297874883009584e+00	6.568107007732916891e+00	7.663108291499141522e+00	1.651145686066464791e+01
1.703451175730422984e-01	9.186372386480242014e+00	6.293211632640951514e+00	7.359960076518254901e+00	1.572249445730334827e+01
1.739550970331800450e-01	8.767310552495631626e+00	6.028030551922788582e+00	7.066291227335556258e+00	1.496853327020203039e+01
1.776415797232799298e-01	8.365549814578175258e+00	5.772329933962777382e+00	6.781937108938012493e+00	1.424823237548893218e+01
1.814061869113461622e-01	7.980666554962525083e+00	5.525980285144172832e+00	6.506852533898941360e+00	1.356066701821590037e+01
1.852505742235391883e-01	7.612017095454643112e+00	5.288685514431968215e+00	6.240798597545962778e+00	1.290440262059262544e+01
1.891764323722997243e-01	7.258684141887116859e+00	5.060015958764808808e+00	5.983412426890582836e+00	1.227754565761821581e+01
1.931854878999012814e-01	6.920178355786806179e+00	4.839757309957425591e+00	5.734532677294666314e+00	1.167899236360696413e+01
1.972795039377621684e-01	6.596132733547370286e+00	4.627783980863052982e+00	5.494099484719896509e+00	1.110794800969339491e+01
2.014602809818480389e-01	6.285973374210711562e+00	4.423821972977831862e+00	5.261883970521425979e+00	1.056317331661625225e+01
2.057296576845067948e-01	5.988919626390106110e+00	4.227487722156015870e+00	5.037546232410574198e+00	1.004308195603623055e+01
2.100895116630852322e-01	5.704546196840772687e+00	4.038589194268182858e+00	4.820938061969579636e+00	9.546756402837685229e+00
2.145417603256798700e-01	5.432535042866348363e+00	3.856999277729856956e+00	4.611976284105495871e+00	9.073513854836182446e+00
2.190883617143895290e-01	5.172376101806286819e+00	3.682477174753062243e+00	4.410461670736038009e+00	8.622297315403812945e+00
2.237313153664367560e-01	4.923405774840935223e+00	3.514668269451189708e+00	4.216057001701713602e+00	8.191755326004896531e+00
2.284726631935388719e-01	4.685254801038743366e+00	3.353410214701970649e+00	4.028640361916014712e+00	7.781151407216818860e+00
2.333144903799153069e-01	4.457647542708645716e+00	3.198575593082635393e+00	3.848112324685136976e+00	7.389877062682954190e+00
2.382589262993237145e-01	4.240132148821653679e+00	3.049944550896650508e+00	3.674282175391876848e+00	7.017037242819703202e+00
2.433081454515323150e-01	4.032145245764229280e+00	2.907204384708360845e+00	3.506843947306920395e+00	6.661504643674422965e+00
2.484643684186368384e-01	3.833366605541323580e+00	2.770203010452295000e+00	3.345671657449206915e+00	6.322650797613047047e+00
2.537298628416438939e-01	3.643557372909596914e+00	2.638831809499403658e+00	3.190681509876822197e+00	5.999979846899108793e+00
2.591069444177515613e-01	3.462318610493696269e+00	2.512873883160406052e+00	3.041666603399741931e+00	5.692684659517717627e+00
2.645979779187619951e-01	3.289172718882436453e+00	2.392068300243098022e+00	2.898372316710495777e+00	5.399868680224152229e+00
2.702053782310787078e-01	3.123842384801851058e+00	2.276263072397526344e+00	2.760652508523954829e+00	5.120970280132059571e+00
2.759316114177428059e-01	2.966120708928247307e+00	2.165367763694717063e+00	2.628443127120400735e+00	4.855586991859730972e+00
2.817791958029755572e-01	2.815656702800729327e+00	2.059181321748118521e+00	2.501540219252585739e+00	4.603028631968751228e+00
2.877507030797054055e-01	2.672046133019904790e+00	1.957468892205502131e+00	2.379704537780934270e+00	4.362530163049124887e+00
2.938487594405665426e-01	2.535049249050290054e+00	1.860105239475593031e+00	2.262819994927545597e+00	4.133644564913826258e+00
3.000760467328633108e-01	2.404486957669023539e+00	1.766994334353410467e+00	2.150797582067714764e+00	3.916011122524970745e+00
3.064353036380134121e-01	2.280051586631085314e+00	1.677959628056697072e+00	2.043458773961468911e+00	3.709046188842294089e+00
3.129293268759847368e-01	2.161401615467804405e+00	1.592796848561154999e+00	1.940587374184228997e+00	3.512126999168183161e+00
3.195609724352570513e-01	2.048330169736359174e+00	1.511385099094697315e+00	1.842061333381707966e+00	3.324847389892284344e+00
3.263331568288500573e-01	1.940682388075197329e+00	1.433645798113385883e+00	1.747811025014699204e+00	3.146926386721528690e+00
3.332488583769670498e-01	1.838189606083279193e+00	1.359415964840740232e+00	1.657662125707302314e+00	2.977868090985253513e+00
3.403111185168231634e-01	1.740563870446738104e+00	1.288513367778993945e+00	1.571415145264632551e+00	2.817135625026293333e+00
3.475230431402304698e-01	1.647627074558431826e+00	1.220836274041237957e+00	1.488967576004885940e+00	2.664405634378751220e+00
3.548878039595292910e-01	1.559245501545584389e+00	1.156309307134035125e+00	1.410243946697492534e+00	2.519433680425883448e+00
3.624086399024666338e-01	1.475185501584519887e+00	1.094782945117173112e+00	1.335078964182182304e+00	2.381790284224400089e+00
3.700888585366366446e-01	1.395204836357202494e+00	1.036105457811912434e+00	1.263306732547927913e+00	2.251046125439128964e+00
3.779318375241043637e-01	1.319150560069138889e+00	9.801837609658817785e-01	1.194827071448211875e+00	2.126926323817209585e+00
3.859410261068597081e-01	1.246907426732290380e+00	9.269465399053207211e-01	1.129563442191285905e+00	2.009209955282266424e+00
3.941199466237500504e-01	1.178273109370087557e+00	8.762631312099278258e-01	1.067369486475410856e+00	1.897542977690003907e+00
4.024721960595590287e-01	1.113044342476046999e+00	8.280031836369322606e-01	1.008098975645042472e+00	1.791576958413781284e+00
4.110014476269163164e-01	1.051090169643321248e+00	7.820811061810496456e-01	9.516551260709866789e-01	1.691072244923709667e+00
4.197114523817274123e-01	9.923114920276178141e-01	7.384340943889242670e-01	8.979688065755133675e-01	1.595842963124350922e+00
4.286060408728412652e-01	9.365339015312609261e-01	6.969473335797667923e-01	8.469087028788099270e-01	1.505592803940886570e+00
4.376891248266767120e-01	8.835873157538008948e-01	6.575079977243751816e-01	7.983453660755746029e-01	1.420030920689689502e+00
4.469646988675492483e-01	8.333599743302976259e-01	6.200407841967526812e-01	7.521913907386814646e-01	1.338959145845077359e+00
4.564368422744575216e-01	7.857668982902245025e-01	5.844898165863110506e-01	7.083829134612724676e-01	1.262224266049833288e+00
4.661097207750954374e-01	7.406584679024398321e-01	5.507533466974415814e-01	6.668007730498968222e-01	1.189571296587061067e+00
4.759875883778879602e-01	6.978928111584543625e-01	5.187347963944776152e-01	6.273315105134736891e-01	1.120761943761708013e+00
4.860747892428489703e-01	6.573748995876005363e-01	4.883686115882885370e-01	5.898977303905976743e-01	1.055630055584158455e+00
4.963757595920870180e-01	6.190320982405828065e-01	4.596059837890543176e-01	5.544428079102972085e-01	9.940473825269946495e-01
5.068950296608012440e-01	5.827367041797625324e-01	4.323572884730571553e-01	5.208591105574168489e-01	9.358005452377066158e-01
5.176372256896176749e-01	5.483707844923434438e-01	4.065403233993419296e-01	4.890483254144021297e-01	8.806947347945307536e-01
5.286070719591531297e-01	5.158538654196281881e-01	3.820985779345690281e-01	4.589426027163880928e-01	8.285911673144461531e-01
5.398093928676924724e-01	4.851240942714546422e-01	3.589887652116031114e-01	4.304900323968693931e-01	7.793823099721941539e-01
5.512491150528981976e-01	4.560730582852537962e-01	3.371331361963282314e-01	4.035958662101515881e-01	7.328883134104657859e-01
5.629312695584811621e-01	4.286030947991992801e-01	3.164614181111456426e-01	3.781743391905997287e-01	6.889465886430343744e-01
5.748609940467923618e-01	4.026463590755978150e-01	2.969255324014732356e-01	3.541672756440709668e-01	6.474444322111162498e-01
5.870435350582976497e-01	3.781504017184120214e-01	2.784885640204911028e-01	3.315296350066716524e-01	6.082959243828260920e-01
5.994842503189414806e-01	3.550237052960442119e-01	2.610834490323262203e-01	3.101787893343785907e-01	5.713499015317209384e-01
6.121886110964055439e-01	3.331857268411607675e-01	2.446509764822189514e-01	2.900416030261068201e-01	5.364723051293298628e-01
6.251622046063020077e-01	3.125795458224007728e-01	2.291494456874964836e-01	2.710662641612924251e-01	5.035691972073103040e-01
6.384107364693620834e-01	2.931608948805075610e-01	2.145466818124228958e-01	2.532128301848287633e-01	4.725675055869542063e-01
6.519400332206916060e-01	2.748529762125259124e-01	2.007860081808999775e-01	2.364110573777971347e-01	4.433423200421682808e-01
6.657560448722088520e-01	2.575896622471511854e-01	1.878183354619868684e-01	2.205997841264090986e-01	4.157861688172802550e-01
6.798648475293831428e-01	2.413234475373955135e-01	1.756084224828920459e-01	2.057348509926970326e-01	3.898219732966309858e-01
6.942726460634290886e-01	2.260171623617592551e-01	1.641285220354768704e-01	1.917813096214366353e-01	3.653889693859123655e-01
7.089857768401280902e-01	2.116067600401970450e-01	1.533305095936808582e-01	1.786789532709633643e-01	3.423833985169379424e-01
7.240107105064845783e-01	1.980382095184093083e-01	1.431736232473177495e-01	1.663764418107568366e-01	3.207181598248456389e-01
7.393540548364295750e-01	1.852720850884936321e-01	1.336281236461159816e-01	1.548362600151687862e-01	3.003294382487301517e-01
7.550225576368376768e-01	1.732773506414847509e-01	1.246706630971403523e-01	1.440288741441354825e-01	2.811670379178734525e-01
7.710231097151263313e-01	1.620009380625521689e-01	1.162609239508315684e-01	1.339034529461293477e-01	2.631458190613975567e-01
7.873627479097432547e-01	1.513989270208410121e-01	1.083655464428194409e-01	1.244179778338488918e-01	2.461953788608498006e-01
8.040486581848822478e-01	1.414387920897914597e-01	1.009598226701383800e-01	1.155411315041940667e-01	2.302639306949436637e-01
8.210881787907730045e-01	1.320947734171005472e-01	9.402387452480812091e-02	1.072473479167183191e-01	2.153100573899102976e-01
8.384888034909533383e-01	1.233231939843130315e-01	8.752437069618183851e-02	9.949469786679565608e-02	2.012641193150702945e-01
8.562581848579297050e-01	1.150885470981251463e-01	8.143406046129041120e-02	9.224865290217790226e-02	1.880696332170330998e-01
8.744041376386801900e-01	1.073641683196119856e-01	7.573248791802600355e-02	8.548322515981449099e-02	1.756842540096473504e-01
8.929346421914835519e-01	1.001288126557145081e-01	7.040324579987526643e-02	7.917742003372586768e-02	1.640742773871708970e-01
9.118578479955742333e-01	9.334678098023188597e-02	6.541885571492103701e-02	7.329651418223251391e-02	1.531830233320279067e-01
9.311820772351820930e-01	8.698953373332513062e-02	6.075729086130765566e-02	6.781264409706598550e-02	1.429651247056779595e-01
9.509158284595223831e-01	8.103535498179781360e-02	5.640176870128957298e-02	6.270445817687814172e-02	1.333863157482312323e-01
9.710677803203476843e-01	7.546684008438020452e-02	5.233871764498045781e-02	5.795451030962814332e-02	1.244191487862807560e-01
9.916467953887124764e-01	7.025501824734263490e-02	4.854592219825414751e-02	5.353496514734831790e-02	1.160178347618523176e-01
1.012661924052612461e+00	6.537708826589065658e-02	4.500566172903780471e-02	4.942336614581800680e-02	1.081462237132141263e-01
1.034122408497234025e+00	6.081548518061257597e-02	4.170427486778049975e-02	4.560234344003799567e-02	1.007766095144968232e-01
1.056037686769547568e+00	5.655604959509102914e-02	3.863076267844692269e-02	4.205787906524188074e-02	9.388683667488727236e-02
1.078417396929040706e+00	5.257544225081912243e-02	3.576714503124511779e-02	3.876745923691266721e-02	8.744004751372520812e-02
1.101271381286411888e+00	4.885556077298994909e-02	3.309937144920298280e-02	3.571340038243726867e-02	8.140760106729552636e-02
1.124609690732098155e+00	4.538229798072587751e-02	3.061652270920820623e-02	3.288191222137881731e-02	7.576741997641855964e-02
1.148442589156521310e+00	4.214421739883263823e-02	2.830964507324503637e-02	3.026159128731745890e-02	7.050157440153827226e-02
1.172780557964020254e+00	3.912265625287653092e-02	2.616438349810510516e-02	2.783459515986446212e-02	6.558054691346994203e-02
1.197634300682437924e+00	3.630333584582664391e-02	2.416976316169694092e-02	2.558724423796389022e-02	6.098191223215807671e-02
1.223014747670394531e+00	3.367500812988981351e-02	2.231705037042328379e-02	2.350857494923462229e-02	5.668802674953274390e-02
1.248933060924324545e+00	3.122850405564529808e-02	2.059904152613029407e-02	2.158943435587401538e-02	5.268453681312728482e-02
1.275400638987373769e+00	2.894901275771408211e-02	1.900448090105465518e-02	1.981602301013463477e-02	4.894809514310221460e-02
1.302429121962336289e+00	2.682534652432116973e-02	1.752475686466879734e-02	1.817766949384071531e-02	4.546104776512323309e-02
1.330030396630823342e+00	2.484860322002149791e-02	1.615299036413981454e-02	1.666581246576388092e-02	4.220944029300403855e-02
1.358216601680917401e+00	2.301148693475496207e-02	1.488350329781705332e-02	1.527334010408010201e-02	3.918186505274042636e-02
1.387000133045610317e+00	2.130233314463680222e-02	1.370742117195463718e-02	1.398944264630672639e-02	3.635975789695959637e-02
1.416393649354382722e+00	1.971243554247635241e-02	1.261812534835687200e-02	1.280603448023448498e-02	3.372944027799043565e-02
1.446410077500298819e+00	1.823480140295879320e-02	1.161023286911599776e-02	1.171648160683611516e-02	3.127990001046968699e-02
1.477062618325094778e+00	1.686366948339347929e-02	1.067931946765362898e-02	1.071532501875870243e-02	2.900217407538228931e-02
1.508364752424737887e+00	1.558992349170370759e-02	9.818517705335759113e-03	9.794300674308772589e-03	2.688175116269750711e-02
1.540330246078020826e+00	1.440683484089835646e-02	9.022774874198738471e-03	8.947333322835565594e-03	2.490804357044170206e-02
1.572973157300799230e+00	1.330895213879164027e-02	8.287910656528492057e-03	8.169325483514056768e-03	2.307240766918067579e-02
1.606307842028519950e+00	1.229176085494838346e-02	7.610468771477770129e-03	7.456063989240246763e-03	2.136771820726061227e-02
1.640348960429783842e+00	1.134819079707397038e-02	6.985201771997007029e-03	6.801341946084976664e-03	1.978274076943623699e-02
1.675111483353698638e+00	1.047307797089466579e-02	6.408258507801490970e-03	6.200585175716914754e-03	1.830929011884905797e-02
1.710610698913865635e+00	9.662204762034483016e-03	5.876465208398136408e-03	5.649994209632617885e-03	1.694069114207293753e-02
1.746862219211904321e+00	8.912060680312984193e-03	5.387173518008720428e-03	5.146393487324070828e-03	1.567143922706135464e-02
1.783881987203444153e+00	8.217204243750005077e-03	4.936381726891000618e-03	4.685126507630131901e-03	1.449275738669646325e-02
1.821686283709640364e+00	7.573699852842480373e-03	4.521186031004501005e-03	4.262798152925701550e-03	1.339835973816095802e-02
1.860291734577268707e+00	6.978309091099434668e-03	4.139192194798201746e-03	3.876595754650237306e-03	1.238313700537351306e-02
1.899715317990559260e+00	6.428323029484979238e-03	3.788379460677595602e-03	3.524135458437378191e-03	1.144280722387716782e-02
1.939974371937992492e+00	5.919585417109947921e-03	3.465750440332389555e-03	3.202000410002574845e-03	1.057065184699524166e-02
1.981086601837313665e+00	5.449117690295833365e-03	3.169133885575508517e-03	2.907696187423782636e-03	9.761866815826093433e-03
2.023070088322156401e+00	5.014451945890644954e-03	2.896726986589450836e-03	2.639143715843678649e-03	9.012502949921914058e-03
2.065943295193674256e+00	4.613513573833442211e-03	2.647019507015293486e-03	2.394603832039640234e-03	8.319287968242694217e-03
2.109725077540682392e+00	4.243151757847994990e-03	2.417765968050407735e-03	2.171559688357905821e-03	7.677066795987383396e-03
2.154434690031884259e+00	3.901127792863329571e-03	2.207367447483076211e-03	1.968215382194594704e-03	7.082221421660443196e-03
2.200091795383838367e+00	3.585574905633466449e-03	2.014486774272317929e-03	1.783061453570706232e-03	6.531760050862978929e-03
2.246716473008353532e+00	3.294916089146393123e-03	1.837991152482172045e-03	1.614819034391793643e-03	6.023156379819293200e-03
2.294329227843169949e+00	3.026780342312267256e-03	1.676226736160103207e-03	1.461679826798022858e-03	5.552501937851873903e-03
2.342950999369765697e+00	2.779496503102297893e-03	1.528021399186166611e-03	1.322353081547513604e-03	5.117082182323148126e-03
2.392603170822269476e+00	2.551662808161659236e-03	1.392393323223148132e-03	1.195757703787402038e-03	4.714634936663329896e-03
2.443307578591545681e+00	2.342089240777528881e-03	1.268498967852547520e-03	1.080960134928395881e-03	4.343224363056715463e-03
2.495086521828544068e+00	2.149004512069103198e-03	1.155130531701162137e-03	9.766728724323651099e-04	3.999894730204227311e-03
2.547962772251191943e+00	1.971169476311672875e-03	1.051440838329972555e-03	8.819861261003215588e-04	3.682633856727316520e-03
2.601959584159102334e+00	1.807539071639070478e-03	9.567095270498535533e-04	7.961249879676097910e-04	3.389725070987667684e-03
2.657100704660517732e+00	1.657221695380500315e-03	8.703174031235057229e-04	7.184209351698929089e-04	3.119702237752213989e-03
2.713410384115983121e+00	1.518903433612989315e-03	7.913929683242589127e-04	6.479692817693018768e-04	2.870375729128904919e-03
2.770913386803353973e+00	1.391671494642027565e-03	7.193243318985448071e-04	5.841298313963207839e-04	2.640234509155393178e-03
2.829635001808795014e+00	1.274752186981542535e-03	6.535868128030368441e-04	5.263503966734085033e-04	2.427987336148077196e-03
2.889601054148607684e+00	1.167482109198821495e-03	5.937354812534850540e-04	4.741655619777070704e-04	2.232540339920595016e-03
2.950837916126738403e+00	1.068893330793514555e-03	5.391415263815052582e-04	4.269389841912212750e-04	2.052256714803915409e-03
3.013372518932980082e+00	9.783177549032263335e-04	4.893656465235513443e-04	3.842222813615203268e-04	1.886012629816018844e-03
3.077232364486974792e+00	8.951864808086602105e-04	4.440368349696430976e-04	3.456380607113281630e-04	1.732862961777500684e-03
3.142445537533192557e+00	8.190092042447839459e-04	4.028297591739114000e-04	3.108535930932369439e-04	1.591980725224284706e-03
3.209040717992251324e+00	7.490776409452961975e-04	3.652983823914720141e-04	2.794312320283360673e-04	1.462158978762511437e-03
3.277047193573979555e+00	6.849058219101423518e-04	3.311322176516308629e-04	2.510631646020809260e-04	1.342571294229685840e-03
3.346494872657771680e+00	6.260781816509648507e-04	3.000641680467266590e-04	2.254845540570169253e-04	1.232507562240054300e-03
3.417414297445926952e+00	5.722346851834460291e-04	2.718647433168999727e-04	2.024683121002052177e-04	1.131364654531949411e-03
3.489836657395697816e+00	5.228604007399033837e-04	2.462173120028112458e-04	1.817128039598186920e-04	1.038248103772048975e-03
3.563793802936028321e+00	4.776039546093283810e-04	2.229031965728672945e-04	1.630074975750851990e-04	9.525545581059346100e-04
3.639318259474964901e+00	4.361637165866286765e-04	2.017346868813084404e-04	1.461719481096517763e-04	8.737661149766678308e-04
3.716443241703908829e+00	3.982769469340688429e-04	1.825482926390128362e-04	1.310494914714809423e-04	8.014295934855711128e-04
3.795202668205029717e+00	3.635716249919710243e-04	1.651223131759798550e-04	1.174353216681848621e-04	7.348936495716734945e-04
3.875631176368202979e+00	3.317951594916183347e-04	1.493034239982797540e-04	1.051863131388219120e-04	6.737163799940733017e-04
3.957764137624104617e+00	3.027299572282113630e-04	1.349608635218380688e-04	9.418100877169582462e-05	6.175214523295291915e-04
4.041637673000112230e+00	2.761854166181369882e-04	1.219793516121358022e-04	8.431231606855262570e-05	5.659759476039268869e-04
4.127288669005872102e+00	2.518943851637707888e-04	1.102042757682599703e-04	7.544203197964764946e-05	5.186035780224618934e-04
4.214754793855508552e+00	2.296762877326630279e-04	9.952966343191644747e-05	6.747450623121212612e-05	4.750850193637543429e-04
4.304074514033643162e+00	2.093750768094335764e-04	8.986423690337887768e-05	6.032766827215928305e-05	4.351445943916777974e-04
4.395287111212434539e+00	1.908532630614378372e-04	8.112768885751726325e-05	5.392941660157802826e-05	3.985410506420866391e-04
4.488432699527177050e+00	1.739201128029839558e-04	7.321302827129767528e-05	4.818737856204507867e-05	3.649280313261812729e-04
4.583552243217979161e+00	1.584472174855689245e-04	6.604741954687025362e-05	4.303807125197525052e-05	3.340750119483016441e-04
4.680687574645305382e+00	1.443232968968013541e-04	5.956747785520137274e-05	3.842622745977510333e-05	3.057821737610851042e-04
4.779881412687339015e+00	1.314497054460449308e-04	5.371776191496089936e-05	3.430401635254945052e-05	2.798739759367687178e-04
4.881177381527165515e+00	1.196910260216322669e-04	4.842462522230017735e-05	3.060992699732881754e-05	2.561002756773062233e-04
4.984620029838152888e+00	1.089564065097548045e-04	4.363827589047672862e-05	2.730209483126549768e-05	2.342960533716511142e-04
5.090254850375883322e+00	9.916691776003138856e-05	3.931543325289494413e-05	2.434423556303705276e-05	2.143172351256172740e-04
5.198128299985286915e+00	9.025214229550982325e-05	3.541761885999753911e-05	2.170420607181267069e-05	1.960357416963227158e-04
5.308287820031761584e+00	8.211644927934575301e-05	3.189476172391951877e-05	1.934179819772579391e-05	1.792727707050403830e-04
5.420781857265304815e+00	7.469586635031299745e-05	2.871287365488637628e-05	1.722939793905368155e-05	1.639096986229314295e-04
5.535659885126738011e+00	6.793469749454804374e-05	2.584259594689744584e-05	1.534336507089532659e-05	1.498432317760787255e-04
5.652972425505520704e+00	6.178291553346758639e-05	2.325742688344665284e-05	1.366230316571327965e-05	1.369809312978223677e-04
5.772771070958623518e+00	5.617333125543495320e-05	2.092351452308360970e-05	1.216008227979159256e-05	1.251951561133413397e-04
5.895108507400270703e+00	5.106110341917182441e-05	1.881785050637140160e-05	1.081870784945000092e-05	1.144008660572108530e-04
6.020038537272556667e+00	4.640712224410353679e-05	1.692052542145425003e-05	9.622711549527085382e-06	1.045248685329620668e-04
6.147616103207036886e+00	4.217600546556699508e-05	1.521352839731334597e-05	8.558170363120637638e-06	9.550007526330659075e-05
6.277897312187818990e+00	3.832077744924862088e-05	1.367405753522711313e-05	7.608135799559409357e-06	8.723586728914143804e-05
6.410939460226692255e+00	3.481014111700699628e-05	1.228662345757323557e-05	6.760957613741683670e-06	7.967200515708059230e-05
6.546801057561175696e+00	3.161676103408945615e-05	1.103778976603697124e-05	6.006578507406509191e-06	7.275611717883516329e-05
6.685541854386596761e+00	2.871571700047334576e-05	9.915384232726691109e-06	5.335984964123327482e-06	6.644017767488662467e-05
6.827222867133428963e+00	2.607431959957559278e-05	8.904096806100433192e-06	4.738223827247052345e-06	6.065994874145586355e-05
6.971906405301561804e+00	2.367081259201295320e-05	7.993646873548354830e-06	4.205903742968790608e-06	5.537276693389248274e-05
7.119656098863218929e+00	2.148617445412404637e-05	7.174963431115242147e-06	3.732476813421063792e-06	5.054148663712537464e-05
7.270536926246596643e+00	1.950292106260915521e-05	6.439886508741422056e-06	3.312158492830543350e-06	4.613200239929469602e-05
7.424615242912579127e+00	1.769840692793231822e-05	5.778191639963138993e-06	2.937921088511263279e-06	4.209857436061052076e-05
7.581958810536977289e+00	1.605756483466493984e-05	5.183061272762722352e-06	2.605072635753402557e-06	3.841148515784493063e-05
7.742636826811277295e+00	1.456721390480460812e-05	4.648430225959305566e-06	2.309140911691969920e-06	3.504424402570356650e-05
7.906719955874896399e+00	1.321513091677621065e-05	4.168835865762488665e-06	2.047207822181444476e-06	3.197254265405232040e-05
8.074280359392364659e+00	1.198569585663479495e-05	3.737502282159414376e-06	1.814019453614927564e-06	2.916433345144865718e-05
8.245391728289099831e+00	1.086851049604437114e-05	3.349911263136209873e-06	1.606859155105936064e-06	2.659853314447586852e-05
8.420129315159766037e+00	9.854477752976237686e-06	3.001675804163347652e-06	1.422682717481016922e-06	2.425669149820936332e-05
8.598569967363353328e+00	8.935079270401242671e-06	2.690263595335741912e-06	1.260242924835304803e-06	2.212141404708504327e-05
8.780792160819700598e+00	8.099586517111335315e-06	2.410089083523332437e-06	1.115596607861202575e-06	2.017019355643689488e-05
8.966876034522190508e+00	7.340846437690922953e-06	2.158543968848706260e-06	9.867489142701255793e-07	1.838837589603474848e-05
9.156903425781846906e+00	6.652207649558615400e-06	1.932633872262849549e-06	8.732393636050103506e-07	1.676287872863719067e-05
9.350957906218383187e+00	6.028940661817047983e-06	1.730971696171634980e-06	7.728057812961726318e-07	1.528137831389125942e-05
9.549124818513869073e+00	5.462516751077177507e-06	1.549592062085024912e-06	6.829921603654185933e-07	1.392824856531088290e-05
9.751491313945386707e+00	4.948426454285134539e-06	1.386874011928545967e-06	6.038427611688092684e-07	1.269311870123861727e-05
9.958146390713055851e+00	4.482155646179185886e-06	1.241021923449249195e-06	5.341138269208793624e-07	1.156650143992340817e-05
1.016918093308028581e+01	4.060288915842661018e-06	1.110624211736737244e-06	4.717560544715592459e-07	1.054087130948247945e-05
1.038468775134352740e+01	3.677138618620174681e-06	9.935758181230387924e-07	4.167940605744198127e-07	9.604145772112213759e-06
1.060476162264905220e+01	3.329578048333862960e-06	8.882367506729827457e-07	3.681665593036872575e-07	8.749472932365092698e-06
1.082949933267470577e+01	3.014684007744695085e-06	7.947204176880013889e-07	3.250352514839578156e-07	7.970527059638032831e-06
1.105899971819510696e+01	2.729612336242053163e-06	7.107145539071525813e-07	2.869768106081704652e-07	7.261117937251589094e-06
1.129336371054865928e+01	2.470976208566852895e-06	6.349894719134109857e-07	2.532941176309413618e-07	6.613718116462800122e-06
1.153269438002595848e+01	2.236483545604216998e-06	5.675723464362611757e-07	2.235561662115878907e-07	6.023239967329289161e-06
1.177709698119876869e+01	2.024145309852218649e-06	5.071263226106579885e-07	1.972795148515471441e-07	5.485336523324867896e-06
1.202667899920963279e+01	1.831997975082391272e-06	4.532976614138613053e-07	1.740140338479719623e-07	4.995593461184817476e-06
1.228155019704247053e+01	1.657752223007803975e-06	4.049706688482542038e-07	1.534502476061256964e-07	4.548832057433346397e-06
1.254182266379493349e+01	1.499847381455135634e-06	3.616253001005554504e-07	1.353294930804548640e-07	4.141509955416973860e-06
1.280761086397376225e+01	1.356933609123657206e-06	3.230038937320425674e-07	1.191860975706579820e-07	3.770583094637683069e-06
1.307903168783481007e+01	1.227659597596099427e-06	2.884331858137758484e-07	1.051529576928696602e-07	3.432985834647014230e-06
1.335620450278989146e+01	1.110481733100805724e-06	2.575015542309254760e-07	9.263926461068700299e-08	3.125091642198712144e-06
1.363925120590300821e+01	1.003916628304806291e-06	2.299041516208268268e-07	8.173392823408856581e-08	2.844503846978017926e-06
1.392829627749924271e+01	9.083209600713137800e-07	2.052318920499234598e-07	7.181067773811826117e-08	2.589069885822250287e-06
1.422346683590943783e+01	8.214969860564443329e-07	1.831428120662047773e-07	6.332233463758931740e-08	2.356641882545456722e-06
1.452489269337533528e+01	7.423793068168148135e-07	1.633998470722108507e-07	5.582601936184605864e-08	2.144751339318340364e-06
1.483270641313931115e+01	6.712041266519283973e-07	1.458113476579290526e-07	4.921723395717763896e-08	1.951680902822190589e-06
1.514704336774399174e+01	6.071944630064351370e-07	1.299508055637957747e-07	4.321185956170636672e-08	1.776011088696522613e-06
1.546804179856737527e+01	5.485640764947975244e-07	1.160094853380807361e-07	3.807617659402096284e-08	1.616181106875622796e-06
1.579584287661962527e+01	4.958203083047079873e-07	1.034373085622970853e-07	3.354563263147145631e-08	1.470521488582192386e-06
1.613059076462826624e+01	4.481472267906477592e-07	9.235741059817194370e-08	2.955460643061893001e-08	1.337846750113433059e-06
1.647243268043913034e+01	4.048857085608149189e-07	8.214078655937329116e-08	2.592929473659185616e-08	1.217147714195717586e-06
1.682151896176083383e+01	3.660144128673160479e-07	7.330960281866767817e-08	2.283316985670309987e-08	1.107376628075589966e-06
1.717800313228151410e+01	3.307094721736175262e-07	6.541925475115561366e-08	2.010216815104911659e-08	1.007347227112075141e-06
1.754204196918641045e+01	2.986849924513829856e-07	5.838494609072912584e-08	1.769947018173991803e-08	9.159083148898001427e-07
1.791379557210657580e+01	2.698586078102275509e-07	5.190100593324660854e-08	1.551792645959655666e-08	8.334361936778027901e-07
1.829342743352862044e+01	2.438987829637752987e-07	4.629896628060553033e-08	1.365585705898737352e-08	7.581112473255640227e-07
1.868110451069663469e+01	2.202983489463270696e-07	4.129736831024833675e-08	1.201520280639875375e-08	6.890976721673403804e-07
1.907699729903783492e+01	1.988778926070882013e-07	3.683971019937403068e-08	1.057206449466453220e-08	6.265361063046385297e-07
1.948127990714428748e+01	1.796266779864158358e-07	3.273353906376695219e-08	9.263213851728471121e-09	5.697628724029561552e-07
1.989413013334363711e+01	1.621786464111615970e-07	2.918742567673115487e-08	8.146618875907685750e-09	5.182276780525470620e-07
2.031572954389253738e+01	1.464178855437575263e-07	2.602259846190550736e-08	7.163217857706019694e-09	4.711872997677143686e-07
2.074626355282718393e+01	1.323738011154450957e-07	2.320450408736215998e-08	6.299469863245207138e-09	4.283001221401406577e-07
2.118592150350598402e+01	1.194070852785182725e-07	2.060876435890644517e-08	5.516028378219257827e-09	3.894060289179017938e-07
2.163489675188052530e+01	1.077584022103645569e-07	1.836843566233207527e-08	4.848253191986570635e-09	3.539903705687185945e-07
2.209338675153079734e+01	9.738331727987829836e-08	1.637020370025243642e-08	4.260670074202984549e-09	3.219233889386419641e-07
2.256159314050291798e+01	8.802226114594167194e-08	1.459104517720799207e-08	3.744492870006266644e-09	2.925378046641891586e-07
2.303972182998693796e+01	7.926629997171887307e-08	1.295346806683092489e-08	3.276919296756667910e-09	2.659153691967044738e-07
2.352798309487394945e+01	7.161988738226654065e-08	1.154079135979897451e-08	2.878631798417679351e-09	2.416659920816352742e-07
2.402659166623228870e+01	6.470962240064851009e-08	1.028103056076425866e-08	2.528216460411814485e-09	2.196139491610036758e-07
2.453576682574353285e+01	5.847668107903919436e-08	9.160353011001775775e-09	2.220824458865663035e-09	1.996402474712716376e-07
2.505573250213976877e+01	5.264734785630213100e-08	8.128902529133521093e-09	1.942360799593213407e-09	1.814296381338858536e-07
2.558671736968459953e+01	4.755829425065630173e-08	7.239365514505779406e-09	1.705224407984470865e-09	1.648312189255272246e-07
2.612895494874115698e+01	4.296037506837255175e-08	6.446904683212944346e-09	1.496949456364384001e-09	1.497515512714585639e-07
2.668268370847132687e+01	3.881434606336622091e-08	5.741936833112343432e-09	1.314192841646388055e-09	1.362380703661703260e-07
2.724814717171165412e+01	3.493715995936935334e-08	5.093378460844486274e-09	1.148760571834482210e-09	1.236683143944573343e-07
2.782559402207125743e+01	3.155335787353767625e-08	4.534451075012988930e-09	1.008038859323037510e-09	1.123129050851047825e-07
2.841527821329990999e+01	2.849685862527827715e-08	4.036456983274362325e-09	8.843821567547458839e-10	1.021412603982981502e-07
2.901745908097360527e+01	2.574152021161279762e-08	3.593725482972297635e-09	7.759837211422657736e-10	9.290851011691397014e-08
2.963240145654703639e+01	2.316502799497660655e-08	3.186683114754683378e-09	6.779789782513446056e-10	8.420602936467402692e-08
3.026037578382308624e+01	2.091704636312983655e-08	2.835870585786027622e-09	5.945782357143689184e-10	7.656580445516463140e-08
3.090165823789054755e+01	1.888696062649620934e-08	2.523478426640110114e-09	5.213570560113172816e-10	6.961934649066607661e-08
3.155653084658241525e+01	1.705738143251243750e-08	2.245994762092660371e-09	4.572646534591478445e-10	6.331656255253930797e-08
3.222528161450811979e+01	1.534663607167208143e-08	1.990770713423100230e-09	3.992658070105550550e-10	5.737340749275653439e-08
3.290820464971425707e+01	1.385442587393280882e-08	1.770950391430153766e-09	3.499613466682264202e-10	5.215783449790891200e-08
3.360560029302952501e+01	1.250713671517644118e-08	1.575364379142774427e-09	3.067360763444939987e-10	4.741735046604771787e-08
3.431777525015100849e+01	1.129321686177770965e-08	1.401591185623713746e-09	2.688717955956248484e-10	4.311617429942960410e-08
3.504504272652905428e+01	1.015816726151551077e-08	1.241825353620982726e-09	2.346350335559043515e-10	3.906014216567761223e-08
3.578772256511129513e+01	9.168372658423421991e-09	1.104335798044098395e-09	2.055709359898738535e-10	3.550229961812207676e-08
3.654614138700539883e+01	8.274878287881328132e-09	9.819914052971042411e-10	1.800803106929220886e-10	3.226796556259467807e-08
3.732063273512289925e+01	7.470019984119240473e-09	8.733284168822648835e-10	1.577611030781601443e-10	2.933410739792223246e-08
3.811153722086707774e+01	6.717452908359414783e-09	7.734870700160690798e-10	1.376047988102386732e-10	2.656758727250531636e-08
3.891920267392951160e+01	6.061358891136301381e-09	6.875887869217790660e-10	1.204985031629570033e-10	2.414151876013720760e-08
3.974398429526115706e+01	5.469203593760127071e-09	6.111516212607952899e-10	1.054922624047062211e-10	2.193588033597121146e-08
4.058624481328516254e+01	4.935908120798358816e-09	5.433128318868509355e-10	9.236962782215935276e-11	1.993585374671238010e-08
4.144635464342010778e+01	4.437247392172201012e-09	4.810046304397687539e-10	8.052753960044805418e-11	1.804977592400848966e-08
4.232469205098434628e+01	4.002614732948521972e-09	4.273881879357745674e-10	7.047139024613104648e-11	1.639573434336335845e-08
4.322164331755172384e+01	3.610401453614259300e-09	3.797044267477894204e-10	6.165840958092928290e-11	1.489232262642897367e-08
4.413760291083362119e+01	3.257245596148584140e-09	3.374096664455697055e-10	5.395899542513075066e-11	1.352949052774171118e-08
4.507297365816076251e+01	2.927007955011262785e-09	2.985737279875245811e-10	4.701500400453512857e-11	1.224412326549695819e-08
4.602816692364147144e+01	2.639236558252719981e-09	2.651558141239839492e-10	4.111715876558933557e-11	1.111695993876831916e-08
4.700360278907441369e+01	2.379587099003712605e-09	2.354514158702434749e-10	3.595311407297885970e-11	1.009261983882593990e-08
4.799971023869517950e+01	2.145836429339520398e-09	2.091212801394685576e-10	3.144653958846210797e-11	9.164339946139526781e-09
4.901692734783804895e+01	1.927236762383631464e-09	1.849285219417713070e-10	2.737711178315141668e-11	8.288482512203434737e-09
5.005570147559598126e+01	1.736784514818608003e-09	1.641265450073044656e-10	2.392527119476958733e-11	7.520607304322376574e-09
5.111648946156338980e+01	1.564962231251024804e-09	1.456439767643725254e-10	2.090503988220999609e-11	6.822874658003341212e-09
5.219975782674825382e+01	1.410301180343250862e-09	1.292689246726987483e-10	1.827145748728091542e-11	6.190698101228946733e-09
5.330598297874255564e+01	1.265646470374382007e-09	1.142210841911056692e-10	1.589296235881558237e-11	5.594057848792253184e-09
5.443565142123959077e+01	1.139636313991884206e-09	1.012875260340242521e-10	1.387672056899875558e-11	5.071048449348018000e-09
5.558925996799251124e+01	1.025958509825355312e-09	8.979948307449581638e-11	1.211351868684413778e-11	4.595818083015409670e-09
5.676731596130657209e+01	9.236434603441428421e-10	7.962556532216676956e-11	1.057709623712459741e-11	4.165302742779761421e-09
5.797033749516177181e+01	8.279293974814738511e-10	7.027636429146716680e-11	9.189762574657969383e-12	3.758871375897939184e-09
5.919885364306400533e+01	7.445562687577207084e-10	6.224276132141265338e-11	8.014223802311131653e-12	3.402600168557262542e-09
6.045340469072480261e+01	6.693390341938423162e-10	5.510854745405680152e-11	6.986658924051035848e-12	3.078850065119090591e-09
6.173454237367209174e+01	6.016378246171724705e-10	4.879154417156505244e-11	6.091584121591724402e-12	2.785536050347507944e-09
6.304283011989645757e+01	5.382840122994774229e-10	4.298786127955266526e-11	5.283919870195375024e-12	2.508550380914044942e-09
6.437884329763940627e+01	4.830904946809827692e-10	3.800092878376610654e-11	4.599653639035557990e-12	2.265696593135797088e-09
6.574316946843353549e+01	4.332829567793145680e-10	3.357196245520721874e-11	4.001567338381657767e-12	2.044923490643837728e-09
6.713640864550379206e+01	3.884387915653340936e-10	2.964948568324069339e-11	3.480503963641516746e-12	1.844820480680201694e-09
6.855917355764610477e+01	3.464491484546081014e-10	2.604931124314033145e-11	3.011472786728381332e-12	1.655803172968155511e-09
7.001208991869765441e+01	3.098454387522722072e-10	2.295328693188720158e-11	2.613685416251571565e-12	1.489939632036829204e-09
7.149579670271769771e+01	2.767878730916429666e-10	2.020230624644860387e-11	2.265899746228506878e-12	1.339012048208668360e-09
7.301094642500031284e+01	2.469960310840494244e-10	1.776412196317827474e-11	1.962727213185123717e-12	1.202041072036784945e-09
7.455820542904223203e+01	2.190647486546184244e-10	1.552457767086023765e-11	1.689734597804790225e-12	1.072498027164021280e-09
7.613825417959219521e+01	1.946720351892327938e-10	1.359903940226447139e-11	1.458669559282375695e-12	9.586760831939200731e-10
7.775178756191070306e+01	1.725950667357299657e-10	1.188433692396849009e-11	1.256179451969826111e-12	8.548154388709857369e-10
7.939951518737163383e+01	1.526438561803740531e-10	1.036130733923598158e-11	1.079362966399205665e-12	7.602632130016153612e-10
8.108216170554010205e+01	1.338768739877240184e-10	8.958166344861122976e-12	9.197085183260461860e-13	6.705160615790512920e-10
8.280046712286477373e+01	1.173989736130801087e-10	7.747239447529176069e-12	7.842536272460823196e-13	5.911979073553694556e-10
8.455518712812224180e+01	1.023872778106701972e-10	6.664736383017579819e-12	6.653733093623175533e-13	5.183841532492861133e-10
8.634709342475994731e+01	8.869825493046132554e-11	5.695507478068670425e-12	5.608146061919964272e-13	4.514324130029209063e-10
8.817697407028136070e+01	7.567857120333187684e-11	4.793712918085412124e-12	4.655649242905289486e-13	3.871495132227357754e-10
9.004563382282356088e+01	6.401964244672660825e-11	4.001677366962710553e-12	3.834708734115318906e-13	3.291307124965447109e-10
9.195389449507966617e+01	5.310653187778312043e-11	3.276343558715933232e-12	3.098553216230697650e-13	2.743633509488144244e-10
9.390259531572145590e+01	4.271674954693105154e-11	2.601958813531187336e-12	2.429496710284436027e-13	2.217368971739758967e-10
9.589259329848152902e+01	3.214376831603817813e-11	1.933874941385890692e-12	1.783562741115871253e-13	1.676611967068843159e-10
9.792476361905691817e+01	2.107552236313634059e-11	1.252546742389276874e-12	1.141225656968325271e-13	1.104227468316782911e-10
